$coord
    0.12052862203652      0.25371179507519     -0.33623046581521       v
   -0.93538570848724     -1.08713922016520      2.80894239279869       o
    1.10969990449196      2.25146468188833     -3.02242872166736       o
   -0.77399081411490     -2.87927837715020     -2.20646879104956       o
   -3.52543980131374     -2.84506866509289      5.65994498689955       o
    1.57389922204662      5.81987742222305     -5.27159209507955       o
   -0.15933490392249     -6.83377822767996     -3.56536631284715       o
   -4.47118574431366      0.87353818492069     -0.64055215010401       p
    1.17659167400640      4.22336233584680      1.84236089645235       p
    4.05621473720197     -2.11784517108719      0.13428110391782       p
   -5.31165409997619     -1.61143938742822      1.67352615032231       c
   -3.18350519718749     -1.89657638311420      3.61481553227423       c
    2.66965427053767      5.91080083888065     -0.85188135659995       c
    1.71619900083450      4.70627995759640     -3.29511109937531       c
    2.70459379482480     -5.28781898435011     -0.42820702684278       c
    0.44747297366902     -5.05135849907833     -2.25636587556848       c
   -5.94941852609926      2.96129627046685      0.13861689154110       h
   -5.82031753943778      0.18384068335065     -2.83369591532196       h
    2.97759893775506      4.51304072135855      3.80007124254796       h
   -0.54983792612854      6.06739866348238      2.75049656523139       h
    5.87950735218085     -1.86860692466986     -1.79628805069443       h
    5.67653829406592     -2.42816125561998      2.23559513982818       h
   -7.12524599486033     -1.35093780638265      2.62205773860443       h
   -5.37631542574421     -3.39799459268378      0.62008981766745       h
    2.36126967507816      7.95058010089831     -0.89198134499171       h
    4.71466939673237      5.57832884935727     -0.76770860858193       h
    4.04475298133050     -6.69203535118138     -1.12702510258690       h
    1.95244065582090     -5.94548165966115      1.39010445904083       h
$end
