$coord
    2.60152265171203     -0.43709270805941     -0.45371152652848      ru
   -0.17397895858999      0.41921967836057     -2.34738472339544       c
   -1.78477942961504      1.13209334805658     -3.64354182603199       o
    0.87864724847469      1.27831204088437      2.58281814251779       c
    2.02961499210423      2.51839095381677      4.43895929982549       n
    0.15515709740333      3.23059509354637      6.10272558162533       c
   -2.15841135491422      2.42906737929736      5.26206900924066       c
   -1.67582197859268      1.22719003589064      3.00386802063130       n
   -2.88870452003884      0.19544322381850      1.94217736425848       h
   -4.04099998524444      2.61159659271663      6.02911148936320       h
    0.57784952546549      4.28917828427775      7.80027789888504       h
    1.40216280145024     -3.71406035792726      0.33392103151673       c
   -1.07009256770122     -4.90124621454072      0.28433915331562       c
   -3.15100549830151     -3.45405388512668     -0.06592574151887       n
   -5.39821621770781     -4.57226662787063     -0.12183952505007       c
   -5.75056737018529     -7.17005669253876      0.15889932205047       c
   -3.63387171950049     -8.67340922577083      0.54931220432031       c
   -1.27815141416367     -7.53137232781233      0.62637164525520       c
    0.41668593357095     -8.64782233402603      0.93309743912138       h
   -3.81740324365695    -10.70346565789807      0.79234496808539       h
   -7.63599058970439     -7.97389025060660      0.08118471306774       h
   -7.02134431711522     -3.33636854501919     -0.40853592273514       h
    2.86692807205433     -5.06761921444655      0.91694311533405       h
    6.12162227596657      2.13955888016432      0.45647317228888       c
    5.56579335110106      2.44759973444152     -2.12551084511694       c
    5.81745762791883      0.02615607725391     -3.31570627955852       c
    6.66676876801493     -1.72980824147545     -1.44698805001984       c
    6.81738126305807     -0.44061780317468      0.89470028294167       c
    7.36035645978776     -1.23249695377003      2.69832576223778       h
    7.06689257490059     -3.70864629257654     -1.77089693457629       h
    5.53107057840057     -0.37619118139149     -5.29949220057507       h
    4.95457031738898      4.17291515205263     -3.03367845026750       h
    5.92822241300801      3.55365171162003      1.91750698968475       h
$end
