$coord
   -0.00000000000000     -3.81742100708253     -0.64392190973173      si
   -0.00000000000000     -0.00000000000000      1.64347667033119      si
    0.00000000000000      3.81742100708253     -0.64392190973173      si
   -0.00000000000000     -6.17182965351536      1.21001166951569       f
   -2.42376102833581     -4.00162470682197     -2.39895100300138       f
    2.42376102833581     -4.00162470682197     -2.39895100300138       f
    2.45322223658394     -0.00000000000000      3.41007391105320       f
   -2.45322223658394     -0.00000000000000      3.41007391105320       f
    2.42376102833581      4.00162470682197     -2.39895100300138       f
    0.00000000000000      6.17182965351536      1.21001166951569       f
   -2.42376102833581      4.00162470682197     -2.39895100300138       f
$end
