$coord
    3.34165618769209      0.99450427855536      4.08186512374459       f
    1.61109073295799      0.99652004941387     -0.23618874265487       n
    1.20895417877563      0.06647432901322      2.97378660426865       b
    2.42841844734572      2.74128622906633     -0.26878632935417       h
    2.83143788157411     -0.30546723626633     -0.96214026200523       h
   -0.77623070649193      1.10795077398982     -1.65648573395455       c
   -0.99806641230270      1.19812926060859      3.66957922848520       f
    1.09943245553207     -2.51639521405520      2.81323018137838       f
   -1.56374288898292      3.12698329978897     -2.31857150223589       o
   -2.05048115901389     -1.38838783182805     -1.99634466290411       c
   -0.71675535613124     -2.87958470175521     -2.51660894208004       h
   -2.87608114951778     -1.93729790242877     -0.17695754490964       h
   -3.53963221143715     -1.20471514512999     -3.40637760675092       h
$end
