$coord
   -0.00001096041153     -0.00000000000000      0.00000000000000      tc
   -2.30902611762870      0.00000000000000     -3.49836437229957       c
    1.86815660293406      1.35726574328786     -3.49857299806387       c
    1.86815660293406     -1.35726574328786     -3.49857299806387       c
   -0.71353923123756     -2.19601482612104     -3.49846414983902       c
   -0.71353923123756      2.19601482612104     -3.49846414983902       c
   -4.35517337874544     -0.00000000000000     -3.56205248911276       h
    3.52340040887866      2.56002917927502     -3.56229286227597       h
    3.52340040887866     -2.56002917927502     -3.56229286227597       h
   -1.34591529228521     -4.14196465064467     -3.56199806500033       h
   -1.34591529228521      4.14196465064467     -3.56199806500033       h
   -2.30902611762870     -0.00000000000000      3.49836437229957       c
    1.86815660293406      1.35726574328786      3.49857299806387       c
    1.86815660293406     -1.35726574328786      3.49857299806387       c
   -0.71353923123756     -2.19601482612104      3.49846414983902       c
   -0.71353923123756      2.19601482612104      3.49846414983902       c
   -4.35517337874544      0.00000000000000      3.56205248911276       h
    3.52340040887866      2.56002917927502      3.56229286227597       h
    3.52340040887866     -2.56002917927502      3.56229286227597       h
   -1.34591529228521     -4.14196465064467      3.56199806500033       h
   -1.34591529228521      4.14196465064467      3.56199806500033       h
$end
