$coord
   -0.40359032049103      0.01657970113826      1.06163094102725      zr
   -1.13502488019570     -0.05276304316147      5.48900735353660      cl
    4.66188840117270     -0.72996189613476      1.17436708841098       s
    1.70427766356921     -0.11269646313509     -3.54893117575751       s
    1.66377327378650      4.65326293524361      1.14554441862079       s
   -3.57993988073015      3.67229287520200     -0.38823799647154       s
   -4.47308832057722     -2.44623006094546     -0.64839583633481       s
    0.24218257598103     -5.01248796650409      0.76488214521541       s
    4.46507512591292     -0.57553914630395     -2.00093310691043       c
    6.19633354321739     -0.78326634583130     -3.10958742593693       h
   -1.22041990307196      5.70621474211979      0.32174325841616       c
   -1.57992159023727      7.74152801438408      0.23767633506119       h
   -2.80791022438872     -5.12209623920422     -0.12408470866026       c
   -3.73363508600248     -6.95483691789480     -0.37468110124428       h
$end
