$coord
   -0.03017911520336     -0.00000226767135      0.00000944863063      mn
   -2.33139915215116      0.69492561786998     -3.07580649273759       b
    2.33090064239915      0.76686276716797     -3.28101336453081       b
    1.42577474042085     -1.92735680917082     -3.12644586167876       c
   -1.28595730587196     -1.90095261087658     -3.11372252464564       n
   -0.04204565041100      2.28169330791619     -3.27793197710991       n
   -4.49801116256137      1.28000882597283     -3.41704473278645       h
    4.41025152538376      1.66108116994753     -3.40881232989154       h
    2.35335644692592     -3.75476146819968     -3.01190578173524       h
   -2.26807405172677     -3.51148341798346     -2.84795352099671       h
   -0.07963494867188      4.18259810872178     -3.16675220816347       h
   -2.33138346742432     -0.69498646705123      3.07578287116101       b
    1.42571861555491      1.92738383225442      3.12643263359588       c
    2.33091651609861     -0.76680645332942      3.28101166377730       b
   -0.04202543034145     -2.28170370140988      3.27792271745189       n
   -1.28602458012204      1.90092709957388      3.11372517026221       n
   -4.49804668941254     -1.28000334576706      3.41701204052447       h
    2.35337685596808      3.75475390929518      3.01192373413344       h
    4.41023187223205     -1.66107323309781      3.40886202968865       h
   -0.07967142038611     -4.18259905358484      3.16676222371194       h
   -2.26807461864461      3.51149456736761      2.84794445031130       h
$end
