$coord
    0.17807664072141      1.16117207573683     -3.29386180143347      li
    4.37097451271983      2.29850809098451     -1.14021728067186      cl
   -5.94568480521969      0.91973291801373     -1.00011336364228       s
    1.13696014872125     -3.32476902811315     -0.68770289564414       f
    2.50628801387078      2.24464201468335      1.57028965617352       o
   -1.28951528222182     -1.84447720074076     -0.91147519278874       o
   -1.60630292284539      4.03769447630501     -0.86879308261854       n
   -3.45721275131874      2.80165995522728     -0.91640057496331       c
   -3.26294134667092     -1.42865543892718      2.14661625135414      li
   -3.06453843379402     -1.98379423581151     -4.10622633912411      li
    1.46846214182420     -1.28761818616402      2.31267914720270      li
    4.81064083879011     -2.71327047233191      4.34459147935820       h
    5.38559209129629     -2.72665048919378      3.05792930564127       h
   -0.99775328468364     -1.23568775633362      4.47588454832573       h
   -1.19273957272489     -0.13451939838230     -5.98983220902792       h
    0.95969363359002      3.21603305299274      1.00663272980405       h
$end
