$coord
    0.52359095304797      3.09748278523742     -0.07317643169136      tc
   -0.89877982370228     -5.60105677444617      1.57517837766124      tc
    0.31775347964653      6.87321454425630     -2.17046062663823       n
    1.07427963387840     -5.93435041688910     -1.23016522070327       c
    1.61403398139910     -7.50240169246649      3.57922632014501       c
   -2.59394333816623     -8.60751107425339      0.64597150668789       c
   -3.72986092498382     -3.32235565887775      0.01124027996951       c
    0.64814506967790      0.09906171119144      1.79399789160245       c
   -0.43476267574616      1.24129608553009     -3.20094321193214       c
    1.49396664150991      5.54358075432669      2.91792667793204       c
   -3.09410017547205      3.58558411472301      1.02603284718523       c
    4.20332897124082      2.82595408532934     -0.79722613066861       c
   -1.41110952082074      7.25937365301673     -2.90639008890599       h
    0.71783193310517      8.22238677951951     -0.85743450579354       h
    1.58906351831658      7.04731350045528     -3.59571682621013       h
    2.75406266740359     -6.05569124321454     -3.65959145899194       s
    3.05626615767786     -8.64469200269847      4.72416867202209       o
   -3.61953644608197    -10.42301763964831      0.03774085429618       o
   -5.21901745761284     -1.85862236771102     -0.68985415986588       n
    0.70082817742425     -1.79454629012418      2.94904290832124       o
   -0.92694203421146      0.21941288794474     -5.03988143642525       o
    1.99115868749678      7.15126998025805      4.33342867815985       n
   -5.08418379777580      3.93017076049437      1.75803867109777       o
    6.32792953528291      2.64814540777259     -1.13115415417201       o
$end
