$coord
    0.65088082619038      0.14979991280900     -0.77036253995315      re
    6.49950495121336      0.57718755440358     -0.99855358369796       o
    4.31964388196180      0.39190860049850     -0.90818499063092       c
    0.69810168056979     -4.42469451319146     -0.61251768508094       p
   -3.92825608998360      0.44882412784904     -0.55572461198336       p
    0.48235656206283      0.24215574187004     -4.42518130664150       c
    0.37121402072107      0.35908859303419     -6.61205269290233       o
    0.84055074772162      0.60821553458270      3.84357330488419       p
    0.36621890765246      4.19819364049367     -0.48492451089532       c
   -0.30128791796627      5.34975286840062      1.42124544484227       o
    0.83301716554808      5.39339741608674     -2.17266215757491       h
   -1.56986635752132     -5.83741124608229     -0.86940478696549       h
    2.12885830597637     -5.84956124020881     -2.36957710010027       h
    1.56578114758233     -5.71156606856313      1.57793473218849       h
   -5.51920309832986     -1.68139251326663     -0.20742314259369       h
   -4.94297646966131      1.99117040379876      1.37905390757435       h
   -5.23361502501764      1.51974647429215     -2.62439570776740       h
   -1.35141609606512      1.28971332551981      5.20273085299670       h
    1.59095607903167     -1.46252840178885      5.37276292960012       h
    2.49953715625858      2.44800016740760      4.81366364470111       h
$end
