$coord
    0.19996647227347     -0.11435772137237      5.77907653441119      rb
    6.31946715271848      1.41229324526601     -0.16042829945894       h
   -2.97487149603754     -2.65484410894370     -1.49543458076451       h
   -3.71466431439710     -0.83592677686414      0.32246437790580       p
    3.72218561335083      0.82587778024440      0.08174539480929       p
    2.87075212184272      2.71603533062672     -1.61004873797217       h
   -3.82986050725154      1.20550448373279     -1.40380402859059       h
   -6.32365365197782     -1.41127713952811      0.21625156510871       h
    3.73067860947850     -1.14330509316159     -1.72982222544878       h
$end
