$coord
   -0.00000000000000     -0.00000000000000      6.08783265002705      se
   -0.00000000000000      0.00000000000000      2.66389173968932       c
   -2.32987584392107      0.00000000000000      1.26385998239127       c
   -2.33145905646936      0.00000000000000     -1.30197178992596       c
   -0.00000000000000     -0.00000000000000     -2.71716349712389       c
    2.33145905646936     -0.00000000000000     -1.30197178992596       c
    2.32987584392107     -0.00000000000000      1.26385998239127       c
   -0.00000000000000     -0.00000000000000     -5.87538056826709       s
   -4.08776957302499      0.00000000000000      2.32132351039305       h
   -4.08690747996635      0.00000000000000     -2.36280205399366       h
    4.08690747996635      0.00000000000000     -2.36280205399366       h
    4.08776957302499      0.00000000000000      2.32132351039305       h
$end
