$coord
    0.00000000000000      0.00000000000000      2.47243905053090      sn
    0.00000000000000     -1.43453267615137     -1.34666305691323       c
    0.00000000000000      1.43453267615137     -1.34666305691323       c
    2.76393554154840      0.00000000000000      4.06266852986717       h
   -2.76393554154840      0.00000000000000      4.06266852986717       h
    1.71606483027956     -2.37169756178615     -1.97611249910969       h
   -1.71606483027956     -2.37169756178615     -1.97611249910969       h
   -1.71606483027956      2.37169756178615     -1.97611249910969       h
    1.71606483027956      2.37169756178615     -1.97611249910969       h
$end
