$coord
   -0.11147210957811      0.21952060233392      1.92132234673296      sc
   -4.20744876316791      1.15543354441028     -0.99353390418971       h
   -1.06190476234289     -3.02212390884325     -1.85734132237026       h
    2.44982280825604      3.04024222499323     -1.36924018185729       h
   -3.13056811024982      2.50332246666139     -0.39475226037277       o
    3.27165147233045      1.00748953162954      4.86971159878725       o
    2.58157829320658      2.07274118791402      0.15703624106294       o
   -2.19660971190548      2.03815825494685      4.49502728500856       o
   -1.35003565113014     -2.71833361554105     -0.09335076986633       o
    0.21838336515134     -3.38110856694051      4.45829800110758       o
   -3.07569858937580      1.30008263071789      5.89892768963158       h
    2.29987549680922      2.15670984551045      5.90909498310680       h
    1.90986928360167     -3.76217883221648      5.01532236672034       h
   -0.15306630441763     -4.44019140125958      2.99171897136784       h
    4.00330958663583      2.05363416705497      3.53376291106269       h
   -3.83996978613470      3.00977379271999      1.23590620867378       h
$end
