$coord
    0.00000000000000      0.00000000000000     -2.78974504303082      as
   -2.27995986214089      0.00000000000000      7.49432368019607       c
    0.00000000000000      0.00000000000000      8.81026205797339       c
    2.27995986214089      0.00000000000000      7.49432368019607       c
    2.23411907475123      0.00000000000000      4.88684858016005       c
    0.00000000000000      0.00000000000000      3.67371451616652       n
   -2.23411907475123      0.00000000000000      4.88684858016005       c
    0.00000000000000      0.00000000000000      1.70294880815747       h
   -2.65845291892635      0.00000000000000     -5.04909517409734       c
    2.65845291892635      0.00000000000000     -5.04909517409734       c
   -2.33471562150213      0.00000000000000     -7.64460830775636       c
    0.00000000000000      0.00000000000000     -8.86896337651292       c
    2.33471562150213      0.00000000000000     -7.64460830775636       c
   -4.07851445035074      0.00000000000000      8.47504845378654       h
    0.00000000000000      0.00000000000000     10.86190105218463       h
    4.07851445035074      0.00000000000000      8.47504845378654       h
    3.91566125432703      0.00000000000000      3.71359038303975       h
   -3.91566125432703      0.00000000000000      3.71359038303975       h
   -4.56649559325472      0.00000000000000     -4.28953827710474       h
    4.56649559325472      0.00000000000000     -4.28953827710474       h
   -4.02196590781385      0.00000000000000     -8.82094619154405       h
    0.00000000000000      0.00000000000000    -10.92136374138028       h
    4.02196590781385      0.00000000000000     -8.82094619154405       h
$end
