$coord
    0.00000056691784     -0.00000075589045     -0.10934352206989      mn
   -0.00000000000000     -3.50964717110692     -0.37292441183763       c
   -0.00000000000000      3.50964924980566     -0.37292422286502       c
    0.00000000000000     -0.00000000000000     -4.88047491188258      br
   -0.00000000000000      0.00000000000000      3.30471714419114       c
   -3.50964754905214      0.00000000000000     -0.37292365594718       c
    3.50964622624386      0.00000000000000     -0.37292384491979       c
    0.00000000000000     -0.00000000000000      5.47450351654764       o
    5.65404904138672     -0.00000000000000     -0.57442666453363       o
    0.00000000000000     -5.65404790755104     -0.57442628658840       o
   -5.65404809652365     -0.00000000000000     -0.57442685350624       o
    0.00000000000000      5.65404677371537     -0.57442628658840       o
$end
