$coord
   -0.03041155151685     -0.61283969441279      0.00040118885653       w
    6.03475780205480     -0.59299454652896     -0.00011413945800       o
    3.85061782593635     -0.59379522348851      0.00061775147056       c
   -0.09176888012633     -4.43622014180599     -0.00014796555566       c
   -0.11222365365838     -6.63883219080518     -0.00194150462176       o
   -3.88642719115924     -0.49057271331305      0.00032503289366       c
   -6.07834282336796     -0.40838077622020     -0.00004044013909       o
    0.00121018061103     -0.13968609858314     -3.83299537392181       c
    0.02432304291178      0.27989924178279     -5.98472598006310       o
    0.00082618826225     -0.14032822752072      3.83367000614876       c
    0.02408588228298      0.27920420051369      5.98539456516645       o
    0.09851255677925      3.70437003132622     -0.00039967707563       c
    1.95571385044358      5.07292121903801      0.00047526612067       o
   -1.79061150238482      4.71706084514471     -0.00051891879417       h
$end
