$coord
    0.00000075589045      0.00000018897261     -1.62089765566101      ti
    3.11308757666733      1.15465705594515     -3.74349435411918       c
   -3.11319963742660     -1.15469862991992     -3.74356673062980       c
    4.86266972335167      1.80294064254808     -4.91063645263297       n
   -4.86255879642808     -1.80289963549115     -4.91056445406758       n
   -0.99357188768484      2.68885256516860      0.82045861263313       c
    0.99357283254790     -2.68885218722338      0.82045880160574       c
    0.48791141200993     -1.32203614604040      2.92786984988873       c
   -0.48791160098254      1.32203614604040      2.92786984988873       c
   -1.70336454790517      4.61301006800826      0.89653142755767       h
   -0.77656726671496      2.10681654044378      4.81638692902116       h
    0.77656764466018     -2.10681635147117      4.81638692902116       h
    1.70336435893256     -4.61301025698087      0.89653142755767       h
$end
