$coord
    0.05668857124282     -0.00736520757573      0.00000018897261       w
    3.83129480938111      1.84642758707531      1.34976617618459       c
    3.83100152388637     -0.72102840484714      2.18379812466227       c
    3.83076568606585     -2.30770028577877     -0.00000000000000       c
    3.83100114594114     -0.72102821587453     -2.18379831363489       c
    3.83129462040849      1.84642777604792     -1.34976598721197       c
    3.87796235195085      3.50123051991474      2.55220495722331       h
    3.87758894206837     -1.35298891511971      4.12920805443173       h
    3.87743757500568     -4.35311849055613     -0.00000018897261       h
    3.87758818617792     -1.35298853717448     -4.12920824340434       h
    3.87796197400562      3.50123070888735     -2.55220476825070       h
   -3.28452145211095     -2.32745113632892      1.34954602309092       c
   -3.26271136700140      0.00992200702408      2.70082001175136       c
   -3.24060270516395      2.35033439690537      1.35131235010080       c
   -3.24060251619134      2.35033420793276     -1.35131235010080       c
   -3.26271117802878      0.00992181805147     -2.70082001175136       c
   -3.28452145211095     -2.32745113632892     -1.34954583411830       c
   -3.13874287649788      4.12622852324901      2.37823525829134       h
   -3.17122859141052      0.00695097960893      4.75275947241662       h
   -3.13874268752527      4.12622833427640     -2.37823544726395       h
   -3.17122821346530      0.00695079063631     -4.75275947241662       h
   -3.20248598434133     -4.10553356552636     -2.37432125753936       h
   -3.20248617331394     -4.10553356552636      2.37432144651197       h
$end
