$coord
   -0.00000075589045      0.00000188972613     -0.00000453534270      pt
    2.11180126001870     -2.11180031515564      2.11180277179960       b
   -2.11180239385438      2.11180466152573      2.11180333871744       b
    2.11180466152573      2.11180522844356     -2.11180862995059       b
   -2.11180485049834     -2.11180674022446     -2.11180447255311       b
    3.50669296225429      3.50669050561032     -3.50668710410330       f
    3.50668086800708     -3.50668521437717      3.50669012766510       f
   -3.50668785999375     -3.50669296225429     -3.50668729307591       f
   -3.50668370259627      3.50668275773321      3.50669598581609       f
$end
