$coord
   -0.57566556898177      1.88163280685574      0.42522579490654      os
    0.92733358546475      5.68162335809813     -0.52729198166556       c
   -1.52399816910283      5.27232228525461     -1.56156913702029       c
    1.12694478922655      6.84304846816321      1.16254779635649       h
    2.55216924139953      5.76350046681839     -1.78310078589740       h
   -1.76053802287190      5.03198124738328     -3.59090520554834       h
   -3.15727050732673      6.13570508197467     -0.63779938605640       h
   -3.17970722561964     -0.53725442882874      1.23197576730450       n
    3.71813517437256      1.38756523404544      1.64178026318796       s
   -4.72121332933378     -0.30087784739695      3.51378472645959       c
   -3.72977588730815     -2.89962146786821     -0.16593666214335       c
   -2.49199809387928     -2.91410168328059     -2.78421192493416       c
    0.16470852913412     -0.63275117168365     -2.73512232038884       p
    3.27509795483888     -2.20717082430534     -2.31489541800316       c
    5.09952194884935     -0.32917328359800     -1.11456462645789       c
   -5.78422206967942     -3.13626072123150     -0.35889924247637       h
   -3.05426871716278     -4.50031795124327      0.98020131945359       h
   -3.81351721085163     -2.21585449379911     -4.21722790689688       h
   -1.88680366445407     -4.80829020846210     -3.35740006296487       h
    4.01540704637605     -2.86832968192192     -4.13344047403593       h
    3.00179763668776     -3.86741560146955     -1.10660566693340       h
    5.63903025402845      1.16574351220801     -2.44017311076670       h
    6.82451667993688     -1.24705351411789     -0.43513325103945       h
    3.61974904027113     -1.23006374241031      3.93572069715355       c
    0.27663114942065      0.34693387459235     -5.22326461708082       h
    2.40948603718070     -2.76736860700133      3.27603639283301       h
    2.86125587011481     -0.45615721008063      5.69262553257577       h
    5.54959386285933     -1.89382343009398      4.26379586089978       h
   -4.20136195531637      1.41828688961955      4.55028552254668       h
   -4.44190727258191     -1.93010673862924      4.77423677675540       h
   -6.73913129466387     -0.18635042861847      3.03932514090432       h
$end
