$coord
   -3.35849100185736      0.83730741077172     -0.54399621575552       v
    3.35875820913156     -0.83738167700847     -0.54399678267336       v
   -4.57370584328812      4.30096809660468      0.70845983638373       c
   -4.35397075703891      4.23456198670460      2.76814906389133       h
   -6.56999211365494      4.40549621856053      0.18211800901427       h
   -3.52121645239495      5.87404547675914     -0.10458008942431       h
   -6.62646884659905     -1.19552408417142      0.88464542817094      cl
   -3.66138462011281      1.18110358410461     -4.31125463179844       s
   -0.68811617874788     -2.76275918703502      0.41677909706896      cl
    0.68827340396156      2.76240183982461      0.41683541090751      cl
    3.66102746187501     -1.18119825938352     -4.31129639474582       s
    6.62656049831615      1.19601957036163      0.88450766713636      cl
    4.57375157466037     -4.30108998393980      0.70830487884140       c
    3.52093261553084     -5.87405209080058     -0.10458216812305       h
    4.35398568587531     -4.23443688683507      2.76799164970504       h
    6.57005617537061     -4.40546201451765      0.18191543037358       h
$end
