$coord
    0.00000170075351     -0.00000170075351     -0.00000170075351      pd
    2.32200418974360     -2.32200418974360      2.32200532357928       n
   -2.32195448994649      2.32195448994649      2.32195448994649       n
    2.32200418974360      2.32200532357928     -2.32200418974360       n
   -2.32200513460666     -2.32200400077099     -2.32200400077099       n
    3.52560382954147      3.52560364056886     -3.52560382954147       n
    3.52560382954147     -3.52560382954147      3.52560345159625       n
   -3.52560364056886     -3.52560401851408     -3.52560401851408       n
   -3.52565447420165      3.52565447420165      3.52565466317426       n
$end
