$coord
    0.00239352711107      0.00377926327920     -0.00000000000000      sc
    4.06516164554508      2.33396558920276      0.00000000000000       c
    6.48785478964713      3.89236414372900     -0.00000000000000       c
    6.46476082460764      6.16362370678622     -0.00000000000000       o
    3.03675719207183      1.74543835523544     -2.08406291507956       o
   -4.04928095410078      2.35316520664198      0.00000000000000       c
   -6.61558553589472      3.66164955971566     -0.00000000000000       c
   -6.36470039315866      6.18184539095528     -0.00000000000000       o
   -0.01207516097194     -4.68033156124373     -0.00000000000000       c
    0.12750171144112     -7.55765917411416      0.00000000000000       c
   -2.18436164099302     -8.59217046653589     -0.00000000000000       o
   -3.02335978972959      1.76031579107949      2.08406026946299       o
   -3.02335978972959      1.76031579107949     -2.08406026946299       o
   -0.00757836868273     -3.49550238208189      2.08402719925578       o
   -0.00757836868273     -3.49550238208189     -2.08402719925578       o
    3.03675719207183      1.74543835523544      2.08406291507956       o
    8.53828095763076      2.40574759198582     -0.00000000000000       o
    2.10668539345064     -8.67161077341680     -0.00000000000000       o
   -8.56601287750107      2.49757826615647     -0.00000000000000       o
   -8.05227703517232      6.91091835992041     -0.00000000000000       h
   -1.97864567698147    -10.41896720067004     -0.00000000000000       h
   10.01866235802152      3.49559838016908     -0.00000000000000       h
$end
