$coord
   -1.29872448455120     -2.84854613910979     -0.73021908786049      ru
    5.84032728246718      1.83930142985451      2.23705911065792       h
    1.74037010976576      4.86867111558233      1.09219026912714       c
   -0.81549449107298      5.65160033427277      0.84002956125609       c
   -2.38172917292553      3.60439766111471      1.61160454949163       c
   -1.80607966661583     -0.88452410775366      3.15516913187472       c
   -0.40540861496937     -3.12600555549143      3.34682950193438       c
    2.01150820328362     -3.49615339273226      2.16767025704071       c
    4.12004042607711     -1.73575936699116      2.21393113054816       c
    4.06231647388991      0.81039582101267      2.25140704524149       c
    1.80070339578762      2.31390331178706      2.00763048527326       c
   -0.80768652066596      1.52882547449146      2.36147603317111       c
   -3.70830311831207     -0.87341554169512      3.93057988620063       h
   -1.29666317129306     -4.71919359005041      4.28818542217120       h
    2.61344606767605     -5.46183517054478      2.17846210500055       h
    5.97345754317432     -2.62432144153065      2.16323280215186       h
    3.39522935644374      5.99706211221303      0.67744451736965       h
   -1.45723527891019      7.48770680416620      0.21542953424394       h
    0.53265030009557     -3.04058936768256     -3.84794499730387       c
   -4.49784694536103     -1.88008058581592     -2.05470318512440       c
   -2.23549668509702     -6.27746213141919     -0.58511873495402       c
    1.53076093198962     -3.46328595314219     -5.73219016155607       o
   -6.45857745175106     -1.33800282002342     -2.81791537936234       o
   -2.81129510182545     -8.37645104830423     -0.62506867909138       o
   -4.42635463759307      3.59937193448286      1.65548285629953       h
   -0.12233482226767      2.36469310292786     -1.83630224552008      ru
   -3.66896412263121      3.38825985751878     -6.17833012241587       o
   -2.29495880737483      2.94070392487284     -4.54052565402421       c
    2.56486952377392      1.93386937231854     -4.06777381396892       c
    4.30747347879311      1.81686414464377     -5.37772251581756       o
$end
