$coord
    0.00002003109693     -0.00000321253441      1.18441438427720      ta
   -1.99875708727645     -3.90192540203565     -0.32344892521740       c
    1.93747950510947     -2.84742534254451     -1.81001653305393       c
    2.24269106143096     -4.06773923198081      0.55377819407367       c
   -0.17510183385400     -4.65441869174222      1.50847444692373       c
   -0.70128360142059     -2.80256362226069     -2.37543997540590       c
    1.99878203166131      3.90192426819997     -0.32344457884731       c
    0.70130306559969      2.80257325986393     -2.37537345704626       c
   -1.93751918935812      2.84740134302272     -1.81008966545500       c
   -2.24266781779962      4.06773677533685      0.55377120208701       c
    0.17505024433077      4.65443248674294      1.50849806850030       c
   -4.02450324308311     -4.10751626617766     -0.14910902893737       h
    3.44783139493929     -2.18421802180745     -3.01774333471078       h
    4.01999983675246     -4.40520935813461      1.49919249013849       h
   -0.57939985677918     -5.51134561709834      3.31952144763411       h
   -1.55040746965762     -2.08329379654632     -4.08852489655751       h
    4.02448491273968      4.10753610830198     -0.14906613215431       h
    1.55045943712608      2.08330135545082     -4.08852999881805       h
   -3.44777867158037      2.18423049399988     -3.01775523998537       h
   -4.02003725332975      4.40518346888669      1.49916490013705       h
    0.57934959006423      5.51134750682447      3.31952673886726       h
    3.57044778639971      0.31144916431789      4.29109200992546      br
   -3.57044268413917     -0.31145747911284      4.29110788362491      br
$end
