$coord
   -2.65553990610326      0.52321357474063     -2.80415307090519      ir
    2.25639875680307     -1.17006720558409     -2.89366826365377      ir
   -1.33870409738875     -3.69956804826768     -1.50311575054849       p
   -0.37233009297103     -0.98534061862561      0.16113108860517       c
   -0.05177755098681     -0.18121453095348      2.84032942094173       c
    0.62170704528600      1.77128791891174      2.96500202339976       h
    1.31552509467359     -1.40119866318080      3.80731153922676       h
   -1.85254954383280     -0.31088942743939      3.85693688112877       h
    3.82447913416279      2.12704341300505     -2.57221734586929       c
    4.71803348718171      4.08478078218425     -2.32666047491784       o
    2.56849458540125     -1.97773237234482     -6.49431519635377       c
    2.63081038310180     -2.42828503268123     -8.60971600669710       o
    4.83590742195656     -3.27201637844537     -1.48415253784762       c
    6.35585042776581     -4.54238986884741     -0.60481667317264       o
   -1.35022348990705      6.17406406568663     -2.20250868098011       o
   -1.85368451334402      4.08363598609718     -2.46389729946919       c
   -5.93143173488764      0.44334486694697     -1.28289840619195       c
   -7.88022030599761      0.37038273019829     -0.33729740518589       o
   -3.52539784939375      0.10702633989430     -6.37987413805925       c
   -3.93225002615070     -0.20023670310948     -8.48256786301414       o
$end
