$coord
    0.00000642506883      0.00072036359920     -0.00088155723774      si
    1.35061182862593      3.16526820623680      2.13914937651284       s
    3.16582775414268     -1.34898250676017     -2.13965242160755       s
   -3.16586252510340      1.35083689500752     -2.13937463186705       s
   -1.34990714975358     -3.16466122620516      2.13830807044158       s
    3.35580815767641      1.91007337402327      3.08318549531403       h
    1.91541657464427     -3.35973822110046     -3.07812821025588       h
   -1.91356955632881      3.35864520350923     -3.08162325872574       h
   -3.35833131999972     -1.91216227728285      3.07901732639812       h
$end
