$coord
   -3.09876042907115     -1.30659387105732      0.00000056691784      fe
    2.99811512738620      0.93047374336817     -0.00000207869874      fe
   -1.96732376084332     -5.46828348300422      0.00000264561658      cl
    1.08719062071582      4.82519947783672     -0.00000151178090      cl
    0.06893172886735     -0.49285947089801      2.97189555533446      cl
    0.06893116194951     -0.49285947089801     -2.97189290971788      cl
   -4.98775768761217      1.98411945767778     -1.31820000200481       c
   -5.83103965650356     -0.19580472842639     -2.65873089763947       c
   -5.59623022494799     -0.28635133369448     -4.69317432896801       h
   -6.68656270432075     -2.32758341715773     -1.34501956210153       c
   -7.09694999174144     -4.06052520249516     -2.35587488493392       h
   -6.68657101911571     -2.32756981112963      1.34501767237540       c
   -5.83103833369528     -0.19579679157666      2.65873770065352       c
   -5.59623627207159     -0.28634963294097      4.69317376205017       h
   -4.98776770316064      1.98408903308715      1.31819641152517       c
   -4.07504623599186      3.52267758863550      2.31768030739491       h
   -4.07504642496447      3.52266322671695     -2.31767010287383       h
   -7.09695414913892     -4.06053049372831      2.35587809746834       h
    5.50358262217311     -1.91486250694416     -1.31827710283075       c
    5.89822697918409      0.38817714729028     -2.66061004129907       c
    6.31733157322359      2.64463127306885     -1.34517376375340       c
    5.65436632640326      0.42828091513430     -4.69521013092345       h
    6.38281133937675      4.42398057466109     -2.35653912366718       h
    6.31733251808666      2.64463656430200      1.34518736978151       c
    5.89823510500643      0.38820379242866      2.66058679766772       c
    6.38281228423981      4.42397207089353      2.35653005298177       h
    5.65436462564974      0.42827656876421      4.69521863469102       h
    5.50356712641888     -1.91492260023496      1.31828881913273       c
    4.93873724704306     -3.60425630960049     -2.33068559156602       h
    4.93874820745459     -3.60423193213347      2.33066782814044       h
$end
