$coord
    0.00050058845075     -0.00013757206197     -0.00000000000000      sc
    4.86354296579445      1.31385212013432      0.00000000000000       c
    3.70841612393440      2.36442154928357     -2.15569865306047       c
    1.91693232396986      4.18228743774668     -1.33165617482956       c
    1.91693232396986      4.18228743774668      1.33165617482956       c
    3.70841612393440      2.36442154928357      2.15569865306047       c
    6.29792881022583     -0.13888674443188     -0.00000000000000       h
    0.77605363915394      5.36250681899698     -2.54706584702390       h
    0.77605363915394      5.36250681899698      2.54706584702390       h
    4.16537514481025      1.92804315769975      4.10320655677491       h
   -4.57983460305966     -0.43109226069181      1.33171513428469       c
   -3.90149586728723      2.02945757791794      2.15566917333291       c
   -3.90149586728723      2.02945757791794     -2.15566917333291       c
   -4.57983460305966     -0.43109226069181     -1.33171513428469       c
   -3.02767252269414      5.52344761218127     -0.00000000000000       h
   -3.75128456110062      2.64333492094647     -4.10312756622285       h
   -3.56971684033421      3.55520449957769      0.00000000000000       c
   -5.03249827645133     -2.00896822239779     -2.54722307223758       h
   -5.03249827645133     -2.00896822239779      2.54722307223758       h
    2.66301150525988     -3.75103039293669     -1.33163841140398       c
    0.19303495684364     -4.39412857105013     -2.15571433778732       c
    0.19303495684364     -4.39412857105013      2.15571433778732       c
   -1.29402945999139     -4.86976432214616      0.00000000000000       c
    4.25548881382290     -3.35299719006412     -2.54719132483866       h
    4.25548881382290     -3.35299719006412      2.54719132483866       h
    2.66301169423249     -3.75103039293669      1.33163841140398       c
   -0.41367881238680     -4.57123238076192     -4.10310470053673       h
   -3.26959431646979     -5.38492067160376      0.00000000000000       h
   -0.41367881238680     -4.57123238076192      4.10310470053673       h
   -3.75128456110062      2.64333492094647      4.10312756622285       h
    4.16537514481025      1.92804315769975     -4.10320655677491       h
$end
