$coord
    0.00000000000000      0.00000000000000      3.66687862087866       s
    2.31854844757715     -0.00000000000000     -0.91941298738062       c
    2.51930482537126     -0.00000000000000      1.67582027783916       c
    0.00000000000000     -0.00000000000000     -2.17583670849382       c
   -2.51930482537126     -0.00000000000000      1.67582027783916       c
   -2.31854844757715      0.00000000000000     -0.91941298738062       c
   -0.00000000000000     -0.00000000000000     -4.22867775749375       h
   -4.05620528857134      0.00000000000000     -2.01451078912508       h
   -4.34165484495853      0.00000000000000      2.62692151570729       h
    4.34165484495853     -0.00000000000000      2.62692151570729       h
    4.05620528857134      0.00000000000000     -2.01451078912508       h
$end
