$coord
    0.00000000000000      0.00000000000000      0.00000000000000      ga
   -2.59301056935049      1.54853248339549      2.20639603659372       o
   -4.96375249663476      1.34085630647354      1.89526359037453       c
   -4.96375249663476     -1.34085630647354     -1.89526359037453       c
   -2.59301056935049     -1.54853248339549     -2.20639603659372       o
   -0.04456333252854     -3.01987929215090      2.20639603659372       o
    2.63757371290642      1.47134661978279      2.20639603659372       o
    1.32066061439335     -4.96916391636891      1.89526359037453       c
    3.64309188224141      3.62830760989537      1.89526359037453       c
    3.64309188224141     -3.62830760989537     -1.89526359037453       c
    1.32066061439335      4.96916391636891     -1.89526359037453       c
    2.63757371290642     -1.47134661978279     -2.20639603659372       o
   -0.04456333252854      3.01987929215090     -2.20639603659372       o
   -6.20839207459942      0.00000000000000      0.00000000000000       c
    3.10419603729971     -5.37662515185625      0.00000000000000       c
    3.10419603729971      5.37662515185625      0.00000000000000       c
   -6.13423166251430      2.34179170098059      3.29241880656373       h
   -6.13423166251430     -2.34179170098059     -3.29241880656373       h
    1.03906477649472     -6.48329620331361      3.29241880656373       h
    5.09516688601958      4.14150469130562      3.29241880656373       h
    5.09516688601958     -4.14150469130562     -3.29241880656373       h
    1.03906477649472      6.48329620331361     -3.29241880656373       h
   -8.25684858104202      0.00000000000000      0.00000000000000       h
    4.12842419603470     -7.15064070145812      0.00000000000000       h
    4.12842419603470      7.15064070145812      0.00000000000000       h
$end
