$coord
   -1.38664437050429      0.03846688707375     -0.00000094486306      rh
    2.17390295174918      2.26539498699807     -0.00000018897261       c
    2.02222427322581      0.66840463450115      2.15545525633546       c
    2.04343437029038     -1.95413800782719      1.32286819245364       c
    2.04343512618083     -1.95413800782719     -1.32286857039886       c
    2.02222559603409      0.66840482347376     -2.15545563428068       c
    2.15571811723957      4.30740166920033     -0.00000018897261       h
    1.92416997503209      1.28824198475818      4.10316233718357       h
    1.93042307878272     -3.58909900531720      2.54368966232736       h
    1.93042440159101     -3.58909881634459     -2.54369022924519       h
    1.92417186475822      1.28824217373079     -4.10316252615618       h
   -4.07739705529249     -2.54496088109225      0.00000094486306       c
   -3.89768334482821      2.78421702719470      0.00000056691784       c
   -5.54367429576992     -4.19176328043243      0.00000075589045       n
   -5.26473087746161      4.51442381191010      0.00000037794523       n
$end
