$coord
   -1.71283963470047     -1.91368161708808     -0.71991138773412      pd
    3.38929845099758     -3.90118670809303     -2.67570177208580       c
    2.02705498012146     -2.30035321957385     -1.26660310883564       n
    3.65157467384800     -0.77304122673663     -0.01653132414944       n
    6.03911626639159     -1.41648220116931     -0.64243337246235       c
    5.95772595112136     -3.40980122357323     -2.33561399730239       c
    2.81763740064922      1.47340812201354      1.71742222055580       b
    0.99383909495904      0.45387933420846      3.76341830358246       n
   -1.03847064660073     -0.97173515743691      3.18298703428376       n
   -2.22457009966441     -1.49635525533305      5.35159421753770       c
   -0.94850626595203     -0.38216517259332      7.38015058506620       c
    1.09026142567042      0.83727509645497      6.28526103114081       c
    1.57457820064365      3.58146054334367      0.15581094264290       n
   -0.76615166322679      3.34940028535606     -0.85380793238531       n
   -1.13736039271471      5.44132181550283     -2.21236983882294       c
    0.96581294473093      7.05711362014424     -2.09383412195879       c
    2.65852453954652      5.79338799728053     -0.56158540859025       c
   -2.90319531791753      5.70750391328288     -3.21288571413004       h
    4.53267233019016      6.30014111260143      0.07551893619704       h
    1.21326691174018      8.87938427123423     -2.97735837561923       h
    4.69494575823843      2.28535106180549      2.72614857793474       h
    2.59646517768126      1.94276582497409      7.10931050135839       h
    7.61771939471082     -0.40106848097600      0.16051447097028       h
   -1.43065420225055     -0.46566215454872      9.35927852015500       h
    7.53358387429748     -4.37250859238884     -3.19879610510788       h
   -3.90587077224132     -2.65977893974890      5.35171062466705       h
    2.44963950482183     -5.29967040174874     -3.82724682704680       h
   -5.08049883183028     -3.12284706724458     -0.24420609471665       h
   -2.06297659507623     -2.65112645073620     -3.49550313797234       h
   -6.19630481938028     -1.29874413770291     -0.33671215700470       c
   -5.14783185239512      0.44666058040749     -0.76826702265213       h
   -7.08330125582446     -1.07924205468503      1.50985338007780       h
   -7.57746841720160     -1.61574304970737     -1.82972675449237       h
$end
