$coord
    1.37635953606403      1.91299111116167      6.80621921775017       f
    2.63008397237900      0.07061131744806     -2.47098585114008       c
    1.37639241729863     -2.24211923030526     -2.46263874186933       c
   -1.25341149766851     -2.31277590118034     -2.46221657705281       c
   -2.62943844193439     -0.07054820059545     -2.46996502108687       c
   -1.37572761164753      2.24212357667535     -2.47829417795942       c
    1.25402490276898      2.31281898693601     -2.47880081353377       c
   -0.00078574812315      0.00001644061730      5.92028726403271       c
    2.44999968662143     -3.99185671247715     -2.45430240403750       h
   -2.23158438509855     -4.11757603423632     -2.45382543716333       h
   -4.68155799349944     -0.12570666059412     -2.46730542053726       h
   -2.44961304865606      3.99171177048329     -2.48229397227751       h
    2.23249806768043      4.11753880663164     -2.48303531183671       h
    4.68221694099955      0.12583327224456     -2.46941945715432       h
   -2.36087510026307      0.20812630968514      6.77308041348841       f
   -0.00297461789479      0.05402311254223      3.41413001920985       f
    0.98439329891869     -2.17521196503660      6.71936608219516       f
$end
