$coord
    0.52496894133898      2.08492292943946      0.00000000000000      sn
   -0.19296125752473     -2.65848636707878      0.00000000000000       n
    1.87128598939856      1.56882398459027     -2.86786556518540       h
    1.87128598939856      1.56882398459027      2.86786556518540       h
    0.36943937891623      5.78791421658422      0.00000000000000       f
   -3.12980144836054      1.58404194908220      0.00000000000000       f
   -1.28407646145884     -3.02091807460231     -1.53548751497574       h
   -1.28407646145884     -3.02091807460231      1.53548751497574       h
    1.27022457998332     -3.89791011196332      0.00000000000000       h
$end
