$coord
    4.10305745738358      2.91895261024580      2.41112102822484      li
   -1.07798198530428      0.87016653556685      0.02247791432245       c
    1.08150160021378     -1.05377119212437     -0.07898733952853       c
   -3.71182953623563     -0.31295584295807     -0.04077915596141       c
    3.71433417924291      0.17597734396814     -0.14915986257015       c
   -0.86726316034700      2.19967862713395     -1.56106344630900       h
   -0.88347360900026      2.01607189187769      1.75932236205510       h
    0.91546591642143     -2.29366358908814      1.58389662914312       h
    0.72393366979311     -2.28999676451343     -1.72683022207363       h
   -3.99173199055284     -1.38167457976576     -1.79185229655909       h
   -3.96576847639115     -1.63144043771744      1.53699230388980       h
   -5.20755173331650      1.11413622554514      0.07488512205441       h
    4.00824800792066      0.97977310751346     -2.05138539296514       h
    5.15905984914481     -1.31125412465642      0.01136235627725       h
$end
