$coord
    2.75818434905681      0.63006398113261      1.63984159315539      cl
    4.24145287302272     -0.29811166629384      4.57762513527325       c
   -0.17104478083429      2.12540634326217     -3.81610840331547       o
   -2.18413600769358      1.10053114230167     -4.14841749844681       c
   -3.48216696275658     -0.55942677443662     -2.25380076132518       c
   -3.21791559815936      1.35799687832598     -5.97097047462001       h
   -3.80931823939986     -2.42833832295798     -3.09037533630527       h
   -2.36149039508967     -0.73017335648825     -0.53072618095417       h
   -5.35306555829933      0.22562630744672     -1.82527040234226       h
    5.28714756465758      1.31647865047672      5.31678640716154       h
    2.77259521152037     -0.87102976246116      5.90482439103486       h
    5.51975773294782     -1.86902323133540      4.19659153068412       h
$end
