$coord
   -2.71278500169016      1.05768103547887      0.65417140629342      cu
    0.94535420277401     -1.89718185136494     -2.24728120619079      cu
   -0.42050677082493      3.14252913176375      1.17732734438721       h
    4.11978965942021     -1.98210330887405     -3.12888852166911       f
   -2.42128038485033     -1.93287934480117     -1.48147517387243       f
    0.48862894101994     -1.57857289270121      3.36113265000876       f
    2.13619082129012     -0.50939929881502      1.60772891018000       c
    1.49640382129449      1.90699935653426      0.42762329044248       b
   -5.05123377715403      2.50201439823704      2.15068105225096       h
    0.46798613973836     -3.37710990645809     -4.56743875556416       h
   -5.73763087204517      1.27472968706749      1.54622323806963       h
    3.90141517598165     -1.56612394390157      1.57749291422025       h
    2.78766804504583      2.95941693783464     -1.07729733752886       h
$end
