$coord
    2.14800293238533      1.14849862747343     -1.67444909256221      au
    1.28102776629991      3.16688089851265     -4.91562325090663       o
    2.96563224706275     -0.69230966999388      1.61833896648653       o
   -3.31100199534068      1.79229808295219      0.17513320330769       o
    0.46675762878391     -4.83852299188743      1.45143381970365       o
   -1.24184883042192      2.78851086289799     -6.01937826597910       c
    2.55316418220482      2.92317879375378     -6.20564309000406       h
    5.61226228345497     -1.01312979719753      2.31707729578813       c
    2.07888638830286     -2.39494383875139      1.61234664494127       h
   -3.00068439902699      3.51044690320340      2.26445031290773       c
   -5.09872561825989      1.56716763964091     -0.09637470961301       h
    1.15737712773078     -6.46791704518313      1.88599637345308       h
   -2.08374317341906     -4.63385412512225      2.43414658517857       c
   -2.56908795940478      3.10292066113734     -4.47866036703207       h
   -1.41707784284420      0.86753887138877     -6.75625882740603       h
   -1.49155478405541      4.19350239538610     -7.51049104309366       h
    6.43815650431666      0.86648950647105      2.47855118071254       h
    5.66690976150919     -1.95754499505959      4.15399559202526       h
    6.62131613037153     -2.12161971005108      0.89445537443575       h
   -0.96784345545322      3.70039537036560      2.57528909568695       h
   -3.87180127786255      2.76985756528176      3.99310128610367       h
   -3.79058500636851      5.37838259715334      1.83967276103825       h
   -2.74333884958429     -2.74765271638451      1.91874079187236       h
   -3.29551928021851     -6.05812010820417      1.55248692428657       h
   -2.10668029119010     -4.85045377778335      4.49166281661399       h
$end
