$coord
    3.53121801688893     -0.52172806103305      0.00596699921517      pt
   -1.11783139601174      0.33108700924571     -3.21508667814888       c
    1.56113298823043      1.06416676451560     -3.12065082754105       c
    1.67244106958082      3.60503903416184     -2.15400621434211       c
   -0.85648076101780      4.31859224937273     -1.33393726323614       c
   -2.58477400905811      2.36294775187797     -2.17436782437616       c
   -2.01619888147335     -2.05699485599728     -2.20089863432084       c
   -3.49932151858235     -1.30292969209919     -0.00445502934183       c
   -3.94249895579456      1.34157270164787     -0.00543541925595       c
    2.22941970382133     -4.18247414268792     -1.58085473699824       c
    3.86033215205919     -5.57603321005951      0.00476475545386       c
    3.27128184190023      3.31237204678196      0.00438189694075       c
    1.66572101450448      3.60537597233009      2.15770251864439       c
   -0.86051060198130      4.31891539254026      1.33011774879046       c
   -2.59162143167533      2.36377545192112      2.16683216350387       c
   -0.47316795774821     -4.07281182382059     -1.46420572269821       c
   -2.02237828590507     -2.05627487034331      2.19624953010588       c
   -0.47648253737305     -4.07153625868560      1.46364598581972       c
    2.22589045130858     -4.18008760756351      1.58618489850898       c
   -1.12752342336630      0.33215149197243      3.21263173493871       c
    1.55135252169319      1.06487465592237      3.12542049628284       c
$end
