$coord
    0.88265573553297      0.62265228629418      0.00000000000000      li
    1.95644952082440     -2.62149346638323      0.00000000000000       o
   -2.58426831834681      5.23528214140591      0.00000000000000       o
   -0.01394277730217      3.97840545294032      0.00000000000000       n
    0.12295030606688     -5.48076455714800      0.00000000000000      li
    3.75048804153855     -2.87161893921667      0.00000000000000       h
   -3.69192675170496      3.79653991133647      0.00000000000000       h
   -1.50666692388429     -8.21111758674028      0.00000000000000       h
    1.08426116727544      5.55211475751129      0.00000000000000       h
$end
