$coord
    3.19590312338173      1.71207448459209      2.59204151779312      zn
   -3.11535846055284     -1.68843816815446     -1.90314337037434      zn
    1.05401439987678      1.38831999066013      6.26154288956193       c
   -1.13860628914952      0.45846588848865      5.26728011800546       c
    0.58134551879842     -0.16751269373236     -4.86997275893785       c
   -1.57268545095595     -2.13428408762908     -5.28831125800591       c
   -0.82146659254869      0.02675889988808      0.39286499089082       c
    1.84240927344118     -1.06591041481198      0.09079056891095       c
    1.12848453807394      0.37663791264765     -2.10490905089229       c
    0.58191999554069      2.39270186767561     -0.33413532645941       c
    2.34316609879197     -0.82977174989944     -5.74169189348974       h
    0.06814976019645      1.62785959568146     -5.76219088661314       h
   -0.84308090203160     -4.05743209877228     -5.47738723861578       h
   -2.73164730301591     -1.67305995488705     -6.92772841867343       h
   -2.66810375025136      1.70286698301622      4.71493830476009       h
   -1.46479172676985     -1.55792083176162      5.12177366295452       h
    1.18145318343791      3.37415928808510      6.78265849035757       h
    2.37889458373667      0.11448527788587      7.18557965882742       h
$end
