$coord
    0.00000000000000      0.00000000000000      0.87538595912660      ge
    0.00000000000000     -3.26623173780135     -2.13304234859174       c
    1.32660871634726     -4.94798084238794      1.63523160627124       c
   -1.32660871634726     -4.94798084238794      1.63523160627124       c
   -2.17065866993622     -3.90427281982925     -0.67474920099627       c
    2.17065866993622     -3.90427281982925     -0.67474920099627       c
    0.00000000000000     -2.55841365240998     -4.05170963011780       h
    2.52819466398536     -5.55597641284958      3.17453901363789       h
   -2.52819466398536     -5.55597641284958      3.17453901363789       h
   -4.11604478915649     -3.66706381403900     -1.26149196658289       h
    4.11604478915649     -3.66706381403900     -1.26149196658289       h
    0.00000000000000      3.26623173780135     -2.13304234859174       c
    1.32660871634726      4.94798084238794      1.63523160627124       c
   -1.32660871634726      4.94798084238794      1.63523160627124       c
   -2.17065866993622      3.90427281982925     -0.67474920099627       c
    2.17065866993622      3.90427281982925     -0.67474920099627       c
    0.00000000000000      2.55841365240998     -4.05170963011780       h
    2.52819466398536      5.55597641284958      3.17453901363789       h
   -2.52819466398536      5.55597641284958      3.17453901363789       h
   -4.11604478915649      3.66706381403900     -1.26149196658289       h
    4.11604478915649      3.66706381403900     -1.26149196658289       h
$end
