$coord
   -3.58214632495476      1.68318321774354      1.24336930406282      tc
    2.35362459906319      1.46959011934876      1.32320191808747      tc
   -6.79853464645916      3.32649434806610      1.71131953900479       c
   -8.71293435947509      4.30057295487175      1.95351099669861       o
   -2.36946012605307      3.99711052905240      3.80462963990887       c
   -1.88007831814457      5.38768175044632      5.39247485179208       o
   -2.84490709350913      4.09115879683180     -1.37871640248827       c
   -2.39906306376064      5.41698932396041     -3.03396890117305       o
   -1.58046809903288     -1.62429217070097     -1.15354155061302       c
   -4.22953191370266     -1.78756639770553     -1.43704053169306       c
   -5.79644236161783     -2.04146414183151      0.70621559763660       c
   -4.67302380134223     -2.18205126183148      3.15181203341205       c
   -2.05566618955816     -2.03393868548031      3.41189126066848       c
   -0.33758955684496     -2.26246364383156      1.25306737854098       c
    0.04340360760508     -0.99285832709970     -3.34079012620859       c
   -0.33626448088547     -1.88997500283856     -5.77309214971566       c
    1.27616965837543     -1.07951871058986     -7.68795522357766       c
    3.20266550832329      0.59966395694513     -7.10449566816219       c
    3.48194945527949      1.40300240676798     -4.62040324353065       c
    1.94419578073356      0.61842666970404     -2.77091165451480       n
    2.62320215674628      5.08340523061193      0.82542575775508       c
    2.83973340132162      7.21801831955953      0.50023148148779       o
    5.90113205515745      1.06432380075666      1.07876452089301       c
    8.05109727915192      0.81349705055790      0.89098980569345       o
    2.73038194240200      1.90570961845332      4.91878703038663       c
    3.00814598263513      2.17421815806698      7.05552681711632       o
    2.21015035548806     -2.97605559842803      1.42712683946393       c
    3.75727593778281     -4.50821114829857      4.23594243163958      si
    6.48647755724657     -3.91040025679251      4.16485017889248       h
    2.62713675551303     -3.54284474585119      6.61070550714717       h
    3.36970747127768     -7.28158757259939      4.08569522065658       h
   -5.07308959363582     -1.51939725290408     -3.28793297468605       h
   -7.83195367718012     -2.13751684211267      0.49149565555294       h
   -5.86304727070635     -2.25842964547059      4.82009891805028       h
   -1.24789160765473     -2.05546776831494      5.29827502797737       h
   -1.84665114167600     -3.22188005459891     -6.16070483581214       h
    1.02513125885056     -1.75852546454781     -9.60681998148388       h
    4.49332615355002      1.28660680474143     -8.54035171951953       h
    4.96598898750478      2.71529304620447     -4.08151684721958       h
    3.06784753321310     -3.49050122188967     -0.37716628007246       h
$end
