$coord
    0.00000000000000      0.00000000000000      2.56249413803365      au
   -4.79240082427763      2.51959867778383      4.56108379557534       c
   -3.27055750987617      2.03143706603483      2.55634478024734       n
   -4.54723285896289      2.80986363428507      0.41804426871026       c
   -6.91024297180301      3.77739093855742      1.11737918454981       c
   -7.05507687332574      3.61889923043231      3.76209209378730       c
   -1.15934263187433      2.19195304878602     -2.47093993079522       n
   -3.51585322067701      2.56023629325842     -2.08404363987308       c
    1.15934263187433     -2.19195304878602     -2.47093993079522       n
    3.51585322067701     -2.56023629325842     -2.08404363987308       c
    4.54723285896289     -2.80986363428507      0.41804426871026       c
    3.27055750987617     -2.03143706603483      2.55634478024734       n
    4.79240082427763     -2.51959867778383      4.56108379557534       c
    7.05507687332574     -3.61889923043231      3.76209209378730       c
    6.91024297180301     -3.77739093855742      1.11737918454981       c
    0.27342598493850     -1.44661993137051     -4.93220767636021       c
   -0.27342598493850      1.44661993137051     -4.93220767636021       c
   -1.61189311067106      1.88383773929945     -6.48894402778611       h
    1.61189311067106     -1.88383773929945     -6.48894402778611       h
    1.51495696342604      2.43626969248103     -5.31534492407270       h
   -1.51495696342604     -2.43626969248103     -5.31534492407270       h
   -8.30865013155063      4.54408476420974     -0.16586277385183       h
   -8.60423372223323      4.20759162646303      4.96084042867474       h
   -4.20581207137027      2.00887203533798      6.45275274891317       h
    8.30865013155063     -4.54408476420974     -0.16586277385183       h
    8.60423372223323     -4.20759162646303      4.96084042867474       h
    4.20581207137027     -2.00887203533798      6.45275274891317       h
   -4.90294583421837      2.64683715037562     -3.65405758500483       h
    4.90294583421837     -2.64683715037562     -3.65405758500483       h
$end
