$coord
    3.08436128290957      2.63104659886753      0.00000000000000      bi
    5.89300963432307     -0.37743915652504     -2.80964140249266       s
    5.89300963432307     -0.37743915652504      2.80964140249266       s
    9.36013645581616     -3.87159057339951      0.00000000000000       s
   -0.50691279717855      0.24709378520965      0.00000000000000       c
   -0.42999092830563      0.24741069228096      4.77675899421565       c
   -1.82016625207618      0.06911219771237      6.31192128732512       h
    1.10389277610705     -1.09660429141203      5.15985939226868       h
    7.16455947923849     -1.66793804119539      0.00000000000000       c
    0.71399238756255      2.78978869570433     -4.65052018674447       n
   -5.02646400298608     -2.48237995481624      0.00000000000000       c
   -6.79057247440026     -3.53106967338805      0.00000000000000       h
   -3.90775615199714     -1.79043821449907      2.27200978432920       c
   -4.79945006964510     -2.29999247085641      4.05266337489355       h
   -3.90775615199714     -1.79043821449907     -2.27200978432920       c
   -4.79945006964510     -2.29999247085641     -4.05266337489355       h
   -0.64772139308048      4.14020210308704     -4.71777894107255       h
   -1.64878453307364     -0.42761270797618      2.28626701205872       c
    0.71399238756255      2.78978869570433      4.65052018674447       n
   -1.64878453307364     -0.42761270797618     -2.28626701205872       c
   -0.42999092830563      0.24741069228096     -4.77675899421565       c
    1.10389277610705     -1.09660429141203     -5.15985939226868       h
   -1.82016625207618      0.06911219771237     -6.31192128732512       h
   -0.64772139308048      4.14020210308704      4.71777894107255       h
    1.90042140886258      3.08299293222180      6.12808400548149       h
    1.90042140886258      3.08299293222180     -6.12808400548149       h
$end
