$coord
    0.00000000000000      0.00000000000000      4.37952665727524      pb
    2.49181138893804      0.00000000000000      1.04630356139262       n
   -2.49181138893804      0.00000000000000      1.04630356139262       n
    1.29551780828815      0.00000000000000     -1.23654077870686       c
   -1.29551780828815      0.00000000000000     -1.23654077870686       c
    4.39899348198867      0.00000000000000      0.98640736902369       h
    2.37271914772981      0.00000000000000     -2.98593357483338       h
   -2.37271914772981      0.00000000000000     -2.98593357483338       h
   -4.39899348198867      0.00000000000000      0.98640736902369       h
$end
