$coord
   -0.00029252960429      0.00051249372535      0.00006765219531       w
   -2.30914762701860     -1.33360656116411      3.45791402868407       n
   -2.46901222117418      1.42521916093983      3.39339443237549       b
    0.00006254993477      2.66628999111571      3.45814552013449       n
    2.46912201426210      1.42519100402056      3.39212926073419       b
    2.30927745120345     -1.33362111205528      3.45755252407618       n
    0.00006878603098     -2.85139131076496      3.39118118513682       b
   -4.42086573908776      2.55218662687989      3.49610728341479       h
   -0.00005064466017      4.56560439841374      3.24099822484210       h
    4.42089540778794      2.55211198269792      3.49378632178695       h
    3.95384430453668     -2.28272075201084      3.23874189184777       h
    0.00006179404432     -5.10499610749088      3.49232631938207       h
   -3.95393501139072     -2.28269070536544      3.23974306874928       h
   -2.30915065058040      1.33343743067584     -3.45871697331497       n
    0.00002286568612      2.85130665103452     -3.39389143034660       b
    2.30924589277715      1.33346766629386     -3.45803062478604       n
    2.46909064480841     -1.42536939416684     -3.39072254860606       b
    0.00003118048108     -2.66652734071713     -3.45720160193460       n
   -2.46904548035400     -1.42538111046882     -3.39212434744626       b
    3.95380462028803      2.28284358420903     -3.23968203059541       h
    0.00001757445297      5.10502898872547     -3.49691910975848       h
    4.42071437202508     -2.55218587098944     -3.49149200529748       h
   -0.00003004664540     -4.56533945881089     -3.23841818176240       h
   -4.42076085928777     -2.55225522393826     -3.49374436986695       h
   -3.95396864851576      2.28288326845767     -3.24114448964425       h
$end
