$coord
    0.00000000000000      0.00000000000000     -5.48374881264603      ne
   -1.83688182452290     -1.33457277813229      0.54978822633143       c
   -1.83688182452290      1.33457277813229      0.54978822633143       c
    0.70162639773983      2.15938399695122      0.54978822633143       c
    2.27051085356613      0.00000000000000      0.54978822633143       c
    0.70162639773983     -2.15938399695122      0.54978822633143       c
    1.33620380075156     -4.11241235759727      0.54696138501969       h
    4.32404618794471      0.00000000000000      0.54696138501969       h
    1.33620380075156      4.11241235759727      0.54696138501969       h
   -3.49822680023761      2.54161058564363      0.54696138501969       h
   -3.49822680023761     -2.54161058564363      0.54696138501969       h
$end
