$coord
   -0.30131966536518     -3.34746577272097      0.00000000000000      in
    0.24047766507023      2.70618494422282      0.00000000000000       c
    0.38623035143537      3.87375676645764     -1.69261143933092       h
   -1.60254595833448      1.76799809469914      0.00000000000000       h
    0.38623035143537      3.87375676645764      1.69261143933092       h
   -1.92220579369682     -3.20970643889581     -2.82311514977039       h
    2.92651208166727     -3.80891213725540      0.00000000000000       h
   -1.92220579369682     -3.20970643889581      2.82311514977039       h
    1.80882676148506      1.35409421593075      0.00000000000000       h
$end
