$coord
   -0.56622903259944      0.80909228793102      3.10055018868500      sr
    0.23864406381026     -2.34584705324679     -3.66564746430763      sr
    2.84770426612070     -2.16927671322035      3.59291511825586       o
    3.51449790909951     -4.02367686584825     -0.52292917095868       n
    1.08861131681728      3.78255537108692     -0.07380967891616       n
    3.21620010478227     -3.14193008858184      1.50756700043806       c
    1.17634128529471      2.56181761608058     -1.92359757698855       c
   -2.35033798738501     -1.59622236779935      0.17656977310861       h
   -3.58446842041827      5.24582511243497      2.04855061480367       h
   -1.05195440942692     -3.99841198343531     -7.27225969546929       h
   -4.52900871814986      4.87607487357102      3.03209108032174       h
$end
