$coord
   -0.00000529123315      0.00000245664396      3.95442955271787      tc
    0.00000340150703     -0.00000056691784     -3.95507678391599      tc
   -3.70636369238905      0.00000188972613     -0.00035470159383       i
    3.70636331444383      0.00000188972613     -0.00034770960717       i
   -2.57820777768841     -0.00000151178090      6.48834970891951       c
    2.57825067447147     -0.00000151178090      6.48839052700383       c
   -2.57847555188045     -0.00000321253441     -6.48871688270577       c
    2.57841583653488     -0.00000321253441     -6.48865395482578       c
   -4.11198414565714      0.00000207869874      8.02750102490816       o
    4.11194313860021      0.00000207869874      8.02744244339825       o
    4.11306714769990     -0.00000132280829     -8.02696585446930       o
   -4.11300535365558     -0.00000132280829     -8.02690349350715       o
   -0.00000226767135      3.76688047081774      3.73301998014850       c
   -0.00000226767135     -3.76683795197990      3.73301714555931       c
    0.00000094486306      3.76679996848477     -3.73319213419857       c
    0.00000094486306     -3.76684248732261     -3.73318608707496       c
    0.00000056691784      5.91616142498202     -3.55273160396933       o
    0.00000000000000      5.91621282553264      3.55336390633106       o
    0.00000000000000     -5.91625553334309      3.55337127626295       o
    0.00000056691784     -5.91611663847283     -3.55275635938158       o
$end
