$coord
    0.00123285732454      0.00000264561658     -2.54301087270293      os
    0.00126668342220      0.00000321253441      2.54313729538075      os
   -1.61612231774084      2.79347744110210      0.00007048678450       c
   -3.67206799779302      2.96672715438010      0.00001946417910       h
   -0.74403430864917      4.66327546014912      0.00000850376757       h
   -1.61612534130264     -2.79348745665057      0.00007048678450       c
   -0.74403733221097     -4.66326884610768      0.00000850376757       h
   -3.67206308450509     -2.96672620951704      0.00001946417910       h
    3.22950661129785     -0.00000245664396      0.00003817246774       c
    4.41030651641403      1.69195816100919     -0.00000812582234       h
    4.41030576052358     -1.69195608231045     -0.00000812582234       h
    1.58287012991153     -2.73969432377786      4.42910173246230       c
    1.58286464970576      2.73968185158543      4.42909700814699       c
    1.58278622607154     -2.73960210514292     -4.42907300862519       c
    1.58279435189388      2.73961344349967     -4.42908340211888       c
   -3.16171230858568     -0.00000132280829      4.42922456466049       c
   -3.16166317570640     -0.00000151178090     -4.42919848643995       c
   -5.05535961620472      0.00000018897261      5.48395460382114       o
    2.52864611955684     -4.37942064363958      5.48519445313235       o
    2.52865273359828      4.37943217096894      5.48520125614641       o
    2.52856127085379      4.37926493020680     -5.48529082916477       o
   -5.05517631277051      0.00000018897261     -5.48417456794220       o
    2.52856788489523     -4.37927607959094     -5.48529857704189       o
$end
