$coord
    0.00409768213142     -0.00057353187921      3.29973620406847      ni
   -2.86452320658650      0.99641044529857      0.98266930177403       b
   -2.80068013223100     -1.08124894383075     -0.92096955479053       n
   -1.24912484292450     -3.20794653695475     -0.58082452130550       b
    0.89264029249182     -3.01358707106946      1.20755748219597       n
    2.86650231675817     -0.99689119162500      0.97550251544152       b
    2.79934541866827      1.08368121032740     -0.92485218608882       n
    1.24612584756269      3.20877593775141     -0.58229321645056       b
   -0.88997029844852      3.01250728156112      1.21330772982450       n
   -4.86712399680304      1.48603867349388      1.96886218688242       h
   -4.33861881096465     -1.30457205307521     -2.03735096394586       h
   -1.64028719057588     -5.16736821902998     -1.65349826592210       h
    1.56670068831520     -4.67345428095371      1.89266559489663       h
    4.87109393344835     -1.48760865795929      1.95702645421064       h
    4.33589023541145      1.30788795550834     -2.04299463102088       h
    1.63031302711073      5.16739505314096     -1.65896524360435       h
   -1.56238077439137      4.67055411826828      1.90442120318068       h
$end
