$coord
   -1.41575994784399      0.03835973960241     -0.00003231431675      ir
    2.18838448996985      2.27029599170561     -0.00002003109693       c
    2.01810164670953      0.66898931576451      2.16028936473814       c
    2.04724538096850     -1.95583687161438      1.32753411523112       c
    2.04727599453174     -1.95577621140574     -1.32754828817706       c
    2.01815852746592      0.66897079644847     -2.16025667247616       c
    2.18552420050568      4.31238336521345     -0.00000075589045       h
    1.94107111858437      1.28706411846390      4.10836361937252       h
    1.95187638359970     -3.59203469485380      2.54745286293449       h
    1.95193855558924     -3.59204319862136     -2.54749235821052       h
    1.94116768358941      1.28708377161561     -4.10838969759305       h
   -4.09147079061519     -2.55732705988758      0.00002740102883       c
   -3.91737126749837      2.79347158295111     -0.00000283458919       c
   -5.57280612475430     -4.19079403990245      0.00005725870162       n
   -5.29333585080209      4.51719415041068      0.00001889726126       n
$end
