$coord
    2.19115048210034      6.35743288442364     -1.88264437725094      at
   -0.16278063054047      3.86257903642290      0.64032273735232       c
   -0.02219426643095     -4.24752872046274     -0.41679950611112       c
    0.93858652659930      2.16897870341029      1.01121115826190       h
   -0.60429832129630      4.94234246654607      2.32742505810838       h
   -3.88437759420308      2.57348705285328     -1.00827206721828      at
    0.15923455946521     -6.26726101184631     -0.72284499857198       h
   -1.81180383602381     -3.46526884276610     -1.04948151381856       h
    0.17090645288187     -3.59765001603693      3.79627175919921      at
    3.02557681642051     -2.32711136357148     -2.69518806097832      at
$end
