$coord
    0.28234454738972     -0.03480497578697     -0.85337518510248      nb
   -2.22299463499324     -2.85227343492053      0.17062998594965       o
    2.54654447158577     -3.17853559542157     -0.45551016785512       o
   -0.56545481180566     -0.15865063409230     -4.66272309320252       o
    2.94949871026281      2.26507127691270     -2.48223822535680       o
   -1.21055780036608     -9.24058916855682      2.40883786111951       o
    2.70951501960189     -7.50315985058820      1.01448095137756       c
    1.30912837173739     -9.42450374019900      1.99147559456810       c
   -2.45451443130883     -7.05610885276310      1.78959993198962       c
    2.03068193147492    -11.26091918031402      2.52849758708335       h
    1.50068216124354     -5.20147191745162      0.44518942861847       c
    4.72236965275022     -7.75018938510957      0.71783627947526       h
   -1.19123043744074     -5.03010985160079      0.83428290410721       c
    0.68184474465383      1.34452218618519     -6.14362605800402       c
    4.13399265200992      4.34412925234780     -6.30781793601532       c
    2.68830133205768      2.73427855767362     -4.92392330599684       c
    0.32050643266675      1.70157270959258     -8.75336864041852       c
   -1.13984765024163      0.68924207757370     -9.77496837908499       h
    3.69957900867921      4.69358383261949     -8.83094076405136       o
    1.83391060813513      3.36951453024023     -9.99534956269664       c
    1.72813073159348      3.81290437266900    -11.98807747876838       h
   -4.46771299461208     -7.16527266187841      2.12575632054069       h
    5.70190522168966      5.45360635812952     -5.60754136964723       h
   -2.55881200667732      2.61808477839732     -0.15177089715832       o
    0.98699375104055      1.02823059866966      2.86047201171778       o
   -0.85022161014357      2.36325785593523      3.89433796266752       c
   -2.78258146923273      3.26645529240204      2.19851323303210       c
   -4.72759946980367      5.28913423373374      5.72897441460761       c
   -2.95726321696894      4.38285087450332      7.32336563779096       o
   -4.70664713138267      4.81340267352313      3.20369635392497       c
   -6.12527965191065      6.41615404508749      6.70923998474948       h
   -6.17559946816393      5.58458422077925      2.00032291434437       h
   -1.00720040353227      2.95946248023427      6.39721124142878       c
    0.33993489593982      2.42369923429149      7.83807468907455       h
$end
