$coord
    0.00119562971986      0.00000056691784      0.93933164561075      fe
   -0.00126989595661     -0.00001020452108     -3.35036574643379      si
    3.04814279198042      0.00002683411099     -1.75667202116352       c
   -1.52504526634920     -2.63983099076382     -1.75439093275693       c
   -1.52502523525226      2.63984988802508     -1.75439962549711       c
    4.20020071861200     -1.70747867065388     -1.76992448151189       h
    4.20018597874821      1.70744749017281     -1.76993147349856       h
   -3.57982574127214     -2.78333358023084     -1.76642962201464       h
   -0.62265890033562     -4.49147705653582     -1.76758084317054       h
   -0.62266759307580      4.49145702543888     -1.76759803967829       h
   -3.57983764654674      2.78332885591552     -1.76643982653572       h
   -2.93760666375247      0.00000661404144      2.55901420737279       c
    1.47069371940629      2.54251444164965      2.56413442031094       c
    1.47069126276232     -2.54249535541578      2.56411249948788       c
   -4.86761891607542      0.00000396842486      3.55338620509934       o
    2.43521749297412      4.21030224961804      3.56511894769727       o
    2.43522826441304     -4.21031188722128      3.56509060180538       o
$end
