$coord
   -0.12218969130120      0.00575950728654      0.00000000000000      fe
   -3.31399097515403     -0.55133269949414     -2.17884288481492       c
   -3.38936969367253     -2.13258220028008     -0.00000000000000       c
   -3.31399097515403     -0.55133269949414      2.17884288481492       c
   -3.19189671502219      2.00707603962792      1.34657839718279       c
   -3.19189671502219      2.00707603962792     -1.34657839718279       c
   -3.29171677330795     -1.18464795442637     -4.12290657369228       h
   -3.43498541468059     -4.17682140492749     -0.00000000000000       h
   -3.29171677330795     -1.18464795442637      4.12290657369228       h
   -3.05910887268907      3.65629048539520      2.54797272659173       h
   -3.05910887268907      3.65629048539520     -2.54797272659173       h
    2.86381947257722      1.20057475518813      2.31190757202549       c
    2.93083955449560      2.53323985479631      0.00000000000000       c
    2.86381947257722      1.20057475518813     -2.31190757202549       c
    2.73087157044122     -1.46632637335670     -2.31283807316989       c
    2.66506242502432     -2.80047812050814      0.00000000000000       c
    2.73087157044122     -1.46632637335670      2.31283807316989       c
    2.75925903630461      2.22956256711644      4.08194959450242       h
    2.87461755663327      4.58261420121826     -0.00000000000000       h
    2.75925903630461      2.22956256711644     -4.08194959450242       h
    2.53128190955726     -2.47930215787498     -4.08375220425392       h
    2.41898814705960     -4.83552135090904      0.00000000000000       h
    2.53128190955726     -2.47930215787498      4.08375220425392       h
$end
