$coord
   -3.54440395887768      1.12835924923179     -3.78220029154786      te
   -2.90799049796202     -0.70433059582601      1.27896267358952       c
   -5.57548518948300     -0.55782806613411      0.93137174122320       c
   -6.47085103396621      0.24096426954765     -1.34185068036100       c
   -1.35852505677817     -0.01848171048399     -0.67859781722430       c
    1.35852505677817      0.01848171048399     -0.67859781722430       c
    3.54440395887768     -1.12835924923179     -3.78220029154786      te
    6.47085103396621     -0.24096426954765     -1.34185068036100       c
    5.57548518948300      0.55782806613411      0.93137174122320       c
    2.90799049796202      0.70433059582601      1.27896267358952       c
   -2.09906091545044     -1.41628623657005      3.02825418039569       h
   -6.86044717660444     -1.10526377241139      2.43857818191644       h
   -8.43662710911242      0.41929186589858     -1.87451798799170       h
    8.43662710911242     -0.41929186589858     -1.87451798799170       h
    6.86044717660444      1.10526377241139      2.43857818191644       h
    2.09906091545044      1.41628623657005      3.02825418039569       h
$end
