$coord
    2.76867289597343      5.92175123486245      0.00000000000000      cl
   -2.39829526803569      2.65856384584994      0.00000000000000       c
   -4.65089340765434      1.32758116941165     -0.00000000000000       c
   -4.65089340765434     -1.32758116941165      0.00000000000000       c
   -2.39829526803569     -2.65856384584994     -0.00000000000000       c
    0.00000000000000     -1.38542379639956      0.00000000000000       c
    2.39829526803569     -2.65856384584994     -0.00000000000000       c
    4.65089340765434     -1.32758116941165      0.00000000000000       c
    4.65089340765434      1.32758116941165     -0.00000000000000       c
    2.39829526803569      2.65856384584994      0.00000000000000       c
    0.00000000000000      1.38542379639956     -0.00000000000000       c
    7.52476263274174      2.88271371027449     -0.00000000000000      cl
    7.52476263274174     -2.88271371027449      0.00000000000000      cl
    2.76867289597343     -5.92175123486245     -0.00000000000000      cl
   -2.76867289597343     -5.92175123486245     -0.00000000000000      cl
   -7.52476263274174     -2.88271371027449      0.00000000000000      cl
   -7.52476263274174      2.88271371027449     -0.00000000000000      cl
   -2.76867289597343      5.92175123486245      0.00000000000000      cl
$end
