$coord
    0.00000000000000      0.00000000000000      0.00000000000000      mg
    0.00000000000000      0.00000000000000      3.96671466226240       c
    0.00000000000000      0.00000000000000     -3.96671466226240       c
   -1.91880107413577      0.00000000000000     -4.75056927983669       h
    0.95940053706789      1.66173047984440     -4.75056927983669       h
    0.95940053706789     -1.66173047984440     -4.75056927983669       h
   -1.91880107413577      0.00000000000000      4.75056927983669       h
    0.95940053706789     -1.66173047984440      4.75056927983669       h
    0.95940053706789      1.66173047984440      4.75056927983669       h
$end
