$coord
    0.00000736993189      0.00001625164468      3.00696414791599       w
    0.00001927520648      0.00004799904360      6.50116961095767       n
    0.00003836144036      0.00009335247062      8.70232411419595       o
   -3.59451061402396     -1.48775662351495      2.57042531858409       c
    3.59453839299801      1.48779101653044      2.57046821536715       c
    1.48778421351639     -3.59451590525711      2.57053397783633       c
   -1.48777438694053      3.59454632984774      2.57057668564677       c
   -5.58128079053855     -2.30995057164950      2.30516578509870       o
    5.58127247574359      2.30997494911652      2.30511778605510       o
   -2.30997589397959      5.58132274245854      2.30545888162083       o
    2.30999875966571     -5.58130705773170      2.30551141600713       o
   -0.00001133835676     -0.00001889726126     -3.00693844764068       w
   -0.00000264561658     -0.00001077143892     -6.50118586260235       n
    0.00000850376757     -0.00000510226054     -8.70232789364820       o
   -3.59452667669603      1.48775889118630     -2.57045857776390       c
    3.59449228368054     -1.48779706365404     -2.57047086098372       c
   -1.48778081200936     -3.59455993587585     -2.57050204146480       c
    1.48774509618558      3.59447754381676     -2.57043060981724       c
   -5.58129345170359      2.30996606740373     -2.30535211209471       o
    5.58127455444233     -2.31000972007724     -2.30535343490300       o
    2.30994660322463      5.58126491683909     -2.30516370639996       o
   -2.30996927993815     -5.58132822266431     -2.30553258093974       o
$end
