$coord
    1.29742794345622      0.00143978233533      0.48980359477980      nb
   -1.15161856530730     -2.22629636448043     -1.91252642750731       o
    3.62584850928773      3.39097066964640      1.65272291129264       o
    1.16322129474776      2.56248279967690     -3.03898064383157       o
    0.12876858383593      2.22847389589531     -4.50523596348594       h
   -4.59763771289184     -3.33400449763568      1.14283889772633       o
   -6.38607470742358     -3.07777993373087      0.89955215476994       h
   -4.11283924672912     -2.38841672471250      2.63972252048419       h
    2.14136961573817      4.06727379243600     -3.36767129137702       h
    5.29464391922644      2.89599376062431      2.22615198940441       h
    2.90797632501608      4.40484879838979      2.99801591676459       h
   -2.72921050117655     -2.72771875137276     -0.82945692152687       h
   -0.47171230171343     -3.76376336757305     -2.63278117847850       h
   -0.79556184886952      0.07760859534707      3.03575450338942       o
    3.68539850383040     -2.11111207690058      1.20209012656849       o
$end
