$coord
   -0.09028695689840     -3.20869656925412      0.00000000000000      ga
    0.03738180633226      2.79955895772050      0.00000000000000       c
    0.43589046429810      3.88796845178753     -1.70591227666812       h
   -1.89865678260621      2.08657832952576      0.00000000000000       h
    0.43589046429810      3.88796845178753      1.70591227666812       h
   -1.53500128844354     -2.71968439177585     -2.53762572016193       h
    2.45065674439540     -4.70056580373688      0.00000000000000       h
   -1.53500128844354     -2.71968439177585      2.53762572016193       h
    1.69912683706782      0.68655734366662      0.00000000000000       f
$end
