$coord
   -1.75492232374354     -0.35791847461702      0.18738051832970      nb
    0.84783318529303     -1.00133904000755      3.00228839856266       c
   -2.98181340496106      3.32630764312486      0.37078467494527       c
   -3.67484740697900      5.42941408426564      0.47143734656211       n
   -4.78033889138857     -2.75534068918254      0.64439434126320       c
   -6.50334336292030     -4.12586871939464      0.90376851170206       n
   -0.10427376481930     -1.00762767060934     -3.27139314676904       c
    0.84071666567547     -1.37389741189459     -5.24261484569227       n
    2.33256964851355     -1.36051285969001      4.60834622392952       n
$end
