$coord
   -0.70130174279140     -3.48478971364673     -3.35300890636610      nb
    0.75173154110522      1.79418743113288      0.29105070462439      nb
    4.14653514225279      3.02804990100148     -2.28088809561394      cl
   -4.89571612000587     -3.64655593920281     -4.31962328394703      cl
   -3.27284502335158      2.40197947809076      2.06681481781056       s
    1.04496280070629     -6.60598175875024     -0.42809969039882       s
    0.55713850507076     -3.46706162594175      0.33947247995681       n
   -2.24980588029501      5.06602825402114      0.26030618336416       c
    0.42759740119456     -1.88883228545023      2.17125204393976       c
    0.14619809481302      6.31259100626414      0.88819149924620       b
   -0.14743832206945     -0.08883772593244     -2.83218092188682       h
   -3.42077996544692      5.49527481920578     -1.37795597669520       h
    1.07933824174484      8.21475549850526      0.15020450317255       h
    0.59397966075840     -2.53310303862480      4.12859049193378       h
    2.70868902031226      1.39319208255795      2.90930423556475       h
    1.60977775124571      4.98681660400147      2.27105830722480       h
    0.67325612838419     -5.47677458940576     -5.54526090982523       h
    1.17311703457869     -2.09221387077844     -5.65335192141887       h
$end
