$coord
   -0.55280687484496     -0.25860883135787     -0.86702259821117       w
   -2.09303004349222      3.50425351479835     -2.68133391183145       p
    2.27816518923912     -2.92735074212195     -3.07539358757908       p
   -2.48189486211972      1.38254593248242      2.55839229850476       o
    0.09266612209091     -3.25071935397900      2.07538283606543       o
   -3.37882993517789      0.08132134026664      6.16703315066258       h
   -0.56920705200126     -3.60863896243170      5.95599571788048       h
   -4.36783208714506     -1.92222015561538      3.60069436482577       h
   -2.85935575049521     -0.67613115771215      4.30211478241788       c
    1.18164215605050     -0.82895973458314      4.96926558363449       h
   -0.38320471093518     -2.11275217020526      4.52972605818725       c
   -6.13208115418302      1.53369794433450      1.07538285599070       h
    2.61567821217598     -5.95245588290143      3.44525324158571       h
   -4.73986983948442      2.82515114069844      1.91604056221105       c
    2.14495499311685     -4.85956452538158      1.76839210259640       c
   -5.64686184601205      5.91383592801148     -0.55803650292579       h
   -3.95994263971759      4.89956322445299      0.08312867433346       c
   -2.72150514289816      6.24715073538702      1.05291703591546       h
    4.73520731821396     -2.41654775474061     -4.05672704195470       h
    1.52328026214760     -4.67487100863030     -4.95538781291105       h
   -0.85425674234022      5.77246173708006     -3.43617008398892       h
   -3.97178328567731      3.46652021940668     -4.58447293583570       h
   -3.39366258451275     -1.81463634651394     -2.04226500776367       n
   -5.31562063511447     -2.83731322907217     -2.72790262172481       o
    2.50172186863275      1.25340734027103      1.06595104392368       o
    3.86715765385336      1.95124030178572      0.09615021014925       h
   -5.50229042744822      3.62996489970779      3.67270842597709       h
    3.25550262874890     -5.08719035204212     -0.47882447496089       c
    4.72892927007847     -6.50384640801501     -0.68622720851242       h
$end
