$coord
    0.79284952496100     -3.10315593204001     -3.25322494184934      ag
   -3.73174649371225     -1.71323250876205     -4.78107267204326      ag
    5.29700928941824     -2.79158922675709      0.09322170157193       o
    2.40269662915554     -0.08124102690629      1.59483814341212       o
   -0.21359876757316      2.99747016385943      3.66735747747897       n
   -3.76643373956157      0.99036010916125     -1.56736662780197       n
   -2.02538465119877      1.03177893741628     -0.23124238452031       c
    3.22207885378735     -2.02335659712045     -0.30448023231077       c
    0.23621293114928      1.24897479867010      1.72517463301472       b
   -1.80126067602215      4.03066034874654      3.82971669909336       h
    1.08075402455837      3.31087897416988      5.03014915790421       h
   -1.49317711393450     -3.89754785146498     -5.80307114292229       h
$end
