$coord
   -2.62224501046351      0.96002112312764     -3.21486444635647      mg
    1.99416732046184     -2.45760299968902      4.82856508006696      cl
    5.37972505859319      3.08109224568436      2.12329986554962       p
   -2.91834147281668     -2.66808239634614      1.16306161289012      mg
    3.41558567524463     -0.51398604206782     -0.69241077034162      mg
   -0.16623939626872      2.66138785257250      1.89017455791746      mg
    0.96532312771909     -6.01539585714136     -5.43657822498157       f
    0.72538554637565      1.94997267350046     -1.84103563152025       f
    0.64791622384406     -1.30722938595346      2.10430792901164       o
   -3.60893489354301      1.05752569999132      0.48933739934454       o
   -0.38169897715806     -4.52382236479731     -4.09458883872294       c
   -1.73498061085467     -3.12839322445151     -2.83405250664192       c
    4.19099869724189      3.17648373079406      4.53087274400046       h
    5.09741320346545     -2.60097746572470     -2.57365164799885       h
   -4.11531270925532      2.51870861677853     -5.67468787424343       h
   -4.76493989113377     -4.63211368736029      3.01929914623024       h
    4.28453598307685      5.38425662184311      1.26766513491840       h
   -5.01189534839100      1.96706089993921      1.19039121006822       h
   -1.37646233716528      5.09109377032780      3.75489563875462       h
$end
