$coord
   -0.70349250228917     -1.50120296976384      5.00419339161964      cd
    3.55686235630795      2.36920066665599      1.23507945349369      cd
    1.81122879236370      0.24841640452517     -2.68842057377622       o
   -2.98349979655582     -1.34815329493612     -0.28071276888000       n
   -1.02049859525290     -1.92507175233937      1.07496711624300       n
   -2.63589091179130     -0.58944734161802     -2.66651524646992       c
   -0.31500166046198      0.20770320000555     -3.74928409702374       c
    0.65250939216569     -1.81098331693994      0.10608506731099       h
   -0.99345434671981     -1.44269723787835      8.10175932480660       h
   -4.35370487257300     -0.31390958773382     -3.75689761461240       h
   -0.46195545675275      0.97366494575669     -5.69196393945909       h
    2.90461998244385      0.19341913816504      3.61532613627345       h
    4.54227799706076      4.93906133507365     -0.30361568260816       h
$end
