$coord
    0.00000000000000      0.00000000000000     -0.00000000000000      pd
   -7.97568624631667      1.28357832965205      0.00000000000000       c
   -7.97568624631667     -1.28357832965205     -0.00000000000000       c
   -5.37455760250189     -2.08007162452903      0.00000000000000       c
   -4.57168421427862     -4.57168421427862     -0.00000000000000       c
   -3.83342075127275      0.00000018897261     -0.00000000000000       n
   -5.37455760250189      2.08007162452903      0.00000000000000       c
   -4.57168402530601      4.57168402530601     -0.00000000000000       c
   -2.08007143555642      5.37455760250189      0.00000000000000       c
    0.00000018897261      3.83342131819059      0.00000000000000       n
   -1.28357814067944      7.97568624631667     -0.00000000000000       c
    2.08007162452903      5.37455741352928      0.00000000000000       c
    1.28357832965205      7.97568605734405      0.00000000000000       c
    4.57168402530601      4.57168383633340     -0.00000000000000       c
    5.37455741352928      2.08007162452903     -0.00000000000000       c
    7.97568605734405      1.28357832965205      0.00000000000000       c
    3.83342112921798      0.00000018897261     -0.00000000000000       n
    5.37455760250189     -2.08007143555642     -0.00000000000000       c
    7.97568624631667     -1.28357832965205      0.00000000000000       c
    4.57168421427862     -4.57168402530601     -0.00000000000000       c
    2.08007162452903     -5.37455760250189      0.00000000000000       c
    1.28357832965205     -7.97568624631667      0.00000000000000       c
    0.00000018897261     -3.83342075127275     -0.00000000000000       n
   -1.28357832965205     -7.97568624631667      0.00000000000000       c
   -2.08007162452903     -5.37455779147451     -0.00000000000000       c
    9.57709251082461      2.55433808007423      0.00000000000000       h
    9.57709251082461     -2.55433808007423     -0.00000000000000       h
    6.02268812128863     -6.02268812128863      0.00000000000000       h
    2.55433808007423     -9.57709269979722      0.00000000000000       h
   -2.55433826904685     -9.57709269979722     -0.00000000000000       h
   -6.02268831026124     -6.02268831026124      0.00000000000000       h
   -9.57709269979722      2.55433808007423     -0.00000000000000       h
   -9.57709269979722     -2.55433826904685      0.00000000000000       h
   -6.02268812128863      6.02268812128863     -0.00000000000000       h
    2.55433808007423      9.57709251082461      0.00000000000000       h
   -2.55433808007423      9.57709251082461     -0.00000000000000       h
    6.02268812128863      6.02268812128863     -0.00000000000000       h
$end
