$coord
   -3.78174562344197      0.23485176142079      0.00000000000000      sn
   -0.76818727620962      2.46245543843512      0.00000000000000       o
    0.57408802561187     -0.06044118938365      0.00000000000000       n
   -6.73577854257128      2.33925814516359      0.00000000000000       f
   -4.15898182338108     -1.77461667148252     -2.99026596094963       f
   -4.15898182338108     -1.77461667148252      2.99026596094963       f
    2.09647444730191     -0.14712689520390      2.30366836611653       c
    2.09647444730191     -0.14712689520390     -2.30366836611653       c
    0.85466870263566     -0.04350111747317      3.94926134073612       h
    3.45194400590710      1.42683714444883      2.34512423300363       h
    3.11170618686929     -1.94965482156608      2.34287621480425       h
    0.85466870263566     -0.04350111747317     -3.94926134073612       h
    3.45194400590710      1.42683714444883     -2.34512423300363       h
    3.11170618686929     -1.94965482156608     -2.34287621480425       h
$end
