$coord
    0.03535186252781     -0.01852177267786     -0.02548050016390      ru
   -3.49757711239552      1.40937645299067     -0.18027495912368       n
   -2.07574056122106     -2.83798219212074      1.45283051628331       n
    2.01331005714467      2.82736703355368     -1.55803856169926       n
    3.51290657072888     -1.50716996897901      0.26328439173859       n
   -4.06778420746261      3.72143501413362     -1.16701227432894       o
    0.88127510162538      4.78643325814462     -2.54514456247169       o
    3.88834620804010     -3.63690548582303      1.42902979367272       o
   -1.10437333346087     -5.05653918325251      2.32573583192443       o
   -4.51305999656504     -2.45297128095442      1.60736381509248       c
   -5.33238137201560     -0.02905094870619      0.64593541291888       c
    4.46947289655313      2.39306752968098     -1.63134576243854       c
    5.30817341342488      0.01514709976221     -0.56030889859220       c
   -7.29831372751241      0.56574450682076      0.62016238315069       h
   -5.79980286158753     -3.83989608681579      2.40687859307217       h
    5.75673146783539      3.74690512080383     -2.49143193193195       h
    7.29146158057987     -0.50496581235102     -0.41005979788307       h
   -2.34470792633810      4.37245190060507     -1.70511651299650       h
    0.77467583983554     -4.82279215572492      2.03666971767747       h
   -0.36599308538041     -1.28440640764043     -3.89773417846100       o
   -2.06264400327807     -1.89345587836249     -4.19502664847926       h
   -0.20768883808699      0.24108634585539     -4.90522673365234       h
    0.83578296870595      1.38789064488432      3.71528697915559       o
    1.76799355935644      2.94676427655862      3.48326546055357       h
    2.04277863532469      0.20214211396223      4.42632421300245       h
$end
