$coord
   -0.28798991521826      4.08871046766308      3.66734519425915       k
    6.47173863832755      0.61106108418309     -0.00325051790917       h
   -3.49478031772918     -0.16315970960133     -2.44488438697121       h
   -3.82320829334312     -0.16589036385327      0.21023618890472       p
    3.80258552315848      0.49995992784349      0.09111862536641       p
    3.44336351545980      0.50166748437086     -2.55994376365413       h
   -6.48070595571282     -0.44694007090151      0.14772291482401       h
   -3.28866033027191     -2.76787297490434      0.52806091122619       h
    3.65765732430207     -2.15753584480008      0.36359521189925       h
$end
