$coord
    1.41419015235120     -1.11770837484095      5.79469701056794      cd
    1.94813926121311      2.29139969718930      0.88777084621058      cd
    3.04779508237326      0.23322319544549     -3.14008099156764       s
   -3.40837655904691      0.80992225564552     -0.41039786988700       p
   -2.01863587228532     -2.15655847844776      1.83084849592071       p
   -2.26322690421382      0.35945349914910     -3.55231170682415       c
    0.09699170519312     -0.01063707939012     -4.52192640257518       c
   -0.45763176337667     -3.43042021430562      0.04879442932445       h
    0.46244735246332     -1.61808574318565      8.75595529753967       h
   -3.77914517132010      0.54186706132946     -4.94414998958550       h
    0.21043479912055     -0.41424573022457     -6.54236223899543       h
    3.40293641547564     -0.39920199848144      3.21141928665633       h
    1.34408131308002      4.91099172114464      2.58174383321521       h
$end
