$coord
   -1.02849875080693      0.14963550663604     -0.03285572328810      ti
   -2.47956690850522      2.43356946281972      2.87633701843523       c
   -2.97583771300571     -2.37921734895897     -2.39972390098687       c
   -4.00369887021776     -3.82751006589614     -3.70110515149849       n
   -3.22459370131571      3.66866138850584      4.53978677110898       n
    0.92137565693498     -2.55146437355457      2.22080198576935       c
    2.18893761280690     -3.89245012626773      3.31469470916332       o
    2.79341942651003      0.59766198108734     -0.78021500505580       c
    1.44103730244935      2.13871341669559     -2.10615362451881       c
    1.63844810911015      3.62201576675916     -3.50595086680464       h
    4.72897783603991      0.04038458114632     -0.42561640129677       h
$end
