$coord
    0.00016365028250      0.00000000000000      0.00000000000000      ru
    2.60318863426463      1.65924775766018     -2.32721019624786       o
    4.95166202888121      1.40471657733679     -1.90459656976516       c
    4.95166183990859     -1.40471657733679      1.90459656976516       c
    2.60318863426463     -1.65924775766018      2.32721019624786       o
    0.13615155483724     -3.08507181993291     -2.32622035770311       o
   -2.73887890695453      1.42530382067027     -2.32696925616681       o
   -1.25887753048770     -4.99147742451841     -1.90422977392412       c
   -3.69276106578954      3.58640860223174     -1.90416797987981       c
   -3.69276106578954     -3.58640860223174      1.90416797987981       c
   -1.25887734151509      4.99147723554580      1.90422977392412       c
   -2.73887890695453     -1.42530382067027      2.32696925616681       o
    0.13615155483724      3.08507181993291      2.32622035770311       o
    6.13649158598827      0.00000000000000     -0.00000000000000       c
   -3.06822831302747     -5.31501989117904     -0.00004743212576       c
   -3.06822850200008      5.31501989117904      0.00004743212576       c
    6.20261291416117      2.41801021378945     -3.22850448953328       h
    6.20261310313378     -2.41801021378945      3.22850448953328       h
   -1.00692053509303     -6.58126716458517     -3.22844760877689       h
   -5.19594409058812      4.16305871852512     -3.22787936813083       h
   -5.19594409058812     -4.16305871852512      3.22787936813083       h
   -1.00692053509303      6.58126716458517      3.22844760877689       h
    8.19099597192422     -0.00000000000000     -0.00000000000000       h
   -4.09583038878766     -7.09405549823439     -0.00042651118662       h
   -4.09583038878766      7.09405549823439      0.00042651118662       h
$end
