$coord
    1.18269000918731     -2.80360580621913      1.81120876126676       k
   -5.28868863631326      1.40394783674878      1.77431072482274       k
    6.40664513219453      2.42427938021214      0.96673702080650       k
    6.35965935974519     -3.00624756376905      1.23464840696437       n
   -2.64707090949739     -2.02178528984676     -1.70911989779424       n
    0.76745084993835      3.30888436824399      0.68559792971250       c
    8.49697967034076     -2.61746589309108      0.78923977011530       c
   -0.19058360411311      2.06595801598508     -1.39902339943727       b
    1.36257870829085      3.43461200479811      3.29055667043926       b
   -1.64766827185107     -0.10121335335840     -3.21219142875138       b
   -9.33408809295143      1.19886833249643      4.02716983561938       h
   -1.85275079966521      0.03465266386122     -5.50169214015675       h
   -3.61515341530554     -3.32088488503395     -2.75744206463455       h
$end
