$coord
   -0.00538742021235      3.25322154034231      0.00000000000000      pd
    2.86756283106003      0.06887617091925      0.00000000000000      si
   -2.84308048423583      0.04942616476834     -0.00000000000000      si
    4.46983685780499      0.42499524831918     -2.29266675855672       h
    4.46983685780499      0.42499524831918      2.29266675855672       h
    1.99386496428170     -2.60498368511163      0.00000000000000       h
   -5.22745130531276      1.58186403972209     -0.00000000000000       h
   -2.86259115059537     -1.59919736363937     -2.27392899018267       h
   -2.86259115059537     -1.59919736363937      2.27392899018267       h
$end
