$coord
   -3.33361105665627      0.50059393095874     -3.97195506178215       w
   -1.85235055567174     -0.45224868953441     -0.02466470539535       w
   -0.47837585397860      2.36452831880968     -6.72512464461864      cl
   -5.89385188525739      2.00071862299514     -0.27883022371337      cl
    0.18380818006128      3.79862957048650      1.28329203614398       s
    2.55838020425755     -0.68989082055272     -0.02940829591660       n
    1.81206669692793     -2.79443931170019     -0.25115291692810       c
   -0.08434981535602     -4.56121021825317     -0.36998815538320       c
    3.43556215909422      2.07786782592100      0.42566232164163       b
    0.18409693021332      3.35883530995750      3.79871630891568       h
   -0.32831988327954     -5.76698795638376      1.27566888095207       h
   -2.75079703168541     -2.37798203499047     -5.19769567773422       h
    4.15496332077434      2.94795083559308     -1.53441150491965       h
   -5.87547373176510     -1.47874168503130     -4.17999595584640       h
   -0.45828315197227     -5.42310069825160     -2.19581734974088       h
   -4.06387134054631     -2.69702222915613      0.67919534862531       h
    4.88420693200864      2.16048721906352      2.16514407115560       h
$end
