$coord
   -0.72201578674793      2.53018416765072     -2.78304785364060       s
   -0.50859087397835      5.11676418796735     -1.80618681408716       o
    1.96057498192987      1.92863067355230     -4.47802900953341       n
   -0.43788582611445      0.40701790573820     -0.14595828856764       c
    1.46658564378118      1.33368196123653     -6.23606843652163       h
    3.01039059932749      3.53372247092360     -4.57899424185147       h
    0.72715055057724      1.25239803754719      2.05087214334934       c
    0.93387902984705     -0.39882386428365      4.08475149142930       c
   -0.02009610351335     -2.84414194340075      3.90484710759891       c
   -1.19883375050833     -3.65038320152561      1.69467029594509       c
   -1.42010310539916     -2.02035590100512     -0.35401826886576       c
    1.42623526667773      3.17673449745097      2.16470338702304       h
    1.83037379671788      0.23363458882310      5.81848393817781       h
    0.14113211701468     -4.12353774221833      5.50137617794850       h
   -1.96274079704277     -5.55035674529636      1.56740253259836       h
   -2.36412637406270     -2.60038938295432     -2.07948996682748       h
   -2.86192899056086      1.67522010082158     -4.32531438314781       o
$end
