$coord
    1.72882104854727      2.59529449234626     -0.16578057076535       p
   -0.55933455580168     -2.14264253525658      1.49637075108729       p
   -2.83434333549269      0.69555584153297     -2.69913173043048       p
    1.87393670823537     -0.29333217097620      0.95876653395264       o
   -0.13041925960691      2.21377239355358     -2.60702080987535       o
   -2.11459862160288     -1.90323407722838     -1.16540260561490       o
    0.89468403129699      4.53746769920726      1.64254919274859       o
   -2.03906891396692     -1.53182371396283      3.77122778577039       o
   -3.66114651462095      0.18438227885834     -5.29618612471779       o
    4.77933355708959      2.96617119695386     -1.60182011452952       c
    0.81601511062067     -5.23538532045239      1.27672051354113       c
   -4.92694573396262      2.41656910864583     -0.65256268244244       c
    6.20869424180696      3.00309776826238     -0.10975415955705       h
    1.84015558606342     -5.46147177621077     -0.50142389867324       h
   -6.67596001794612      1.33496300657729     -0.44362038901613       h
    4.80970051106986      4.77252638563884     -2.60536238622726       h
    5.16566066250261      1.42458345707108     -2.91943184479133       h
   -0.70425651856187     -6.63044520831318      1.39369418278960       h
    2.09691607629754     -5.50287114028671      2.87619585589362       h
   -5.34472487409741      4.24259388965755     -1.52638564909030       h
   -4.06443183331525      2.71176984081532      1.20503337500960       h
$end
