$coord
   -2.41060815655426      2.41060815655426      2.41060815655426      hg
    2.41060815655426     -2.41060815655426      2.41060815655426      hg
    2.41060815655426      2.41060815655426     -2.41060815655426      hg
   -2.41060815655426     -2.41060815655426     -2.41060815655426      hg
    1.53090455117519      6.49663464620071     -1.53090455117519       o
    0.00000000000000      0.00000000000000      0.00000000000000       o
   -1.53090455117519     -6.49663464620071     -1.53090455117519       o
    6.49663464620071      1.53090455117519     -1.53090455117519       o
    1.53090455117519     -6.49663464620071      1.53090455117519       o
    1.53090455117519      1.53090455117519     -6.49663464620071       o
    1.53090455117519     -1.53090455117519      6.49663464620071       o
    6.49663464620071     -1.53090455117519      1.53090455117519       o
   -1.53090455117519      1.53090455117519      6.49663464620071       o
   -1.53090455117519      6.49663464620071      1.53090455117519       o
   -6.49663464620071     -1.53090455117519     -1.53090455117519       o
   -6.49663464620071      1.53090455117519      1.53090455117519       o
   -1.53090455117519     -1.53090455117519     -6.49663464620071       o
    7.48098240271977      0.00000000000000      0.00000000000000       c
    0.00000000000000      0.00000000000000     -7.48098240271977       c
    0.00000000000000      7.48098240271977      0.00000000000000       c
    0.00000000000000      0.00000000000000      7.48098240271977       c
   -7.48098240271977      0.00000000000000      0.00000000000000       c
    0.00000000000000     -7.48098240271977      0.00000000000000       c
    9.57597965110906      0.00000000000000      0.00000000000000       h
    0.00000000000000     -9.57597965110906      0.00000000000000       h
    0.00000000000000      0.00000000000000      9.57597965110906       h
   -9.57597965110906      0.00000000000000      0.00000000000000       h
    0.00000000000000      9.57597965110906      0.00000000000000       h
    0.00000000000000      0.00000000000000     -9.57597965110906       h
$end
