$coord
   -4.45257231991869      0.56912503788739     -2.98438721194455      cs
   -5.70335010628552     -2.09743858557135      6.11083118389718       c
   -5.30126646443469     -1.70808848527472      8.08343294981016       h
   -4.81967505248024     -0.46206524984067      4.34215977977938       c
   -7.42144922673962     -3.13906224021316      5.70097396465481       h
   -3.85581759634440      0.78651629682264      2.73323127145465       n
    2.09743858557135     -5.70335010628552     -6.11083118389718       c
    1.70808848527472     -5.30126646443469     -8.08343294981016       h
    0.46206524984067     -4.81967505248024     -4.34215977977938       c
    3.13906224021316     -7.42144922673962     -5.70097396465481       h
   -0.56912503788739     -4.45257231991869      2.98438721194455      cs
   -0.78651629682264     -3.85581759634440     -2.73323127145465       n
    5.70335010628552      2.09743858557135      6.11083118389718       c
    5.30126646443469      1.70808848527472      8.08343294981016       h
    4.81967505248024      0.46206524984067      4.34215977977938       c
    7.42144922673962      3.13906224021316      5.70097396465481       h
    4.45257231991869     -0.56912503788739     -2.98438721194455      cs
    3.85581759634440     -0.78651629682264      2.73323127145465       n
   -2.09743858557135      5.70335010628552     -6.11083118389718       c
   -1.70808848527472      5.30126646443469     -8.08343294981016       h
   -0.46206524984067      4.81967505248024     -4.34215977977938       c
   -3.13906224021316      7.42144922673962     -5.70097396465481       h
    0.56912503788739      4.45257231991869      2.98438721194455      cs
    0.78651629682264      3.85581759634440     -2.73323127145465       n
$end
