$coord
    1.36881574936941     -0.68346480686157     -0.12408508660548       w
   -0.91852840658108     -0.37590035254071     -3.17427879835035       c
    0.55645612496670     -2.32345946783316     -3.48000927346602       c
    1.08033639508454     -3.87529179098972     -4.70101782622620       h
    1.06403316087850     -4.82054205882681      1.63465542877545      cl
    5.68162543679686     -1.53240121426691     -1.06461595241573      cl
    2.30802267305585      3.61205142986986     -0.63865996733414      cl
   -2.25798801647496      0.31960163179767      2.32305676719573      cl
    3.22382533867292      0.03990081125809      3.85733712512224       o
    2.04693130848637     -0.50308950328061      5.14974595598805       h
    4.68652192608698     -1.05331709093631      3.99457546145449       h
   -2.42229743545129      0.74716029360664     -3.98055444949071       h
$end
