$coord
   -1.12782483468338     -0.13770963402805      0.24037448602376      zr
   -2.79547658237070      2.71309075937733      2.91885623421338       c
   -3.35973500856604     -2.33687935791630     -2.63472098234675       c
   -4.50775515738439     -3.59337148711526     -4.02896261879502       n
   -3.64746395260631      4.09540160992969      4.40337953632690       n
    1.45494871029784     -2.80587650113202      2.39528228870054       c
    2.99446549931924     -3.99439272493812      3.31437005421489       o
    2.90332778771896      0.47775318922011     -0.72595813339180       c
    1.47045958233929      2.02872058472884     -1.98959380529192       c
    1.72305247057533      3.52309767475329     -3.37208210112750       h
    4.89200167433278      0.03016550917525     -0.52094495852648       h
$end
