$coord
    0.55689057300304     -5.08789030659916      0.15083586067122       p
    2.37063364597726      2.45565582588888      0.25632944370480       c
    4.10861646472816      3.54027660804608      0.38366656000035       h
    2.46732809725077     -0.17350520425022      0.28029154892653       c
    4.28045096211047     -1.12624993693005      0.44105962114291       h
    0.25324484374948     -1.60348741989040      0.11185270041987       c
   -2.06775835806523     -0.34735414968275     -0.04778626043628       c
   -3.80902608774080     -1.42820511719138     -0.17556973004278       h
   -2.16428424576831      2.27831220993171     -0.05009871829655       c
   -3.97953664299929      3.22981728227294     -0.16921533697180       h
    0.05476936538935      3.68609600174347      0.09515489139874       c
   -0.02540472214625      5.73704184441172      0.09163830005103       h
   -1.91543055861761     -5.63387602602004      1.04415777737665       h
   -0.13049352584366     -5.52663123378558     -2.41231646897209       h
$end
