$coord
   -0.40059000232092     -1.14442381102813      0.00001625164468      ir
   -2.01691792226426     -3.03096385868763      2.65379568888905       c
    2.84354214432839     -3.21127377774464     -0.00002267671351       c
   -2.01696762206137     -3.03095573286529     -2.65377603573734       c
   -2.92437480141887     -4.13666774831375      4.27503519600623       o
   -2.92443924107976     -4.13657496276097     -4.27500873984047       o
    4.74641963023681     -4.30442251596284     -0.00006387274306       n
    1.13387932821818      1.72323426222864      2.57707772146512       c
    1.13393356335799      1.72321271935081     -2.57699797502261       c
   -1.04519032373185      2.80028688022420     -1.33759841863248       c
   -1.04526005462589      2.80029916344401      1.33758500157698       c
    3.02215187678991      2.24375403237679      1.96325574741208       h
    0.97922924433442      1.40065555589222      4.59844632670112       h
    3.02219382870991      2.24365274305644     -1.96322022056091       h
    0.97928895968000      1.40060774582123     -4.59846068861967       h
   -2.74342388725995      3.32979210912842     -2.36366282424401       h
   -2.74347453192013      3.32978681789527      2.36359895150096       h
$end
