$coord
   -2.47035090316178     -2.47035090316178     -2.47035090316178      as
    2.47035090316178      2.47035090316178     -2.47035090316178      as
    2.47035090316178     -2.47035090316178      2.47035090316178      as
   -2.47035090316178      2.47035090316178      2.47035090316178      as
    0.00000000000000     -4.91356193764849      0.00000000000000       s
    0.00000000000000      0.00000000000000     -4.91356193764849       s
    4.91356193764849      0.00000000000000      0.00000000000000       s
   -4.91356193764849      0.00000000000000      0.00000000000000       s
    0.00000000000000      4.91356193764849      0.00000000000000       s
    0.00000000000000      0.00000000000000      4.91356193764849       s
    4.69721437445259     -4.69721437445259      4.69721437445259       s
   -4.69721437445259     -4.69721437445259     -4.69721437445259       s
    4.69721437445259      4.69721437445259     -4.69721437445259       s
   -4.69721437445259      4.69721437445259      4.69721437445259       s
$end
