$coord
    2.58712426144090     -0.29381367319308     -2.46293202736407      sn
   -0.93527667128977      4.09984681269566      0.52920608525849      sn
    2.52429105672708      5.93845509100719     -5.24822903303973      sn
    1.40104030413145     -2.82307452065868      2.02092489754163      sn
   -3.15632205378414     -4.62811616071354      4.81700581432739      sn
   -2.05359202616236     -5.97266423614666     -2.29174986344043      sn
    5.80640480878100     -1.90817930152727     -5.03917921419686      cl
    1.58292946731188     -6.28210348775703     -0.89041400614289       f
   -4.65311761530453     -1.21718204632783      5.44108522179186       f
   -0.55815158724686     -2.68968253288310     -4.05722536273410       f
   -2.44039213002470     -3.84092938906143      1.00846538620096       o
   -0.39190198645706      1.05245367506939      2.97943235004242       o
    1.90443273051005      3.45000628073759     -2.15203239540360       c
    0.75512530025473     -5.05491382981162      5.24113670191659       c
   -4.09095206079363      3.77675315598993     -0.14773500907122       h
    0.01778950380407      6.13924869640597     -7.29995004136483       h
   -1.92984595642387      0.69117205486609      3.94059127727046       h
    3.00712704230804      8.88284700538735     -3.98689391372529       h
    1.60685547876461     -4.42146119179003      7.01529624864925       h
   -0.42001525305958      6.71698597213958      2.35888011639195       h
    5.13879442617057      4.95714847074255     -6.86300435399802       h
   -5.70234722863051     -6.57279646722579      5.08732093211742       h
$end
