$coord
   -0.96018042704005     -1.41635502260104      0.00000000000000      sb
   -1.78050090069338     -0.23453712202083      5.30262952388930       s
    1.36167107283258      2.71872951316443      0.00000000000000       s
   -4.25327065329631      3.19645152190347      0.00000000000000       s
    2.59669534632339     -3.09826758849751     -3.18089926485986       s
   -1.78050090069338     -0.23453712202083     -5.30262952388930       s
    2.59669534632339     -3.09826758849751      3.18089926485986       s
    1.52111444703470     -2.40944106169890      7.51469266016200       h
   -1.11465268769535      6.47974597484086      0.00000000000000       h
    1.52111444703470     -2.40944106169890     -7.51469266016200       h
   -1.38322169854504      4.42972798770043      0.00000000000000       c
    0.83792913066715     -1.96083822077921      5.61586353453311       c
    0.83792913066715     -1.96083822077921     -5.61586353453311       c
$end
