$coord
   -2.78535728793907     -0.93592919372105     -2.30285691771807      ga
   -6.78228526944771     -0.92442321825823     -3.33514135687303      cl
    0.99046007567331      1.85917435671239      1.81357318659550      ga
   -2.89624660597995     -0.50975740191588      4.35627225448766      ga
    0.78637003202049     -4.00256276687087     -0.07330927943802      ga
    0.71855456437572     -1.70072819098692     -5.89558552000530      ga
   -4.94257584772262      2.24527563985337      4.47577173167601       f
   -0.52431717479816     -6.79803991615940      1.34402424335101       f
   -0.45892225734806     -2.37444730227196     -8.97858468832331       f
    0.32422220114812      1.60291105342200      5.40034782877783       o
   -0.73613468652504     -3.78109007744889     -3.45358069770475       o
   -1.21422897131088     -0.85589948126147      1.02168099688988       c
    3.42915031834901      4.53008699587730      0.98095815476702       c
    3.53633709599140     -0.87651072411674     -5.74936342567048       h
    3.94267753491346      4.47992875120778     -1.01803477032994       h
    5.13540293469241      4.28769447132369      2.12423093361186       h
    2.61519727687693      6.38208171611953      1.41490805930643       h
   -1.29386675457194      0.81650908502998     -4.73884768662291       h
   -0.02564263866551      3.10347567370052      6.37015811118289       h
   -3.57485443875272     -2.45500935058121      6.45425432529282       h
    3.75605971004818     -4.09274011965396     -0.21087529428050       h
$end
