$coord
    1.65276354040435      0.72397751143923     -0.18049700194347      ag
   -2.02144230455491     -0.23478618792422      0.29443123569103       c
   -2.90805493762291     -2.90293982694531      0.09123333174225       c
   -3.81690908027502      1.40363168556791      0.80161955493873       n
   -4.94945256109479     -3.16406293891370      0.39420612952238       h
   -5.65548787885898      0.88829146575827      1.03382834539983       h
    4.97934935121494      1.87299335695332     -2.70514087053825       o
    6.38139990293331      1.93992934605910     -0.77721128537867       c
    5.61809208855339      1.44748920538843      1.42696205534576       o
    8.39253337352616      2.45985687603939     -1.03526132472110       h
   -1.86066875213276     -4.05919974859045      1.45256368695433       h
   -2.39402845541600     -3.63522457443403     -1.77607950847659       h
   -3.41809390873155      3.26004401857468      0.97934565146378       h
$end
