$coord
   -1.49478262525107      0.70838311350302      2.34139977178208      al
   -1.44943562329811      0.98974481433465     -5.84442175206418       h
    0.82283078583898      3.25501281173706     -5.13625784679177       h
   -4.02821012985169     -2.24786494259109     -1.49798382130836       c
   -6.23601098884740     -0.95041753495577     -0.17839033525831       c
   -5.47295998824800     -0.60855398453185      2.48946586087056       n
   -0.58365967741220     -1.21149094712705      5.46860946076094       c
   -2.05642378076204     -0.43965479874091      7.85476607302685       c
   -2.30070244096192      4.40031704616725      2.50586773878038       c
   -4.84836147301675      5.28874362734352      3.57493494108568       c
   -1.80917522698267     -0.99499012714233     -0.75555483500315       o
   -4.27458052790034     -2.16357200799146     -3.55929878020208       h
   -3.94422049629527     -4.26055857107349     -0.95399119603248       h
   -6.50586406859965      0.93555691767425     -0.99369453091041       h
   -7.99723044696030     -2.02874515116848     -0.40454841163686       h
   -2.03960994255677      5.20233401051026      0.60267277888280       h
   -0.77633445245625      5.25737625235219      3.63996797598267       h
   -4.98824788256923      7.35168639632210      3.76056141562531       h
   -6.43159027294697      4.72053132717494      2.35521442565292       h
   -5.20638728407772      4.50055700159819      5.46209765350367       h
   -1.50701879088894     -1.51161800633417      9.54613274975864       h
   -1.77661713555941      1.56767068473562      8.29044318724534       h
   -4.10448798006089     -0.70528566341004      7.63470141854129       h
   -5.54140265599397     -2.27780009415159      3.43803618853826       h
   -6.62571635765571      0.62001063814278      3.40401318142219       h
    1.49478262525107     -0.70838311350302     -2.34139977178208      al
    4.02821012985169      2.24786494259109      1.49798382130836       c
    6.23601098884740      0.95041753495577      0.17839033525831       c
    5.47295998824800      0.60855398453185     -2.48946586087056       n
    0.58365967741220      1.21149094712705     -5.46860946076094       c
    2.05642378076204      0.43965479874091     -7.85476607302685       c
    2.30070244096192     -4.40031704616725     -2.50586773878038       c
    4.84836147301675     -5.28874362734352     -3.57493494108568       c
    1.80917522698267      0.99499012714233      0.75555483500315       o
    4.27458052790034      2.16357200799146      3.55929878020208       h
    3.94422049629527      4.26055857107349      0.95399119603248       h
    6.50586406859965     -0.93555691767425      0.99369453091041       h
    7.99723044696030      2.02874515116848      0.40454841163686       h
    2.03960994255677     -5.20233401051026     -0.60267277888280       h
    0.77633445245625     -5.25737625235219     -3.63996797598267       h
    4.98824788256923     -7.35168639632210     -3.76056141562531       h
    6.43159027294697     -4.72053132717494     -2.35521442565292       h
    5.20638728407772     -4.50055700159819     -5.46209765350367       h
    1.50701879088894      1.51161800633417     -9.54613274975864       h
    1.77661713555941     -1.56767068473562     -8.29044318724534       h
    4.10448798006089      0.70528566341004     -7.63470141854129       h
    5.54140265599397      2.27780009415159     -3.43803618853826       h
    6.62571635765571     -0.62001063814278     -3.40401318142219       h
    1.44943562329811     -0.98974481433465      5.84442175206418       h
   -0.82283078583898     -3.25501281173706      5.13625784679177       h
$end
