$coord
   -0.00000000000000      2.74838271758695     -0.00000000000000      cl
    0.00000000000000      0.00000000000000      2.62910036993046       b
   -0.00000000000000     -0.00000000000000     -2.62910018095785       b
   -0.00000000000000     -2.74838271758695     -0.00000000000000      cl
   -2.88712319721668     -0.00000000000000      4.32231482086816      cl
    2.88712319721668      0.00000000000000      4.32231482086816      cl
    2.88712319721668      0.00000000000000     -4.32231482086816      cl
   -2.88712319721668      0.00000000000000     -4.32231482086816      cl
$end
