$coord
    0.00000000000000      0.00000000000000      2.46716217929692      ga
    0.00000000000000      0.00000000000000     -2.46716217929692      ga
    3.35978489733577      0.00000000000000      4.08818323407395       c
   -3.35978489733577      0.00000000000000      4.08818323407395       c
    3.35978489733577      0.00000000000000     -4.08818323407395       c
   -3.35978489733577      0.00000000000000     -4.08818323407395       c
    3.58002189484401      1.67171824933766      5.28590469178457       h
    4.87821517738122      0.00000000000000      2.68789239532403       h
    3.58002189484401     -1.67171824933766      5.28590469178457       h
   -3.58002189484401      1.67171824933766      5.28590469178457       h
   -3.58002189484401     -1.67171824933766      5.28590469178457       h
   -4.87821517738122      0.00000000000000      2.68789239532403       h
    3.58002189484401      1.67171824933766     -5.28590469178457       h
    3.58002189484401     -1.67171824933766     -5.28590469178457       h
    4.87821517738122      0.00000000000000     -2.68789239532403       h
   -3.58002189484401      1.67171824933766     -5.28590469178457       h
   -4.87821517738122      0.00000000000000     -2.68789239532403       h
   -3.58002189484401     -1.67171824933766     -5.28590469178457       h
    0.00000000000000     -2.23043297497004      0.00000000000000       h
    0.00000000000000      2.23043297497004      0.00000000000000       h
$end
