$coord
   -0.72795689671517     -2.66383032359023      0.56896233246795      si
   -0.17176760107745      2.42767087169031     -1.62444070317447       c
   -2.99403407484469      2.19359673257033     -1.31070515921685       c
   -3.24467015167735     -0.76325471307578     -1.25862940944737       c
    2.70395279972289     -2.01472092667028     -0.42589513590034       c
    3.81198766652532      0.68299634375496      0.13167649439848       c
    1.47543542020142      2.35727139254097      0.27834229642766       c
   -4.00533745174154      3.33930177791183      1.14163363040323       c
   -4.43605082234510      3.30010753525221     -3.56429653888727       c
    5.18431112552964      0.68447902287335      2.68057424192884       c
    5.65811743276318      1.47968106788849     -1.95287926125472       c
   -1.36650952760535     -6.07648371080529     -0.25419650982649       c
   -1.14075793131648     -2.36513888932096      4.10254912105571       c
    0.47535474882111      1.78954342917846     -3.48221080440270       h
   -5.13078690068465     -1.29649800922966     -0.55669706504775       h
   -3.15910467550454     -1.46830189304873     -3.21458968017777       h
    2.72514475541666     -2.31791255473579     -2.48494450214171       h
    3.93545915905772     -3.49067866717289      0.37009964922463       h
    0.86347747199897      2.88277909479845      2.17410496347204       h
   -3.21278347994662      2.42758186558978      2.81668138820212       h
   -3.57819452968026      5.36288665394829      1.23782276891067       h
   -6.06093712294006      3.10966887313295      1.22648271140171       h
   -3.67776911254227      2.57931515719820     -5.35146741691465       h
   -6.44355809747495      2.80029406118347     -3.47424107343930       h
   -4.28364459926325      5.36565491375013     -3.59055560621505       h
    3.94170092445159      0.01832543013338      4.19663556130286       h
    6.83880905657235     -0.55874760686697      2.62292795748541       h
    5.82717686732960      2.59260919152134      3.16596816079384       h
    4.71540884656544      1.60251118737376     -3.79032252340962       h
    6.48246018847550      3.33185039882476     -1.53283698511154       h
    7.19518268008144      0.10076964566403     -2.12055749499571       h
   -1.12269120468974     -6.42761428917806     -2.28083102588494       h
   -0.07972055326538     -7.34274288948601      0.76086250877299       h
   -3.30216374624981     -6.61869980455021      0.24569538787648       h
   -0.69165374605558     -0.49136639828593      4.84883333763038       h
   -3.09385696771965     -2.80459715654478      4.63724429379213       h
    0.08997042777231     -3.72830681421787      5.06319990092850       h
$end
