$coord
    0.98987426057428      0.76909623447618      0.93287161684933      mn
    4.61139208449926     -1.22433447074178      0.62756916470118       c
    4.94731301317504      1.17547408997553      1.78519025607482       c
    5.65679027810496      1.50563192088513      3.67404654104684       h
    4.17389327429539      3.07198338781226      0.04210328705784       c
    4.20320387137129      5.08980629991822      0.35978287841284       h
    4.97003583600341     -3.03822229673724      1.49554361796198       h
    3.06770731553456     -2.27871831207617     -3.15503647310068       h
    3.62456066093292     -0.82189385962576     -1.83147569602190       c
    3.34645533616145      1.82072145361197     -2.20155418031391       c
    2.62758443163226      2.72554934578022     -3.88730459099950       h
   -1.38992115560661      2.93605104120563      0.01557965807243       c
    0.28272305953274      1.47346500276993      4.14204307427890       c
   -0.15466142224051      1.91275621820422      6.23622490584486       o
   -2.93261419630044      4.36416280592638     -0.60305677123158       o
   -1.39170033275415     -2.13430884304132     -0.26928975239411       c
   -0.87980489469943     -2.56217590815405      2.00551758249188       c
   -2.43080838397716     -2.67612847224503     -2.75147355363848       c
   -1.48988823458497     -4.14885308031883     -4.21628531150527       o
   -4.51393040441863     -1.32879966481764     -3.39835534140122       o
   -4.97830225396858     -0.20802275269344     -2.02719255218343       h
   -1.09965034095438     -3.67521949405319      3.68946651726164       h
$end
