$coord
   -3.96345753031178     -0.13615684607039     -0.04500552844201      si
   -0.36229867080427      4.28293387326730     -0.01312490383488      si
   -0.15662069028785     -3.24046399926631     -2.80979125777445      si
    3.45171440418280      1.19166431855925     -2.78150621506709      si
   -0.22194493198084     -3.22894517366584      2.81879504687395      si
    3.38683991730777      1.20461328889181      2.85509574088957      si
   -7.02882385312157     -0.08283671164701     -0.08163238918696       o
   -0.81927488818786      7.01068097053195     -0.02558122256641       h
   -0.49184676666713     -5.32031282508510     -4.60371393827708       h
    5.43546328656729      1.94909111626272     -4.55534772089276       h
   -0.59598636093150     -5.30144239793701      4.61352785296676       h
    5.32970986619140      1.96757074804798      4.67130963077342       h
    0.56156405468503     -4.32581497159856      0.01545247950416       o
    4.63272822629644      0.68831176540191      0.05196028750319       o
   -2.84615979295799     -1.60134806094326      2.45706367185268       o
    1.25614479753702      3.44196511812663      2.50737744098236       o
   -2.78665723054109     -1.60872895324583     -2.51525778790001       o
    1.31094118600997      3.42781220327926     -2.49278988912603       o
   -3.07657712305173      2.80942767446782     -0.03878606181642       o
    2.11316942173386     -1.39818379411953     -3.82304048566314       o
    2.02192399574440     -1.37964369109825      3.87593580965343       o
   -7.91808985064296     -1.66469319246459     -0.08774640909473       h
$end
