$coord
   -0.01348565255232      0.01300396136282     -0.01191585705952      zr
    2.64411311016512     -0.51155963372215      2.70993113729482       n
    4.19576042913395     -0.89896312713649      4.32775515341203       n
    5.66251898285565     -1.26223746353956      5.85622630425489       n
    1.56387025652381     -0.56958178469203     -3.46421040716298       n
    2.51009713482277     -0.98535989383209     -5.49059888087984       n
    3.40483199975254     -1.37518053593408     -7.40577905078576       n
   -1.36373465376207      3.60282295233399      0.19133231360420       n
   -2.06326364447476      5.76537280746394      0.28692184201189       n
   -2.72828321256657      7.80731183747090      0.37929826908771       n
   -2.89165287074049     -2.47406591575270      0.51631191698359       n
   -4.63671857198390     -3.88693855104891      0.88101809887226       n
   -6.28405330717374     -5.22462465297363      1.22370897139411       n
$end
