$coord
   -0.00000000000000     -0.00000000000000      3.75484631690273      mn
    0.00000018897261      0.00000000000000     -3.75484745073841      mn
   -3.56484059103892     -0.00000000000000      0.00000151178090       i
    3.56484078001153     -0.00000000000000      0.00000151178090       i
   -2.44653506274219      0.00000000000000      6.11396302700565       c
    2.44653581863264      0.00000000000000      6.11396378289610       c
   -2.44654205472885     -0.00000000000000     -6.11396227111520       c
    2.44653506274219     -0.00000000000000     -6.11395527912853       c
   -3.99217664311026     -0.00000000000000      7.63907726835844       o
    3.99217588721981     -0.00000000000000      7.63907651246799       o
    3.99217513132936      0.00000000000000     -7.63907500068709       o
   -3.99216813934270      0.00000000000000     -7.63906819767304       o
   -0.00000000000000      3.50451977720949      3.53415181669940       c
   -0.00000000000000     -3.50452015515472      3.53415181669940       c
    0.00000000000000      3.50451486392157     -3.53415654101472       c
    0.00000000000000     -3.50451373008589     -3.53415672998733       c
   -0.00000000000000      5.66011544019611     -3.40432063986287       o
    0.00000000000000      5.66010863718205      3.40431440376666       o
    0.00000000000000     -5.66010844820944      3.40431440376666       o
   -0.00000000000000     -5.66011657403178     -3.40432045089026       o
$end
