$coord
    7.25913592547009     -2.92251077556827     -3.23482278883525      br
   -7.49940364196773     -0.17684264956119     -0.43153672427663      br
    0.73619629159674     -2.53144329216841     -0.69257536548719      br
   -2.83910979170007      1.71469610164656      1.23988634984016      br
    5.72957364676213     -0.23080226730558      1.12490331809273       o
   -1.42314556446187     -1.39122544457871      2.08500135307369       n
    7.79071645160579     -0.59210675319501      0.05924990603387       c
    0.13838010885752      3.84984511692347      2.07401618613117       c
    2.06185598748357      5.06904274513719      2.32253652559327       c
    4.03397473939877     -0.99913240681032      0.42435557602556       h
    3.76338939077274      6.10442331157684      2.60248319950182       h
$end
