$coord
   -3.58018837971570      0.97635402603386     -0.70794148450739      ta
    3.57991909374276     -0.97623648506882     -0.70804579738954      ta
   -4.82997273705815      4.48693642260049      0.89607619253394       c
   -4.56578411136831      4.43110200756658      2.95672483399567       h
   -6.85592581787560      4.69525038208993      0.50026190607841       h
   -3.85561237208713      6.14665831254565      0.13966946899323       h
   -6.97890711545094     -1.36726598497355      0.70282240540492      cl
   -4.03155135461490      1.55582361370708     -4.71347981413611       s
   -0.74203516738057     -2.86778506285243      0.22626900330214      cl
    0.74237739678197      2.86760232633606      0.22631454570178      cl
    4.03161239276877     -1.55550916327973     -4.71353820667340       s
    6.97878296044446      1.36701729701538      0.70258203224170      cl
    4.82987617205311     -4.48672515121961      0.89592029012856       c
    3.85555416852245     -6.14649107178351      0.13969535824116       h
    4.56609062494593     -4.43143270963861      2.95656496316542       h
    6.85576386834661     -4.69529894805137      0.50010411394690       h
$end
