$coord
    3.11574245290162      3.11574245290162     -3.11574245290162      rn
   -5.19013828501149      5.19013828501149     -5.19013828501149      rn
   -3.11574245290162     -3.11574245290162     -3.11574245290162      rn
    5.19013828501149     -5.19013828501149     -5.19013828501149      rn
    5.19013828501149      5.19013828501149      5.19013828501149      rn
   -3.11574245290162      3.11574245290162      3.11574245290162      rn
   -5.19013828501149     -5.19013828501149      5.19013828501149      rn
    3.11574245290162     -3.11574245290162      3.11574245290162      rn
$end
