$coord
   -2.60299248069276      4.41305720176290     -1.83821389246905      pb
   -0.22105411508509     -1.25669395194921     -0.90621608498034      pb
    0.00058335845507     -3.63953258308326      4.17625807756936      pb
   -3.76638800818933      0.70954831863225     -0.94081640342787       o
    0.19714057582479     -4.97692067519793      7.54703985814962       n
    1.48829765210480      2.60109519566235     -1.58608474302431       c
    2.56452143622153      3.18912240809675      0.08286959288160       h
   -0.41290667029175     -3.64019228647382     -3.30883618022778       h
    2.75279844062536      2.60051637254998     -3.22600022447122       h
$end
