$coord
    0.00008050233296     -0.00000000000000     -2.28216101513235      fe
    0.00008012438774      0.00000000000000      2.28211622862317      fe
   -1.51543638694418      2.62366457272929      0.00000113383568       c
   -3.57353181943720      2.81356900927275      0.00000793684973       h
   -0.65107112161126      4.50094345059094      0.00000812582234       h
   -1.51543638694418     -2.62366457272929      0.00000113383568       c
   -0.65107112161126     -4.50094345059094      0.00000812582234       h
   -3.57353181943720     -2.81356900927275      0.00000793684973       h
    3.03034459543617     -0.00000000000000      0.00000094486306       c
    4.22380585456855      1.68733551296000      0.00000793684973       h
    4.22380585456855     -1.68733551296000      0.00000793684973       h
    1.46452754305745     -2.53587545582412      3.97963169622343       c
    1.46452754305745      2.53587545582412      3.97963169622343       c
    1.46452414155042     -2.53587016459096     -3.97964019999099       c
    1.46452414155042      2.53587016459096     -3.97964019999099       c
   -2.92844054717876     -0.00000000000000      3.97885010549775       c
   -2.92844054717876     -0.00000000000000     -3.97886219974496       c
   -4.82056775910212      0.00000000000000      5.03566696921925       o
    2.41046718298527     -4.17423096835409      5.03709711395133       o
    2.41046718298527      4.17423096835409      5.03709711395133       o
    2.41048060004077      4.17425477890328     -5.03709087785512       o
   -4.82058835711689      0.00000000000000     -5.03565695367078       o
    2.41048060004077     -4.17425477890328     -5.03709087785512       o
$end
