$coord
    0.82437185749466      0.82942952049804      1.03839108913083      re
    4.78947023700157     -1.19204679912713      0.34707768275053       c
    5.16048791517816      1.09558950848242      1.70862346674096       c
    5.92540483135428      1.25188592176707      3.59816326565273       h
    4.38839117355926      3.15688538114227      0.14267621223216       c
    4.51333570760681      5.14191077352481      0.60622168454725       h
    5.16957409633675     -3.07794982010959      1.03484634086385       h
    3.23863984663697     -1.88902409265201     -3.52139465356862       h
    3.76568824260490     -0.56271546481354     -2.05780819412188       c
    3.51397842338750      2.11147377048108     -2.19226145208976       c
    2.82379450631265      3.17053449500448     -3.79842793670887       h
   -1.82551398803989      3.11597696791385      0.20771737295150       c
   -0.04014005058563      1.69219740033673      4.45454859550117       c
   -0.51898474561607      2.20323244608633      6.52590574800057       o
   -3.37736558640292      4.56642548441545     -0.36868613408245       o
   -1.48073232253234     -2.37211084488988     -0.25322216703597       c
   -0.94395750619436     -2.75662910445519      2.05396770371619       c
   -2.86653992230807     -3.23901949261567     -2.48049495300565       c
   -3.03010573405386     -5.42956091598563     -3.08662914323327       o
   -3.93965586283814     -1.38655801002033     -3.88874153874564       o
   -3.59353079102768      0.23281784919148     -3.10423269798655       h
   -1.25635852556186     -3.91472395016858      3.69867496370057       h
$end
