$coord
   -0.00002022006955      0.00001644061730      0.00000850376757      ta
   -2.19294099760464      2.19294326527599      2.05592357025651       n
    2.19297142219527     -2.19296934349653      2.05595361690191       n
   -2.19294874548176     -2.19296953246914     -2.05595078231272       n
    2.19297236705833      2.19295176904356     -2.05595380587452       n
   -4.58100925681953      1.31217857867722      3.16835148338383       c
    4.58098450140728     -1.31217385436190      3.16832275954672       c
   -1.31217045285487     -4.58099130442133     -3.16833126331428       c
    1.31217706689632      4.58098563524295     -3.16833504276653       c
   -1.31217782278677      4.58100944579214      3.16835091646599       c
    1.31217517717019     -4.58098431243466      3.16832370440978       c
   -4.58098865880476     -1.31217782278677     -3.16833749941050       c
    4.58098884777737      1.31217007490965     -3.16832842872509       c
   -5.14287151028722     -0.51112972102851      2.36473335409434       h
    5.14287037645155      0.51111460321950      2.36474355861542       h
    0.51111630397302     -5.14286999850632     -2.36474129094407       h
   -0.51112518568581      5.14287358898596     -2.36473732251920       h
    0.51112877616545      5.14287113234200      2.36473392101218       h
   -0.51111611500040     -5.14287075439677      2.36474280272497       h
   -5.14287358898596      0.51112669746671     -2.36473637765614       h
    5.14286980953371     -0.51111479219212     -2.36474223580713       h
   -6.09926624897924      2.67735093607588      2.79065437924261       h
    6.09926228055437     -2.67734205436309      2.79066061533882       h
   -1.08546378898197     -4.40057858426308     -5.22453470201004       h
    1.08546265514629      4.40058047398920     -5.22453696968139       h
   -1.08546265514629      4.40057593864650      5.22453942632535       h
    1.08546303309152     -4.40058160782488      5.22453526892788       h
   -6.09926700486969     -2.67734715662363     -2.79065683588657       h
    6.09926379233528      2.67734545587011     -2.79065834766747       h
   -4.40057612761911      1.08546246617368      5.22453980427058       h
    4.40058141885227     -1.08546322206413      5.22453507995526       h
   -2.67734640073318     -6.09926417028050     -2.79065759177702       h
    2.67734640073318      6.09926700486969     -2.79065740280441       h
   -2.67735074710326      6.09926587103401      2.79065456821522       h
    2.67734205436309     -6.09926246952699      2.79066042636621       h
   -4.40057971809875     -1.08546246617368     -5.22453772557184       h
    4.40057915118092      1.08546378898197     -5.22453432406481       h
$end
