$coord
    0.00000000000000      0.00000000000000      0.00000000000000      pb
   -2.58394517517928     -2.58394517517928      1.89341902870303       n
   -2.58394517517928      2.58394517517928     -1.89341902870303       n
    2.58394517517928      2.58394517517928      1.89341902870303       n
    2.58394517517928     -2.58394517517928     -1.89341902870303       n
    3.67702947373659      1.51496263260442      3.06534534684979       h
    1.51496263260442      3.67702947373659      3.06534534684979       h
   -1.51496263260442      3.67702947373659     -3.06534534684979       h
   -3.67702947373659      1.51496263260442     -3.06534534684979       h
    1.51496263260442     -3.67702947373659     -3.06534534684979       h
    3.67702947373659     -1.51496263260442     -3.06534534684979       h
   -1.51496263260442     -3.67702947373659      3.06534534684979       h
   -3.67702947373659     -1.51496263260442      3.06534534684979       h
$end
