$coord
    0.00000000000000      0.00000000000000      3.31003993576998      ge
    0.00000000000000      0.00000000000000      0.00000000000000       o
    0.00000000000000      0.00000000000000     -3.31003993576998      ge
    2.75339540510853      0.00000000000000      4.21643233219787       h
   -1.37669779704057     -2.38451047183764      4.21643233219787       h
   -1.37669779704057      2.38451047183764      4.21643233219787       h
    2.75339540510853      0.00000000000000     -4.21643233219787       h
   -1.37669779704057     -2.38451047183764     -4.21643233219787       h
   -1.37669779704057      2.38451047183764     -4.21643233219787       h
$end
