$coord
   -0.74022877817681      1.25198040807336      0.00000000000000      at
    1.32844061685372      5.02111853469372      0.00000000000000       c
    2.47928326061372      5.08170617785213      1.70065335783233       h
   -0.10481743902573      6.49300297053194      0.00000000000000       h
    2.47928326061372      5.08170617785213     -1.70065335783233       h
   -2.97367926782470     -4.14980606920412      0.00000000000000       o
   -1.34508362381720     -5.74494297831675      0.00000000000000       c
    0.69276603885329     -5.24481826635508      0.00000000000000       h
   -1.81596425706261     -7.78994695512732      0.00000000000000       h
$end
