$coord
   -0.02549731872642     -0.62361094435786     -0.00027382131564      mo
    6.02045540987087     -0.61463417834196      0.00041252721329       o
    3.83858329407612     -0.60678633471367     -0.00009032890882       c
   -0.09461537458979     -4.43567892424353      0.00019388590052       c
   -0.12451424340868     -6.63506237615661      0.00046543954481       o
   -3.86349706537486     -0.50673138347046     -0.00010355699170       c
   -6.05316770294601     -0.43767720035015      0.00035507953906       o
    0.00252259540547     -0.10902963856038     -3.80964383921136       c
    0.02032324859369      0.33522777713280     -5.95443367026480       o
    0.00253034328259     -0.10901395383353      3.80905046520782       c
    0.02025332872703      0.33493449163806      5.95388149229081       o
    0.09955398484724      3.67740061594772      0.00000623609622       c
    1.95177906270422      5.04742390031158      0.00000056691784       o
   -1.79444764642041      4.68304407412486      0.00017952398196       h
$end
