$coord
    0.00000000000000      0.00000000000000      2.47556276781703      he
   -2.33809464078787     -4.04969877254722     -0.20813311269919       b
   -2.33809464078787      4.04969877254722     -0.20813311269919       b
    4.67618947054835      0.00000000000000     -0.20813311269919       b
   -4.31276074352079     -3.56831315176789      0.76266303982575       h
   -0.93386958121642     -5.51911692681852      0.76266303982575       h
   -1.76167072471177     -3.05130316995339     -2.14236625729697       h
   -4.31276074352079      3.56831315176789      0.76266303982575       h
   -1.76167072471177      3.05130316995339     -2.14236625729697       h
   -0.93386958121642      5.51911692681852      0.76266303982575       h
    5.24663032473721     -1.95080377505064      0.76266303982575       h
    3.52334144942353      0.00000000000000     -2.14236625729697       h
    5.24663032473721      1.95080377505064      0.76266303982575       h
$end
