$coord
    0.00000000000000      0.00000000000000      2.87349260267051      au
    3.98147758070321     -0.10336159401833      2.81914181161805       c
   -3.98147758070321      0.10336159401833      2.81914181161805       c
    0.00000000000000      0.00000000000000     -2.87492520404656      au
    3.98159001940770     -0.09948047450094     -2.82139096365311       c
   -3.98159001940770      0.09948047450094     -2.82139096365311       c
    5.07613961160304      1.38280406907122     -0.00008239205909       p
   -5.07613961160304     -1.38280406907122     -0.00008239205909       p
   -8.55002749522940     -1.57991913359331      0.00010695849873       c
    8.55002749522940      1.57991913359331      0.00010695849873       c
    9.33527918732858     -0.33328192614095     -0.00093201292530       h
    9.22385073042398      2.57266029767320     -1.68585812507476       h
    9.22376493685787      2.57077208332819      1.68721910583064       h
   -9.33527918732858      0.33328192614095     -0.00093201292530       h
   -9.22385073042398     -2.57266029767320     -1.68585812507476       h
   -9.22376493685787     -2.57077208332819      1.68721910583064       h
    4.07078414768749      4.67283388386658      0.00202181798211       c
   -4.07078414768749     -4.67283388386658      0.00202181798211       c
   -2.00482632067502     -4.72053491765458      0.00092691066476       h
   -4.78454126434736     -5.63284990473367     -1.68558449273173       h
   -4.78256366595660     -5.63005424390300      1.69204622224666       h
    2.00482632067502      4.72053491765458      0.00092691066476       h
    4.78454126434736      5.63284990473367     -1.68558449273173       h
    4.78256366595660      5.63005424390300      1.69204622224666       h
    4.63387963642495     -2.07417492312575      2.81813609937384       h
    4.83062393668114      0.85872499976492      4.44930838495402       h
   -4.63596948454759      2.06964260398537     -2.82416111318108       h
   -4.82921004359373     -0.86629316392657     -4.45018200534203       h
   -4.63387963642495      2.07417492312575      2.81813609937384       h
   -4.83062393668114     -0.85872499976492      4.44930838495402       h
    4.63596948454759     -2.06964260398537     -2.82416111318108       h
    4.82921004359373      0.86629316392657     -4.45018200534203       h
$end
