$coord
   -0.00000491328793      2.71974694171062      0.80343501482789      co
   -0.00000151178090     -2.71972180835314      0.80347035270644      co
   -2.90747630348316      0.00000888171279      2.30227979535921      cl
    2.90747611451055      0.00001001554847      2.30228206303056      cl
   -2.31254894507262     -4.69544766949748     -0.37873796529137       c
    2.31260242432199     -4.69549094422576     -0.37876593323804       c
   -2.31246541917786      4.69536886791803     -0.37888271831262       c
    2.31257672404667      4.69545806299117     -0.37894621311045       c
   -3.83468271037963     -6.01824802078319     -1.17407304702579       o
    3.83463206571946     -6.01820399016446     -1.17404526805174       o
   -3.83479307038539      6.01830603537526     -1.17403695325678       o
    3.83468592291405      6.01821324982248     -1.17397931660994       o
$end
