$coord
    0.17642067371727     -0.77577263687901      0.22348505877346      ni
    3.33838431587770      4.01813713371015      1.76106865796805       f
   -0.53383383556823      2.80700258893045     -0.77221673922789       c
   -2.66981754287495      1.75622245531816     -0.79840191826415       c
    2.41368557555031      2.69100685295214     -0.38977075333226       b
    3.03303745516559      0.14191351876775     -0.01903275462231       h
   -0.55281405580423     -0.97228846924658      3.16573950393260       h
    3.62852247175589      3.17458153247572     -2.29314750488315       h
   -0.85799518753510     -3.18173887017760     -1.19884093146761       h
   -4.66209872769052      1.89303087895677     -1.16006431828182       h
    0.62931300397017     -2.07583939389745      2.87697291127660       h
    0.39839659720658     -2.57491757553060     -2.13500860862575       h
$end
