$coord
    0.34813914191545     -5.80668921256295      0.58808220346466       k
   -1.76008656730042     -1.02418752962328     -4.29529589466515       k
    4.38842159814989     -0.68459051671477     -3.37610306037820       o
   -0.53879606740225     -1.05323866730209      0.77661583267639       o
   -0.42303786999797      2.36638043938568      3.98765906383367       n
   -2.51911301816948      4.15289558244737     -2.44452042571936       n
   -1.82708113791610      3.23251940166038     -0.57545599835441       c
    4.28480810363898     -2.32627402592509     -2.00028474187663       c
   -0.83754362653746      1.27611032097508      1.55478936659837       b
   -0.70428826596079      4.20455011226338      4.38123137921342       h
    0.21345325866146      1.34291327336159      5.45908372930546       h
   -0.62487554908131     -5.68038898899268     -4.05580164307084       h
$end
