$coord
   -0.85298779124667      2.78395511115365     -2.99059118281590      te
   -0.42831814273898      5.96161519646109     -1.75906271368540       o
    2.33112457494507      2.01945034424559     -5.02263447299192       n
   -0.47391213189659      0.26398793677526      0.09359681220792       c
    1.73062479213445      1.53344982329417     -6.78929331878564       h
    3.27773393381191      3.69168259908949     -5.18146141853177       h
    0.71308135059725      1.11930746108869      2.27307502294637       c
    0.93466156543579     -0.54188293502892      4.30031859773520       c
   -0.03087888078778     -2.98314131550973      4.11765710348712       c
   -1.23624654834905     -3.78696410213866      1.92046630079792       c
   -1.47672478033712     -2.15226105226484     -0.12568681846980       c
    1.42156027321485      3.04327618028837      2.38773604536195       h
    1.85309605262841      0.07936963112380      6.02671890711519       h
    0.14518085523944     -4.26768132678726      5.70845728011340       h
   -2.00318339278116     -5.68618666874697      1.79873826958929       h
   -2.44300618817467     -2.72993313244710     -1.84296995518273       h
   -3.46180554169515      1.65195643837598     -4.91506445889120       o
$end
