$coord
    1.46792262501526     -0.70313515507876     -0.15578410853191      mo
   -0.90255833109103     -0.39046031439561     -3.13225431287197       c
    0.53750122706078     -2.33094788555230     -3.47989097661054       c
    1.09622086598109     -3.91346161311648     -4.63944223424917       h
    1.26471470551802     -4.87221718665759      1.52976863680090      cl
    5.70138271241584     -1.44964009166494     -1.30710957731708      cl
    2.23945641722125      3.62156261043417     -0.61096905452076      cl
   -2.17457040301685      0.19439915013393      2.33705359066511      cl
    3.37422146007464     -0.01170420773342      3.79966060506080       o
    1.99634844235636      0.16145101923828      4.99523306622104       h
    4.22989266242010     -1.56493436130531      4.25383020120220       h
   -2.41277794009203      0.81033572772187     -3.79394645120128       h
$end
