$coord
    7.69890221805243     -0.00002022006955     -5.85334655061162       i
   -4.37904061971566     -0.00006330582522      2.45329725871113      al
   -3.14313781254891     -4.56159987978033     -0.00000000000000      al
    3.14309151425882     -4.56172819218428     -0.00000000000000      al
    0.00007407726414     -2.43779999269779      3.05079218800894      al
    4.37893479505261     -0.00006330582522      2.45303383088918      al
    0.00007407726414      2.43810404963145      3.05058148354591      al
   -3.14373912340217      4.56146287463620     -0.00000000000000      al
    3.14369263613947      4.56159099806754     -0.00000000000000      al
    4.37893479505261     -0.00006330582522     -2.45303383088918      al
   -4.37904061971566     -0.00006330582522     -2.45329725871113      al
    0.00007407726414      2.43810404963145     -3.05058148354591      al
    0.00007407726414     -2.43779999269779     -3.05079218800894      al
   -7.69889824962757     -0.00002022006955      5.85318460108263       i
    7.69890221805243     -0.00002022006955      5.85334655061162       i
   -7.69889843860018     -0.00002022006955     -5.85318460108263       i
$end
