$coord
    0.00000000000000      0.00000000000000      0.00000000000000      ag
   -2.74604304767046     -2.74604304767046     -2.74604304767046       p
    2.74604304767046      2.74604304767046     -2.74604304767046       p
   -2.74604304767046      2.74604304767046      2.74604304767046       p
    2.74604304767046     -2.74604304767046      2.74604304767046       p
   -4.45240583504700     -1.61136020790355     -4.45240583504700       h
   -1.61136020790355     -4.45240583504700     -4.45240583504700       h
   -4.45240583504700     -4.45240583504700     -1.61136020790355       h
    4.45240583504700      1.61136020790355     -4.45240583504700       h
    4.45240583504700      4.45240583504700     -1.61136020790355       h
    1.61136020790355      4.45240583504700     -4.45240583504700       h
   -4.45240583504700      4.45240583504700      1.61136020790355       h
   -1.61136020790355      4.45240583504700      4.45240583504700       h
   -4.45240583504700      1.61136020790355      4.45240583504700       h
    4.45240583504700     -4.45240583504700      1.61136020790355       h
    1.61136020790355     -4.45240583504700      4.45240583504700       h
    4.45240583504700     -1.61136020790355      4.45240583504700       h
$end
