$coord
    0.00001870828865      0.00000925965802      0.00002267671351      sc
    2.40187176370158     -2.40186288198879      2.40187006294807       c
   -2.40186325993401      2.40187176370158      2.40187705493473       c
   -2.40188102335960     -2.40188782637365     -2.40188234616789       c
    2.40186325993401      2.40185607897474     -2.40184889801546       c
    3.68216839496338     -3.68216782804554      3.68215100948302       o
   -3.68217311927870      3.68217387516915      3.68215044256519       o
   -3.68215365509960     -3.68214760797600     -3.68216971777167       o
    3.68214911975690      3.68215497790789     -3.68217047366212       o
$end
