$coord
   -0.00000000000000      0.00000000000000      3.58479515406544      si
    2.25894006049719     -0.00000000000000      1.12717212327949       n
   -2.25894006049719     -0.00000000000000      1.12717212327949       n
    1.28034878770288      0.00000000000000     -1.30459926513143       c
   -1.28034878770288      0.00000000000000     -1.30459926513143       c
    4.15123829263495      0.00000000000000      1.34049234522169       h
    2.48865082199245      0.00000000000000     -2.95546268591618       h
   -2.48865082199245      0.00000000000000     -2.95546268591618       h
   -4.15123829263495      0.00000000000000      1.34049234522169       h
$end
