$coord
   -0.00000000000000     -0.00000000000000      0.00000000000000      cl
   -2.31836533311555      2.31836533311555      2.31836533311555       b
    2.31836533311555      2.31836533311555     -2.31836533311555       b
    2.31836533311555     -2.31836533311555      2.31836533311555       b
   -2.31836533311555     -2.31836533311555     -2.31836533311555       b
   -0.71755546617295      3.45735712639476      3.45735712639476       h
   -3.45735712639476      0.71755546617295      3.45735712639476       h
   -3.45735712639476      3.45735712639476      0.71755546617295       h
    3.45735712639476     -3.45735712639476      0.71755546617295       h
    0.71755546617295     -3.45735712639476      3.45735712639476       h
    3.45735712639476     -0.71755546617295      3.45735712639476       h
   -3.45735712639476     -0.71755546617295     -3.45735712639476       h
   -3.45735712639476     -3.45735712639476     -0.71755546617295       h
   -0.71755546617295     -3.45735712639476     -3.45735712639476       h
    0.71755546617295      3.45735712639476     -3.45735712639476       h
    3.45735712639476      3.45735712639476     -0.71755546617295       h
    3.45735712639476      0.71755546617295     -3.45735712639476       h
$end
