$coord
   -2.90376998363242      1.00034258742135     -1.51225692273734      pd
    2.91147609780126     -0.98630305614154     -1.50810368265782      pd
    6.11629419315457      0.47338376447179     -0.07093351575252       n
   -6.11360435698695     -0.47301677965814     -0.10074432333395       n
    4.44522015145323     -4.16580335675038     -0.25655866748387       n
    6.60073153265463     -3.76693697362890      0.78968423370011       c
    7.58067755010861     -1.20673034907066      0.93626140757398       c
   -6.66966987556342     -2.30963744403044     -0.06436161520446       h
   -7.58475841367751      1.19811338690913      0.91149201135126       c
   -6.60654546405360      3.76021313910031      0.78855361055898       c
   -4.44582902121100      4.16870994450464     -0.24317411527929       n
   -0.97075004320748     -3.16295971680139     -3.04266712155799      br
    0.98524896690850      3.19102611819598     -3.00951130976110      br
   -9.39301863527002      0.69257158603493      1.78093459283927       h
   -7.69995007118925      5.33822572800519      1.57534146102591       h
    7.68845430024751     -5.35191906145874      1.57040719713855       h
    9.38532329254010     -0.70970157542106      1.81798494120904       h
    6.67428496470812      2.30908791167302     -0.01821223553844       h
$end
