$coord
    9.68507675289213      6.03842689430086      5.85296879435905      si
   12.98723804249798      7.99637629075139      6.66552986356678      cl
    6.45728639086184     10.15692889433887      7.73207862786409      si
    7.19238720822339      9.71765714308368      1.90838660448328      si
    7.59599907159225      4.62322687230798      9.47566845300318      si
    3.74610444384428      2.14040755616747     10.45320752629059      si
    3.72041361716257      5.76720338516211      4.91776790108692      si
    5.02324768911978      3.45988501303339      3.28167061127740       f
    1.24398365402636      3.27556490616460     11.73610744426344       f
   10.42940869340613      3.96557194487406      3.80760142321447       f
    4.59911869125671      4.32182594871938      8.09525791104303       o
    7.18419675724848      8.12912841726074     10.30458226724145       o
    6.94463258578751      8.02899050704060      5.03631212171863       c
    6.75324509218043      2.61188156341641     11.92998748663059       c
    3.80278073186728     10.92034234440923      8.18418275334987       h
    8.04503465979478      7.92217165907492     -0.06258905209835       h
    6.27570884351957      8.30318901201937     11.88875082797409       h
    4.67704400470249     10.75110376380608      1.20675170297588       h
    7.76520231431684      1.67825745762375     13.43153929983728       h
    8.17917497911622     12.33777054247716      8.01145365961956       h
    9.01722807581723     11.84663469077860      2.07865621966073       h
    2.90584150141164     -0.23526806808633      9.26970191130733       h
$end
