$coord
    4.45254472991725      0.00000000000000      0.86415304908898       f
    2.19193226179863     -0.00000000000000     -0.28971977051391       n
   -0.00000000000000     -0.00000000000000      1.12925951475817       c
    0.00000000000000     -0.00000000000000      3.40850959576617       o
   -2.19193226179863      0.00000000000000     -0.28971977051391       n
    2.46266633187077      0.00000000000000     -2.84331764486463       f
   -2.46266633187077     -0.00000000000000     -2.84331764486463       f
   -4.45254472991725     -0.00000000000000      0.86415304908898       f
$end
