$coord
    8.95993384735105      0.00011905274593      3.25593140760686      zr
    7.66247264471502      2.76135134107122      0.78896254729263       o
   10.32436618799881      3.10934913147245      0.47458525234264       n
   10.75402924882160      2.88418089363865     -1.38579437169285       h
   10.76824868202860      4.89652567867821      1.03056800091480       h
    7.37495327130211     -2.37241849230318      6.03139805797555       o
    5.41600553253927     -0.57301825165199      5.58684282144493       n
    3.81832920945864     -1.48563805155519      5.03275868071148       h
    5.07233030167843      0.40002289551054      7.21071736267208       h
   10.25725955662386     -2.76124627229862      0.78911920558846       o
    7.59537224943628     -3.10939637462560      0.47463570803020       n
   10.54504065710520      2.37249578210173      6.03166091887966       o
   12.50391620833004      0.57306058151721      5.58698341706870       n
   14.10157665771121      1.48560460340276      5.03270860296914       h
   12.84775641228166     -0.40003574564819      7.21081449459495       h
    7.16582861930465     -2.88425515987539     -1.38576734860925       h
    7.15167589342989     -4.89670161218053      1.03039301227554       h
$end
