$coord
    1.89343244575853      8.71721704579423      8.02206107030951      si
    2.68774178415179      2.94044314266746      6.56885241982841      si
    0.24046273623384     11.03246433080204      7.01871211759445       f
    1.00817361248712     -1.72165142762558      5.08042380970308       f
    2.25353638864016     -0.39660627067490      6.88144619126076       c
    1.27398059963118      5.68456811832013      7.29857791122481       c
    3.80061907415186     -1.52282823965828      7.66746530113967       h
    3.54122147110904      9.75001076614013     10.01012570922034       h
$end
