$coord
   -0.00003684965946      0.00003401507027      0.00000000000000       b
   -7.73155876420686      1.27544721607750     -0.00000000000000       c
   -7.73161356626451     -1.27546044416038      0.00000000000000       c
   -5.16089893061054     -2.03599584134097      0.00000000000000       c
   -4.51356077398840     -4.51356871083813      0.00000000000000       c
   -3.45210236495645      0.00001171630198      0.00000000000000       n
   -5.16090762335072      2.03601077017737      0.00000000000000       c
   -4.51355491583741      4.51355472686480     -0.00000000000000       c
   -2.03601228195827      5.16090951307685      0.00000000000000       c
   -0.00001266116504      3.45209990831249      0.00000000000000       n
   -1.27544192484434      7.73155479578199      0.00000000000000       c
    2.03599584134097      5.16090025341883      0.00000000000000       c
    1.27545628676290      7.73161413318235      0.00000000000000       c
    4.51357003364642      4.51356115193363     -0.00000000000000       c
    5.16094352814711      2.03604402935718     -0.00000000000000       c
    7.73151870201299      1.27532986408508     -0.00000000000000       c
    3.45203679145988      0.00001152732937     -0.00000000000000       n
    5.16093521335216     -2.03602891154818      0.00000000000000       c
    7.73157293715280     -1.27534290319535     -0.00000000000000       c
    4.51357589179741     -4.51357513590696      0.00000000000000       c
    2.03602664387682     -5.16093370157126     -0.00000000000000       c
    1.27534762751066     -7.73157652763244      0.00000000000000       c
   -0.00001247219243     -3.45203924810385     -0.00000000000000       n
   -1.27533326559210     -7.73151794612254     -0.00000000000000       c
   -2.03604308449412     -5.16094258328405     -0.00000000000000       c
    9.30387439575996      2.58020408436782     -0.00000000000000       h
    9.30386494712933     -2.58019274601107     -0.00000000000000       h
    5.96103977485575     -5.96103977485575      0.00000000000000       h
    2.58019066731233     -9.30386286843059      0.00000000000000       h
   -2.58020295053215     -9.30387307295167      0.00000000000000       h
   -5.96102125553972     -5.96102257834800     -0.00000000000000       h
   -9.30382564082591      2.58015835299558     -0.00000000000000       h
   -9.30381600322267     -2.58014682566621     -0.00000000000000       h
   -5.96100557081287      5.96100557081287     -0.00000000000000       h
    2.58014814847450      9.30381751500357      0.00000000000000       h
   -2.58016062066693      9.30382790849726     -0.00000000000000       h
    5.96102409012891      5.96102257834800     -0.00000000000000       h
$end
