$coord
   -4.03813251482099      4.03813251482099      2.10207786321045      at
   -1.45661355901476      1.45661355901476     -0.22923492845676       c
   -1.45661355901476     -1.45661355901476      0.22923492845676       c
    1.45661355901476     -1.45661355901476     -0.22923492845676       c
    1.45661355901476      1.45661355901476      0.22923492845676       c
   -2.63938482642549     -2.63938482642549      4.34066368360550      at
    4.03813251482099     -4.03813251482099      2.10207786321045      at
    2.63938482642549      2.63938482642549      4.34066368360550      at
   -2.63938482642549      2.63938482642549     -4.34066368360550      at
   -4.03813251482099     -4.03813251482099     -2.10207786321045      at
    2.63938482642549     -2.63938482642549     -4.34066368360550      at
    4.03813251482099      4.03813251482099     -2.10207786321045      at
$end
