$coord
    4.12764090455551      3.45062516604383      2.61870895493671      na
   -1.07684418120387      0.84278723859163      0.01547515621767       c
    1.07135584961639     -1.09537464662191     -0.09099843878480       c
   -3.71574769438509     -0.32879136994796     -0.05487840258681       c
    3.70468674942492      0.06465017638388     -0.25200423854782       c
   -0.85600530592452      2.17660639394491     -1.56323984388821       h
   -0.87281064036222      1.97639217857633      1.75798311314967       h
    0.92606161080940     -2.31566756009821      1.58658174099542       h
    0.66888405801929     -2.34522419951569     -1.72189614715889       h
   -4.00864182684530     -1.37658724806221     -1.81624091296744       h
   -3.97211965692772     -1.66193740485518      1.51011491817363       h
   -5.20215883289839      1.10569954325603      0.08163125535129       h
    4.03364101376493      0.86868215569495     -2.13874875457415       h
    5.17205776338403     -1.36186061236301      0.06751159968373       h
$end
