$coord
    0.63437350156274      0.14416380463848     -0.74924107104388      tc
    6.44208278828846      0.62843957255478     -0.97486303212052       o
    4.26712253477183      0.42450316363600     -0.88140568170068       c
    0.70479036619244     -4.41775411604884     -0.61208644957901       p
   -3.91444823912681      0.46646566609745     -0.55023363477931       p
    0.47352757262997      0.22944506600196     -4.37039002042909       c
    0.37078883234274      0.33513310185389     -6.55482044745309       o
    0.84236960911781      0.59225982101121      3.83775748375910       p
    0.36444842324510      4.16122020397722     -0.51549253173539       c
   -0.26598821187954      5.34011148570623      1.37864761645728       o
    0.80770692970812      5.32176999290078     -2.23416518406871       h
   -1.54180713708600     -5.86134859589177     -0.88535520930383       h
    2.14846988371104     -5.81094808833291     -2.38387741358546       h
    1.58903630626036     -5.72610240884145      1.55874720899647       h
   -5.53417313075408     -1.65169697897889     -0.26153091486636       h
   -4.94399465409795      1.97462207211419      1.40351527843855       h
   -5.20538969765585      1.59098744848536     -2.60033420295144       h
   -1.33015535434036      1.32573112753439      5.20214654967857       h
    1.55806709656376     -1.47410713170752      5.39057586600815       h
    2.53317295849146      2.40710536020728      4.80240579027863       h
$end
