$coord
   -2.62005368404790      0.50441136670568     -2.80095565430015      rh
    2.21453338626449     -1.16634916943136     -2.88801533692073      rh
   -1.33609344074580     -3.67959345414422     -1.52642363258544       p
   -0.38698567496790     -1.02071100046945      0.14828000608593       c
   -0.04226996090214     -0.14632508440868      2.79570656204022       c
    0.62157476445719      1.81149486580223      2.86928815101298       h
    1.34015748575218     -1.33808823564431      3.77752151863272       h
   -1.83158983547990     -0.26518129882377      3.83480573155043       h
    3.79033783019124      2.14845495487464     -2.52518225156805       c
    4.69200118698905      4.09129504608548     -2.23184176579690       o
    2.50140004827350     -1.97205128869250     -6.52249290261719       c
    2.54589364990800     -2.42609370626563     -8.63322174305943       o
    4.78580549112559     -3.27145966512867     -1.47700068035151       c
    6.29138449967920     -4.54302292709959     -0.58409658209251       o
   -1.32284986211022      6.16537964030241     -2.09971457171739       o
   -1.81090829481275      4.08308154045183     -2.41508624055483       c
   -5.89323753529385      0.41532325206156     -1.28378544363545       c
   -7.83266478112130      0.32815169765434     -0.32899375961604       o
   -3.46613433733177      0.06664459333716     -6.41145769771938       c
   -3.85720352148514     -0.26952029898147     -8.50848205532393       o
$end
