$coord
    0.79315717237430     -5.55436844488904     -0.13211509983230      sb
    2.38218157336007      2.61614081713160      0.42846308473284       c
    4.07982988870698      3.73700238898624      0.70597560241861       h
    2.54786255555859     -0.01126541332699      0.33944205536619       c
    4.38559532375598     -0.90823998166119      0.54982205242908       h
    0.38563981202103     -1.47934261793934     -0.01526237305589       c
   -1.95097970855296     -0.27948595867906     -0.28141404624532       c
   -3.65626724176385     -1.38963013778322     -0.55953278807229       h
   -2.11614441757387      2.34340892859915     -0.19303590170671       c
   -3.94335481275699      3.25655161572139     -0.40237598248252       h
    0.05017638604033      3.79540267415390      0.16219840592108       c
   -0.08309938357851      5.84265504710907      0.23066847469587       h
   -1.70941412815204     -6.07732728454790      1.85832832632582       h
   -1.16518301943907     -5.89150144390198     -2.69116181049446       h
$end
