$coord
    0.00000000000000      0.00000000000000      4.49749262171242      ba
   -0.70358094147186     -2.16539975110043     -0.38348061094957       c
   -0.70358094147186      2.16539975110043     -0.38348061094957       c
    1.84199901389924      1.33829062531240     -0.38348061094957       c
    1.84199901389924     -1.33829062531240     -0.38348061094957       c
   -2.27683595588215      0.00000000000000     -0.38348061094957       c
   -1.33562422174874     -4.11062864510703     -0.51601787559840       h
   -1.33562422174874      4.11062864510703     -0.51601787559840       h
    3.49670953913112      2.54050811942178     -0.51601787559840       h
    3.49670953913112     -2.54050811942178     -0.51601787559840       h
   -4.32217063476475      0.00000000000000     -0.51601787559840       h
$end
