$coord
   -3.89475634803179      0.49943836343274     -1.92160542770662      ba
   -1.84123386379086     -1.00035505961379      3.19114271429795       s
    3.47328543893743      3.03875236491556      2.54555387715057       s
    0.69061571949462     -2.28405111920348     -3.25359041488209       n
    0.91091961330772      4.71429069561674     -0.00059035044173      si
    2.12502310680384     -0.90183721160138      2.12275619134320      si
   -0.84157668003537     -6.07981095159518      0.58899664193699      ba
    1.50491420290251     -1.16793446067839     -1.50123263846402       c
    2.15586494895955      7.27710325250261     -0.21548981650735       h
   -4.28305613854765     -4.09559568480282     -1.55594058775428       h
$end
