$coord
    0.17976945738499      0.99002052537642      2.44579655777218      al
   -0.17914754851696     -0.99059500211870     -2.44536626713331      al
   -1.82520067144821      3.26116141363293      3.59227846952404       o
    2.46890564062068     -0.11735709467941      4.44079309005807       o
    1.13737173107147      1.78098769414341     -0.81379921776543       o
    1.56524711097915      4.25116814400863     -1.86068103535258       c
    3.49006771871639      4.35751002510013     -2.60960104192767       h
    1.32336424556169      5.67111194549538     -0.37668855730783       h
    0.20156215701419      4.60208688408268     -3.37537835040892       h
    3.46015089749930      0.86980729863031      6.71330232900235       c
    5.26160281380539      1.84705970046442      6.36902219680861       h
    3.82700777669187     -0.67975848701083      8.04473721690256       h
    2.16093640696365      2.20977241026288      7.62669597175411       h
   -3.85124200247574      4.45543449910899      2.32709435603635       c
   -3.61550981765289      6.51852939104071      2.38887422740759       h
   -5.65189437565796      3.99605039269576      3.25385365373143       h
   -4.00860705588458      3.88872207456654      0.32789563976428       h
   -2.46901070939328      0.11774864593270     -4.43896251235990       o
   -1.13581157318192     -1.78181860672097      0.81425010641907       o
    1.82495897547671     -3.26185116366888     -3.59304324168719       o
    3.85175430722847     -4.45645608505266     -2.32942306554130       c
    4.00856340321107     -3.89246713380287     -0.32941630237779       h
    5.65220258998909     -3.99451253357450     -3.25532102606820       h
    3.61739727610744     -6.51960029883626     -2.39417944453346       h
   -1.56476541978965     -4.25180592657612      1.86114401825343       c
   -0.20431529900702     -4.60125786123124      3.37907030834111       h
   -1.31862689113665     -5.67220080568912      0.37827951773323       h
   -3.49123915994184     -4.35889519435042      2.60568685220308       h
   -3.46136334578169     -0.86801772798908     -6.71156850528183       c
   -3.82806847996634      0.68226105131937     -8.04222047964808       h
   -5.26307472148486     -1.84473873883658     -6.36713568321712       h
   -2.16298619289243     -2.20809943572361     -7.62598959212824       h
$end
