$coord
   -3.55391570635982     -0.79058733381568     -2.76180638712234      in
   -6.27152064350672      2.73714300453527     -2.50695659897412      cl
   -0.77870719257994     -0.90189654900174     -6.34656242385697      cl
    1.99558178046708      0.16646597443122     -0.80875232620097       n
   -0.27436461190524      0.22766513296397      2.50528721491450       n
   -0.40492692377988     -0.08368349792402     -0.01672407621428       c
    3.62673573570384      0.62970039782598      1.17599357568755       c
    5.63303868837365      0.88731409940595      0.92873859683936       h
    2.18036316948321      0.66957380805525      3.29490814278939       c
    2.68013752622114      0.96874145330825      5.24792440918824       h
    2.43786651105742      0.01127410606717     -2.67049973400640       h
   -1.80154073343401      0.14678561066556      3.64294542846665       h
   -5.46874759974074     -4.66849601754455     -1.68449563253798      cl
$end
