$coord
    0.00000000000000      0.00000000000000     -6.43433510014485      ar
    0.00000000000000      0.00000000000000      6.43843939631771      ar
   -1.83659609793266     -1.33436509723105     -0.00067123071992       c
   -1.83659609793266      1.33436509723105     -0.00067123071992       c
    0.70151736054237      2.15904819261865     -0.00067123071992       c
    2.27015766375320      0.00000000000000     -0.00067123071992       c
    0.70151736054237     -2.15904819261865     -0.00067123071992       c
    1.33604015046905     -4.11190855661211     -0.00014966630917       h
    4.32351649771162      0.00000000000000     -0.00014966630917       h
    1.33604015046905      4.11190855661211     -0.00014966630917       h
   -3.49779821035225      2.54129915877808     -0.00014966630917       h
   -3.49779821035225     -2.54129915877808     -0.00014966630917       h
$end
