$coord
   -0.00000000000000     -0.00000000000000     -2.65857348345318       f
    0.00000000000000     -2.06115527703608     -0.47748654886375       c
    0.00000000000000     -0.00000000000000      1.51780704836913       c
    0.00000000000000      2.06115527703608     -0.47748654886375       c
   -1.73146893279490     -3.11882440724036     -0.82144977398617       h
    1.73146893279490     -3.11882440724036     -0.82144977398617       h
   -1.69547777591869      0.00000000000000      2.69071148875866       h
    1.69547777591869     -0.00000000000000      2.69071148875866       h
    1.73146893279490      3.11882440724036     -0.82144977398617       h
   -1.73146893279490      3.11882440724036     -0.82144977398617       h
$end
