$coord
    0.00070524579019      0.00000000000000     -0.00000018897261      fe
    1.67159598405731      2.89636906023291      0.00000000000000       b
    1.67159598405731     -2.89636887126030      0.00000000000000       b
   -3.34266832500513      0.00000018897261      0.00000000000000       b
    0.00022620021727     -0.00000018897261      3.34913553472582       b
    0.00022620021727     -0.00000018897261     -3.34913591267105       b
    2.88609858771122      5.00184465101775      0.00000018897261       f
    2.88609877668383     -5.00184446204514      0.00000018897261       f
   -5.77345081973436      0.00000018897261      0.00000018897261       f
   -0.00021391699745     -0.00000018897261      5.77814565532157       f
   -0.00021391699745     -0.00000018897261     -5.77814584429418       f
$end
