$coord
    0.00000018897261      0.00000037794523      0.00000037794523      hf
   -2.99923592395148      2.99923554600625      2.99923554600625      si
    2.99923554600625     -2.99923573497887      2.99923554600625      si
   -2.99923535703364     -2.99923535703364     -2.99923535703364      si
    2.99923554600625      2.99923554600625     -2.99923573497887      si
   -1.46981820929216      4.67823358729874      4.67823358729874       h
   -4.67823396524397      1.46981783134693      4.67823358729874       h
   -4.67823396524397      4.67823377627136      1.46981783134693       h
    4.67823358729874     -4.67823377627136      1.46981764237432       h
    1.46981783134693     -4.67823377627136      4.67823358729874       h
    4.67823358729874     -1.46981802031954      4.67823358729874       h
   -4.67823358729874     -1.46981764237432     -4.67823358729874       h
   -4.67823339832613     -4.67823358729874     -1.46981745340170       h
   -1.46981745340170     -4.67823358729874     -4.67823358729874       h
    1.46981783134693      4.67823358729874     -4.67823377627136       h
    4.67823358729874      4.67823358729874     -1.46981802031954       h
    4.67823358729874      1.46981783134693     -4.67823377627136       h
$end
