$coord
   -0.54782064348914      1.84323848526523      0.27336022246932      fe
    0.78886258078056      5.47053112325837     -0.66523197330836       c
   -1.69236350726320      5.05490834960585     -1.46732792820343       c
    1.15848318443227      6.51048747253929      1.07242411179537       h
    2.32993366954052      5.50400025164694     -2.02497684830080       h
   -2.13448099709139      4.77681341832807     -3.45490104934892       h
   -3.27003915799983      5.74351075488593     -0.32777734290879       h
   -2.87864267328145     -0.39447276987875      1.10626381547722       n
    3.43403469346665      1.26328437181332      1.74561863510786       s
   -4.19896427080781      0.00456160989533      3.49172349674791       c
   -3.50907590689906     -2.78970932720704     -0.14566330231939       c
   -2.45133232148542     -2.79067970157269     -2.84282537120883       c
    0.19616226460941     -0.50562230320716     -2.84153336545655       p
    3.26974870709428     -2.13113504801286     -2.35078377377811       c
    5.02221381995630     -0.31060426776699     -0.96354754105119       c
   -5.56805894375341     -3.07186660273768     -0.17169031127890       h
   -2.71555836375254     -4.36133350797067      0.97083092348567       h
   -3.85831543633762     -2.05562178099420     -4.17195611604373       h
   -1.88994344441226     -4.67358731767297     -3.49051558380823       h
    4.10699224512295     -2.73471376160042     -4.14644178978217       h
    2.92240608474090     -3.83469933996954     -1.22500513454387       h
    5.63952781891740      1.23998159203691     -2.18714293990513       h
    6.70755378212733     -1.25432574716823     -0.22189050786842       h
    3.15091800398188     -1.44899966348087      3.90378678226967       c
    0.34522971957200      0.41077014593380     -5.34886923246414       h
    2.00964909072095     -2.96012652999492      3.08308231626756       h
    2.23659915131887     -0.75213518660571      5.61873554029926       h
    5.04435044974041     -2.12734973761006      4.37900906128935       h
   -3.57451825647492      1.78435102870230      4.36594443971789       h
   -3.82144990318296     -1.53752010439677      4.83573583482433       h
   -6.25210162886428      0.12806428290881      3.20156512080017       h
$end
