$coord
   -2.87284896195203      2.50240122517501     -2.17376046639929      al
    3.25531856942423      1.66612182541578     -2.40280264279120      al
    2.83866854064967     -1.68707189616543      2.80512873650400      al
   -3.22122261887970     -2.35458779246957      1.67781110431281      al
    0.24948239903280      2.69396521920225     -2.95198483395406       o
    3.91185836947126      0.02094553540695      0.29117391476780       o
   -0.24747362016096     -2.61555065566248      2.89637699708264       o
   -3.91085586976146      0.05969701523526     -0.34338761454447       o
   -5.26969386518608      5.02514724182154     -3.37554596911629       c
   -4.35703645973297      6.47414350379538     -4.53259636319990       h
   -6.21230928788582      5.96351153662844     -1.78826219486509       h
   -6.76259885855845      4.14042565768773     -4.50558650768230       h
    5.95101893515529      2.37795085450939     -4.80730301553392       c
    5.25206158659569      3.35290629423746     -6.49028611128073       h
    6.88708626785614      0.63170294060161     -5.40876353510695       h
    7.41383740990447      3.56044811163186     -3.94046825609966       h
    5.13070450862556     -2.64279427030185      5.52330512683137       c
    6.79968851323164     -1.42443095617271      5.58872423277589       h
    5.79548767197902     -4.58703068014712      5.25302629178296       h
    4.19215577654878     -2.58330947131053      7.36583420890893       h
   -5.81429328152099     -4.77682778024663      2.65909693759006       c
   -5.07395338744798     -6.70902795747816      2.67492981896336       h
   -7.45529592240815     -4.70769479554687      1.40409485744137       h
   -6.47978641497996     -4.38104108379254      4.58124547258527       h
$end
