$coord
   -5.91010825425551      0.00000000000000     -0.00000000000000      cl
    1.32458122918677      2.29412317048196     -0.00000000000000       c
    2.61226328809385      0.00000000000000      0.00000000000000       c
   -1.30622480754493      2.26232588279698      0.00000000000000       c
    1.32458122918677     -2.29412317048196     -0.00000000000000       c
   -1.30622480754493     -2.26232588279698      0.00000000000000       c
   -2.64898312336420      0.00000000000000     -0.00000000000000       c
   -2.56215606602973      4.43785721154886      0.00000000000000       f
   -2.56215606602973     -4.43785721154886      0.00000000000000       f
    2.95497456965785     -5.11837669127059     -0.00000000000000      cl
    5.12447823898592     -0.00000000000000      0.00000000000000       f
    2.95497456965785      5.11837669127059     -0.00000000000000      cl
$end
