$coord
    0.00000000000000     -0.00000000000000      0.00000000000000      ni
   -2.99581514171836     -0.43912284083647      2.31530662240816       c
   -3.67005279385235      0.69961950859412      0.00000056691784       c
   -2.99581514171836     -0.43912302980908     -2.31530756727122       c
    2.99581514171836      0.43912284083647     -2.31530700035338       c
    3.67005279385235     -0.69961931962151     -0.00000000000000       c
    2.99581514171836      0.43912284083647      2.31530700035338       c
   -3.24002614972294      0.62246898285997      4.05435600258452       h
   -3.04987737159139     -2.49013463494652      2.51862112245890       h
   -4.17647086073113      2.69897337138113     -0.00000000000000       h
   -3.04987737159139     -2.49013444597391     -2.51862112245890       h
   -3.24002614972294      0.62246879388736     -4.05435581361191       h
    3.04987737159139      2.49013463494652     -2.51862112245890       h
    3.24002614972294     -0.62246898285997     -4.05435600258452       h
    4.17647086073113     -2.69897337138113      0.00000000000000       h
    3.24002614972294     -0.62246898285997      4.05435600258452       h
    3.04987737159139      2.49013463494652      2.51862112245890       h
$end
