$coord
    0.00000000000000     -0.00000000000000      0.00000000000000      ti
    2.39342393202832     -2.39342393202832      2.39342393202832       b
   -2.39342393202832      2.39342393202832      2.39342393202832       b
   -2.39342393202832     -2.39342393202832     -2.39342393202832       b
    2.39342393202832      2.39342393202832     -2.39342393202832       b
    3.79209811007753     -3.79209811007753      3.79209811007753       f
   -3.79209811007753      3.79209811007753      3.79209811007753       f
   -3.79209811007753     -3.79209811007753     -3.79209811007753       f
    3.79209811007753      3.79209811007753     -3.79209811007753       f
$end
