$coord
    4.12610399029731      0.27401728024329      3.43363690611714      rb
   -2.19621305839165      3.47536867301863      0.38397949864681      rb
    3.29612418155141      1.66804594455718     -4.74271444422174      rb
    3.03099541711394      4.12313523055351     -0.05115526417355       o
   -0.22428063347246     -2.14267768416252      1.74830110134358       n
   -4.58585999481212     -1.79236441233921     -0.12182119470665       n
   -1.01201618159154     -1.31854015270747     -3.20546419271576       c
   -3.10013803941694     -1.59215737792991     -1.96109446764188       c
    0.66678324948512     -1.89568518827322     -0.77376026752753       b
   -2.87965896799196     -2.21604289949386      2.12252375502971       b
    3.79023389525432      5.76441244864676      0.14833235149962       h
    3.00023974646956     -1.91293234067915     -1.13628060320637       h
   -3.91231360449499     -2.43457971040663      4.15551682155662       h
$end
