$coord
   -4.19771459492075     -5.00211129137412      0.00000000000000      li
   -0.85747910333011     -4.21708183106734      0.00000000000000       n
   -2.13783242637569     -2.20377536440231     -0.00000000000000       n
   -1.53415374627607      1.54514212575300      0.00000000000000      li
    1.53415261244040     -1.54514231472561     -0.00000000000000      li
    2.13786927603515      2.20370809015222      0.00000000000000       n
    0.85744036394453      4.21714627072824     -0.00000000000000       n
    4.19771761848255      5.00211431493592     -0.00000000000000      li
$end
