$coord
   -0.06665177429644     -0.49264328622920      0.05008397843277      sb
   -0.64381268356165      1.07732851800994     -3.23228450870293       o
   -0.47235726524020     -3.90485353266774      0.36397145637092       o
   -2.14506743182134      1.76535682449296      2.08584228119972       o
   -2.79545522846547      0.87689585030120      3.54623774911026       h
    3.21801537569881      0.99594576164421      0.80457149612001       o
    4.52704113530756     -0.27555702909068      0.67940813178709       h
   -1.62171212762127     -0.04247291748807     -4.29783058431783       h
$end
