$coord
    0.00000000000000      0.00000000000000      0.00000000000000      zn
   -8.00696744979666      1.28626268561390      0.00000000000000       c
   -8.00696744979666     -1.28626268561390      0.00000000000000       c
   -5.40078416654030     -2.07820476408925      0.00000000000000       c
   -4.57679573447659     -4.57679573447659      0.00000000000000       c
   -3.85716043572947      0.00000000000000      0.00000000000000       n
   -5.40078416654030      2.07820476408925      0.00000000000000       c
   -4.57679573447659      4.57679573447659      0.00000000000000       c
   -2.07820476408925      5.40078416654030      0.00000000000000       c
    0.00000000000000      3.85716043572947      0.00000000000000       n
   -1.28626268561390      8.00696744979666      0.00000000000000       c
    2.07820476408925      5.40078416654030      0.00000000000000       c
    1.28626268561390      8.00696744979666      0.00000000000000       c
    4.57679573447659      4.57679573447659      0.00000000000000       c
    5.40078416654030      2.07820476408925      0.00000000000000       c
    8.00696744979666      1.28626268561390      0.00000000000000       c
    3.85716043572947      0.00000000000000      0.00000000000000       n
    5.40078416654030     -2.07820476408925      0.00000000000000       c
    8.00696744979666     -1.28626268561390      0.00000000000000       c
    4.57679573447659     -4.57679573447659      0.00000000000000       c
    2.07820476408925     -5.40078416654030      0.00000000000000       c
    1.28626268561390     -8.00696744979666      0.00000000000000       c
    0.00000000000000     -3.85716043572947      0.00000000000000       n
   -1.28626268561390     -8.00696744979666      0.00000000000000       c
   -2.07820476408925     -5.40078416654030      0.00000000000000       c
    9.61700636119297      2.54722515093632      0.00000000000000       h
    9.61700636119297     -2.54722515093632      0.00000000000000       h
    6.02865039618848     -6.02865039618848      0.00000000000000       h
    2.54722515093632     -9.61700636119297      0.00000000000000       h
   -2.54722515093632     -9.61700636119297      0.00000000000000       h
   -6.02865039618848     -6.02865039618848      0.00000000000000       h
   -9.61700636119297      2.54722515093632      0.00000000000000       h
   -9.61700636119297     -2.54722515093632      0.00000000000000       h
   -6.02865039618848      6.02865039618848      0.00000000000000       h
    2.54722515093632      9.61700636119297      0.00000000000000       h
   -2.54722515093632      9.61700636119297      0.00000000000000       h
    6.02865039618848      6.02865039618848      0.00000000000000       h
$end
