$coord
   -5.77240410043322      2.78079227653672      0.00000000000000      po
   -2.09233197866131      0.67269412383435      0.00000000000000       c
   -1.92754067952287     -1.95960328475592      0.00000000000000       c
    0.39662063259345     -3.20727455034438      0.00000000000000       c
    2.62692869666657     -1.80956602234551      0.00000000000000       c
    2.51787430269394      0.82008576966849      0.00000000000000       c
    0.18611912614066      2.05432618476228      0.00000000000000       c
    0.19778119298147      4.62166331291141      0.00000000000000       o
   -3.66784257017549     -3.05119866809863      0.00000000000000       h
    0.45510425468327     -5.26161812058701      0.00000000000000       h
    4.45281042541056     -2.75357870854275      0.00000000000000       h
    4.22940832561403      1.95682255276165      0.00000000000000       h
   -1.60252781696367      5.13645532317193      0.00000000000000       h
$end
