$coord
    0.00000000000000      0.00000000000000      1.26837321529777      al
    0.00000000000000      0.00000000000000     -2.90323443524834      cl
    1.74414238105830     -3.12082600515293      3.29122147609035      cl
    3.32745980914382      1.89809950237168      1.20669123173986       o
    3.37921147088271      4.50398194122879      0.22044014306678       c
    5.68532022931824      4.60400722377182     -1.48443599676650       c
    7.47970872731091      2.72819779694568     -0.21088719955509       c
    5.69899674420927      0.60881797927164      0.54126631739404       c
    3.52796428644534      5.76067324756142      1.85717956181389       h
    1.60078567844819      4.85342480519850     -0.76341345007035       h
    6.45824845043254      6.51570406150986     -1.61751353411473       h
    5.19017929206842      3.94956634253285     -3.38503428399447       h
    8.98005054887918      2.05531810200577     -1.46195354710135       h
    8.35153274166279      3.57477790484462      1.46648114192641       h
    5.30703296370789     -0.67547787939042     -1.03663647842293       h
    6.28794141867780     -0.47143848039778      2.19402513348307       h
   -1.74414238105830      3.12082600515293      3.29122147609035      cl
   -3.32745980914382     -1.89809950237168      1.20669123173986       o
   -3.37921147088271     -4.50398194122879      0.22044014306678       c
   -5.69899674420927     -0.60881797927164      0.54126631739404       c
   -5.68532022931824     -4.60400722377182     -1.48443599676650       c
   -3.52796428644534     -5.76067324756142      1.85717956181389       h
   -1.60078567844819     -4.85342480519850     -0.76341345007035       h
   -7.47970872731091     -2.72819779694568     -0.21088719955509       c
   -5.30703296370789      0.67547787939042     -1.03663647842293       h
   -6.28794141867780      0.47143848039778      2.19402513348307       h
   -6.45824845043254     -6.51570406150986     -1.61751353411473       h
   -5.19017929206842     -3.94956634253285     -3.38503428399447       h
   -8.98005054887918     -2.05531810200577     -1.46195354710135       h
   -8.35153274166279     -3.57477790484462      1.46648114192641       h
$end
