$coord
    0.70626794305029      0.21311556460276      2.56961424813085      li
    5.56718437850234      2.82189759922746     -2.99568871904054       f
   -4.48322518946182     -2.17595103692444     -5.71430201404822       f
    3.56494925029116      1.72319986921315      1.89364447302985       f
   -0.51286524550254      0.10341790785688     -0.71219676979771       o
   -4.92154319594126     -1.85715650715515      1.63746450666161       n
   -4.78856694791338     -0.98802686431359     -0.77144440816023       n
    7.67424280389023      2.90727750429472     -1.17737439856775       n
   -2.41731857402736     -0.72799733685426     -2.04341830761831       c
   -1.97028080428514     -1.71656409592202      5.40962033693244       c
   -3.37331741509600     -1.75859689619537      3.34037041803603       c
   -2.34974725899805     -1.26750072874544     -4.53080906023001       c
    2.56074670828503      1.63450009328790     -1.28888808212063      li
    6.67314224731978      2.57118857896634      0.46966459448339       h
   -6.16863752814348     -1.76668208942506     -1.83948208767215       h
   -2.16711165399789     -0.18229224176308      6.76478564963135       h
   -0.86089648405621     -3.35842901884043      5.95329435438349       h
    8.02503323156033      4.80845178004586     -1.18518595945441       h
   -0.75805607650340     -0.98385170341101     -5.77966839663382       h
$end
