$coord
   -3.40127780285494      0.07249027213505     -0.05705517811125      re
    3.39982800497114     -0.06033366396708     -0.14389716428211      re
   -3.87478950178545      2.46363462753769      2.07713631293766       o
   -5.39465143834390      0.49268712787533     -2.57510994965021       o
   -0.01376211948454      0.06659300381393     -1.23466806011608       o
    3.87321006868942     -2.57397951548169      1.84415103401143       o
    5.32887536313420     -0.37870376124850     -2.72572735798128       o
    4.18592383773076      2.65889624867549      1.43066043834677       o
   -4.10335641205670     -2.74128433934020      1.38450992484508       o
$end
