$coord
   -0.04286333490568      0.50914815421288      0.24956441314666      na
    6.88474092876128      1.41369409924314      1.91059191487222       h
   -6.85302263162836      0.15571570044615     -1.98083397983527       h
   -5.40986562338358     -0.50130295620118      0.16532665854991       p
    5.40549336404607      0.55683973937026     -0.13805847747090       p
    6.59497164742286      1.99919059044973     -2.04188536178498       h
   -7.00707234952192      0.59975806530620      1.99724492843049       h
   -6.29130380837363     -3.00800311934002      0.41047345893203       h
    6.71892161861035     -1.72504065143240     -0.57242336586755       h
$end
