$coord
   -3.22881345975486      0.28135565370803     -0.59318049557975      sb
   -0.86372389228579     -2.74906585358146     -0.83429291965568       o
    1.27928109244174     -1.40048869307530      0.38405489871923       n
    0.76069470109301      1.27975730342547     -0.22665677510318       c
   -3.55111078587114      0.12453975471138      2.65782288423597       h
    2.78740839667613     -2.02347753959251     -0.64440756934608       h
    1.51796219488407      1.93127610115595     -2.04781343264195       h
    1.29830175281684      2.55610327324844      1.30447322039883       h
$end
