$coord
   -1.98178602385751     -4.35028163369592      0.00000000000000      na
   -2.23552578687936      0.17514926597976      2.65402604650380       c
   -4.48597474097501      0.11853722864504      1.33959755990108       c
   -4.48597474097501      0.11853722864504     -1.33959755990108       c
   -2.23552578687936      0.17514926597976     -2.65402604650380       c
    0.11967975706077      0.22343762664770     -1.35940226764581       c
    0.11967975706077      0.22343762664770      1.35940226764581       c
    2.46252989364448      0.27135333332360     -2.65615047661454       c
    2.46252989364448      0.27135333332360      2.65615047661454       c
    4.69506991324491      0.32912396174612      1.33446922114059       c
    4.69506991324491      0.32912396174612     -1.33446922114059       c
   -2.23886909034132      0.23414594871277      4.70815040851583       h
   -6.26993780890366      0.13426352946485      2.35423668135537       h
   -6.26993780890366      0.13426352946485     -2.35423668135537       h
   -2.23886909034132      0.23414594871277     -4.70815040851583       h
    2.46394737721153      0.29901835688905     -4.70966540195097       h
    2.46394737721153      0.29901835688905      4.70966540195097       h
    6.47997349786642      0.39011165992538      2.34358977538940       h
    6.47997349786642      0.39011165992538     -2.34358977538940       h
$end
