$coord
   -0.82591141736944      1.31831017303795      0.00000000000000       i
    1.29560171212814      4.82386627605489     -0.00000000000000       c
    2.45339325679833      4.84785899483987      1.69777001370942       h
   -0.06291314012895      6.36620839460713      0.00000000000000       h
    2.45339325679833      4.84785899483987     -1.69777001370942       h
   -3.09849359974217     -4.14685431699546      0.00000000000000       o
   -1.31286738385011     -5.56170889705252     -0.00000000000000       c
    0.66188772498334     -4.84923414854169     -0.00000000000000       h
   -1.56409059859009     -7.64630547079004     -0.00000000000000       h
$end
