$coord
   -0.00000000000000      0.00000000000000    -19.31248454462732       k
   -0.00000000000000     -0.00000000000000    -13.92128658077852      cl
   -0.00000000000000     -0.00000000000000     -8.28531541540269       k
    0.00000000000000      0.00000000000000     -2.79359517103974      cl
   -0.00000000000000     -0.00000000000000      2.79492081391707       k
    0.00000000000000      0.00000000000000      8.27981952491072      cl
   -0.00000000000000      0.00000000000000     13.91785767272306       k
   -0.00000000000000      0.00000000000000     19.32008388927005      cl
$end
