$coord
   -0.17215575082371     -0.23304990755974      0.00000000000000      sb
    3.14497538223374      3.66759652783389      0.00000000000000       c
    3.85222277033508      1.29787221806842      0.00000000000000       o
    4.45897206641669      5.55234492615342      0.00000000000000       o
    0.22053217272911      3.78814140151510      0.00000000000000       c
   -0.56247773726690      4.70249351335792      1.68065589802275       h
   -0.56247773726690      4.70249351335792     -1.68065589802275       h
   -4.21939844632509     -1.03577325152861      0.00000000000000       c
    0.91494076153104     -2.14950450876497     -3.37301808247766       c
    0.91494076153104     -2.14950450876497      3.37301808247766       c
   -0.50501740187426     -3.55265185752681      3.89143609922857       h
    2.75141308240245     -3.02111158255760      3.03357810581021       h
    1.11521450327259     -0.74262684063059      4.86922915170731       h
   -0.50501740187426     -3.55265185752681     -3.89143609922857       h
    1.11521450327259     -0.74262684063059     -4.86922915170731       h
    2.75141308240245     -3.02111158255760     -3.03357810581021       h
   -4.52585571010878     -3.07957630738616      0.00000000000000       h
   -5.09371935580713     -0.21537662191241      1.68236742297498       h
   -5.09371935580713     -0.21537662191241     -1.68236742297498       h
$end
