$coord
   -0.00000056691784      0.00000170075351      0.00000736993189      mo
    2.37439079946079     -2.37438966562512      2.37439155535124       p
   -2.37439098843340      2.37439098843340      2.37439476788566       p
    2.37438853178944      2.37438890973467     -2.37438361850151       p
   -2.37438702000854     -2.37438777589899     -2.37438758692638       p
   -3.98280265666270     -3.98280511330666     -3.98281380604684       o
   -3.98281871933477      3.98281701858126      3.98280605816973       o
    3.98280492433405      3.98280171179964     -3.98281834138954       o
    3.98281550680036     -3.98281777447171      3.98280341255315       o
$end
