$coord
    1.57662817554504      1.57662817554504     -1.57662817554504      cu
   -1.83066519248650      1.83066519248650     -1.83066519248650       h
   -1.57662817554504     -1.57662817554504     -1.57662817554504      cu
    1.83066519248650     -1.83066519248650     -1.83066519248650       h
    1.83066519248650      1.83066519248650      1.83066519248650       h
   -1.57662817554504      1.57662817554504      1.57662817554504      cu
   -1.83066519248650     -1.83066519248650      1.83066519248650       h
    1.57662817554504     -1.57662817554504      1.57662817554504      cu
$end
