$coord
    0.09544817689348      0.00642166732106     -0.05490013443726      ir
   -3.54637248658304      1.47082297667330     -0.15387416233646       n
   -2.11210947434984     -2.87682078832346      1.43992954499435       n
    2.08525665507330      2.86705090425252     -1.54151989871486       n
    3.56314682951227     -1.50647719538125      0.18290734761706       n
   -4.08709059442795      3.78324663290378     -1.05442900578880       o
    0.90167545104501      4.83579743989603     -2.34268988780824       o
    3.82845341717819     -3.66955938636087      1.23557531762913       o
   -1.15879895766791     -5.09406668746908      2.23188825305960       o
   -4.51782456304629     -2.42674547280645      1.63403389785264       c
   -5.33187624822214      0.03612853996556      0.72804155644561       c
    4.53362191756843      2.40199119439274     -1.66558778881260       c
    5.35591809988639     -0.00273386678635     -0.67995161702090       c
   -7.29442901751538      0.64268092658484      0.78879473961264       h
   -5.82359262378659     -3.80027212043514      2.42892149244044       h
    5.81304284974348      3.78463992797641     -2.48122665496160       h
    7.32279664125445     -0.58458413143300     -0.61752451445153       h
   -2.38984460177324      4.46922099606055     -1.60466301851333       h
    0.71735572212144     -4.92130735812075      1.93002718115934       h
   -0.22007561489709     -1.35211888521134     -3.81181211096822       o
   -1.75299348028682     -2.28049994586768     -4.18940716989865       h
   -0.11624499085432      0.02065716320014     -5.02822220417362       h
    0.71178291977614      1.40572021088226      3.63983531720863       o
    1.35544933853564      3.12543788176320      3.61112792071213       h
    1.97549814914616      0.39652331169797      4.51529100722928       h
$end
