$coord
    3.13393711398709     -2.53543363785588     -0.36864021373759      as
    0.18982166653915     -0.40782954310927     -3.25607105836757      as
   -3.51255716036820     -0.72213011517855     -0.32820631073938      as
    2.79361614699974      2.10045496641352     -0.35871367137081      as
    1.11468500201211     -3.15535602578858      2.29753034668697       f
   -2.40413017539465      1.06572144219939      2.37927045026311       o
   -1.58823978669829     -0.12758334760976      3.50160260698893       h
    4.92134685339678      2.15492764480110     -2.31694973927464       h
   -4.64847984944633      1.62722861612802     -1.54982241044904       h
$end
