$coord
    1.36657755774589      0.26767781600871     -1.07344343006768      os
   -1.96786800196758      1.30525651187802     -3.21910555870085       o
   -4.08718035641893      1.38311511799154     -1.37571362767420       c
   -3.15748140076238      3.03032702098320      0.78944159286554       c
   -0.73482416145672      2.18847765346786      1.74479187992777       n
   -0.69912251062301      0.65859034186625      3.99129735354388       c
    2.07467475568605      0.19375135201797      4.56173272752698       c
    3.36484010369518     -0.92934444303532      2.33245947748041       o
   -4.63767685210235      3.05927082221806      2.25670035709277       h
   -2.98567222571016      4.97867018364529      0.06405302292809       h
    3.05369159480393      1.98845694605457      4.85147271811044       h
   -1.51137120810213      1.64272588214137      5.65129098610595       h
   -1.68034541602026     -1.20064316327389      3.82727366115779       h
   -0.43551799927869     -2.35045855191185     -0.24931194573624       h
    2.39618274319954     -1.07905856227821      6.16202235286712       h
   -4.45402740903564     -0.55641719660850     -0.74935086413180       h
   -5.72460480088667      2.17767805763091     -2.37016820643245       h
    2.90660627357479     -1.78430586424789     -3.49548726427288       c
    3.99558022883564     -3.62125666377438     -5.58697548021897       s
   -2.28865562588187     -0.05426235186977     -4.39877181711410       h
    2.96182312611076     -2.71443152006366      2.31836079777285       h
    3.60486215579646      3.03985785469922     -2.18610623615246       b
    5.26380339987901      4.49399814016039     -3.20638713495565       f
$end
