$coord
   -0.48862591745814     -1.65521583799794      1.42862652611746      zn
    0.00980257633292     -4.20937628381634     -2.06393109574243      cl
   -3.48076932131386     -2.68688554924415      4.17483246817997      cl
   -1.73351002598349      2.41709634223496     -0.43152387413897       s
   -4.73701106180114      1.21493686271764     -0.76004369044263       c
   -5.22805261616603     -0.71206354410583     -2.32533898943799       n
   -6.81960395892736     -1.73945491540298     -2.08517312917853       h
   -3.71210864878443     -1.67399177883974     -3.01214426517233       h
   -6.66153120308436      2.28050901655308      0.50828511629118       n
   -8.33323376769517      1.37266663326879      0.65518807894916       h
   -6.17714545310754      3.41452270429881      1.95847209469696       h
    3.49264776179609     -0.75983638748662      3.31291269742659       s
    5.38226352769812      0.06105724010069      0.81055021163716       c
    7.46775450881103      1.45967302561261      1.28602949340997       n
    8.88431702334069      1.57739351462603      0.01824284910168       h
    7.86775397171761      1.85830035837916      3.10149637455624       h
    4.91052382495587     -0.59099068094505     -1.57300462569861       n
    5.95645775591826      0.09522424434756     -3.00945178338814       h
    3.40007102375093     -1.72356496430067     -1.99402464613933       h
$end
