$coord
    0.00887207518852      0.52669067081230      0.32322650445238      ir
    4.46149844127442      0.97901835089877     -0.02251136247488       p
    5.44731923930862      3.02596572205722     -2.61483860685823       c
    5.91700934509471      2.38043773409108      2.78484725085769       c
    5.01012448603842      4.20488497173289      3.14583369584013       h
    5.81396805965473     -3.27734200461340      1.05104960855784       h
    7.94645615157374      2.66305137848113      2.49881924930335       h
    5.42275431145272     -2.87415514065026     -2.26194604784568       h
    7.50887211472159      3.21196560647933     -2.61514398660018       h
    5.62395534180425      1.15435073134014      4.42406051007622       h
    6.15156045108887     -1.99567305423896     -0.53623832309083       c
    4.79722812966626      2.21702461221627     -4.39963598887147       h
    8.18445128343236     -1.66757634761489     -0.73985310062298       h
    4.54876845041280      4.87042780498897     -2.36930894796300       h
   -4.47351615457213      0.49601777017224      0.07354908568339       p
   -5.99933828733169      1.81865617192897      2.88117396142710       c
   -5.72992986013687      2.35426219265807     -2.54418666029847       c
   -5.09031028987600     -3.49878974965052     -2.04045446116244       h
   -7.91843170209914     -2.54021407803659     -0.46594731422112       h
   -5.34409389454397     -3.84604809021868      1.29137023738701       h
   -5.85757821432536     -2.65093388764397     -0.31603590757069       c
   -7.79886249401674      2.34532756753478     -2.47875186962711       h
   -5.00433115265422      4.28244367831024     -2.38317216779527       h
   -8.05341049290264      1.88132043512713      2.64210074081364       h
   -5.27665372650780      3.73591031625807      3.16937099062876       h
   -5.06347958039513      1.55293649013192     -4.32620047572825       h
   -5.54151547264368      0.67571655180012      4.54260926605063       h
    0.01976918089357      1.00749274416395      3.78433341439878       c
    0.02843697668789      1.32612551337687      5.93398116440410       o
   -0.27504132283092      5.36701627245123     -0.14503459043730      cl
    0.22293382566253     -3.29634830306994      0.70388556532336       c
    0.30280933647024     -4.48823542033944      2.65269227780413       o
    0.00913720376399     -0.18340585736908     -4.22903756134812      cl
    0.26384658526105     -4.30721968857440     -1.15146871002551       h
$end
