$coord
    0.00000000000000      0.00000000000000      3.91026136192225      se
    2.33709270799591      0.00000000000000     -0.91836683499731       c
    2.63486327872403      0.00000000000000      1.66325492191017       c
    0.00000000000000      0.00000000000000     -2.14618425996175       c
   -2.63486327872403      0.00000000000000      1.66325492191017       c
   -2.33709270799591      0.00000000000000     -0.91836683499731       c
    0.00000000000000      0.00000000000000     -4.19911185841825       h
   -4.04392131286248      0.00000000000000     -2.06251210039449       h
   -4.49457091614915      0.00000000000000      2.53514148619681       h
    4.49457091614915      0.00000000000000      2.53514148619681       h
    4.04392131286248      0.00000000000000     -2.06251210039449       h
$end
