$coord
   13.01485317729371     11.88121176559478      8.04227811629492      ga
    6.88041515668646     10.56147050296168      9.99559522709301      cl
    7.96110096213169     12.78692442753518     13.31935400761924       p
   11.88267044519137     10.78800463483929     14.48753092015959      ga
    8.32054009936223     12.15762673034663      4.41001587653586      ga
   11.35322719930407      7.22271958021556      6.24325997826639      ga
   11.35090793842975      2.38963087374840      8.77113187702945       f
   13.76237251886428     10.35367999760911     11.41714076044408       f
    5.26712402662746     13.42126693758945      3.80281531385539       f
   13.95018030427104      9.62536556471092      5.62683490647491       o
   10.37248768584982     12.49744011689655      1.73127070052429       o
    9.44984534549264     10.56475560285896      7.49165311923494       c
   12.09809166464035      4.94898542079647      9.21892780489338       c
   14.13108643192077      4.92043751718499      9.63732016115603       h
   14.08487620307350     14.59245267206746      8.46179504857509       h
   11.39640800819890      8.03404476853695     15.43544324519024       h
   13.38779100618683     12.80257740698130     16.07017333807294       h
   11.93694640308924     11.64892719711603      2.19401322820848       h
   10.21243222935553      6.01218691320696      3.76307512931800       h
    8.92055384461326     14.77673347263284     11.79175175284908       h
   11.12335713389640      5.55706886352297     10.94743818246556       h
$end
