$coord
   -0.19869733220731      0.24823517978970      0.00000000000000      ti
    1.14941949101458     -1.01914914182639      3.49553885379612       c
    1.14941949101458     -1.01914914182639     -3.49553885379612       c
   -2.85180497181392      2.56004316324835     -0.00000000000000       c
   -0.40547192079459     -1.89363370159093     -4.56718987863338       h
    1.81538996929295      0.59259600328901     -4.63059415858245       h
    2.69384238700406     -2.39564076974662     -3.33857574513425       h
   -0.40547192079459     -1.89363370159093      4.56718987863338       h
    2.69384238700406     -2.39564076974662      3.33857574513425       h
    1.81538996929295      0.59259600328901      4.63059415858245       h
   -3.72792849104746      3.31168853284222      1.72410296932872       h
   -3.72792849104746      3.31168853284222     -1.72410296932872       h
$end
