$coord
   -0.00001889726126      2.55514933950009      2.18187249373997      ni
    0.00000642506883     -2.55515765429504      2.18186550175331      ni
   -2.26461717572465      2.85498273526724     -1.02980965382047       c
   -0.00001398397333      4.35602205474859     -1.22638123310875       c
    2.26460886092969      2.85503224609174     -1.02978149690120       c
    1.53447103129261     -0.00000113383568     -1.13724511942103       b
    2.26457957017474     -2.85503867116057     -1.02987806190623       c
    0.00004743212576     -4.35600429132300     -1.22642772037145       c
   -2.26467141086446     -2.85508289075192     -1.02985160574047       c
   -1.53447027540216     -0.00000377945225     -1.13723680462608       b
   -4.07261378052259      3.84122135174789     -0.92547598468298       h
   -0.00002777897405      6.40888899299644     -1.31056418564785       h
    4.07256483661593      3.84128560243617     -0.92541003324118       h
    4.07260735545376     -3.84126349264049     -0.92546313454532       h
    0.00001360602811     -6.40894455094454     -1.31059801174551       h
   -4.07253932531323     -3.84128012223040     -0.92543989091397       h
    2.63438725671291      2.95519717939549      4.21337891272363       c
    4.34558075098511      3.16264129794917      5.52669548447386       o
   -2.63453805685776      2.95535705022574      4.21307013147465       c
   -4.34534472419198      3.16305458105291      5.52683230064538       o
   -2.63443223219471     -2.95534533392376      4.21331957532327       c
   -4.34556468831304     -3.16275921685943      5.52672534214665       o
    2.63453881274821     -2.95521135234143      4.21314175209482       c
    4.34544809221107     -3.16274050857078      5.52679715173944       o
$end
