$coord
    1.84692685271777     -3.02520888674379     -2.75985184339031      tl
    5.57976938758305     -0.50905196715307     -0.60146335416222       p
   -0.33650277534995      0.81122427694627     -4.97001467107080       p
   -3.83976682954878      3.37150856924828     -1.78848442665750      tl
    0.04962571984724      4.03687150057717      1.82384082452801       p
    4.77969751834144      2.90699631304718      3.20281158415282      tl
   -1.31668916596715     -3.25743695241138      1.06192743905640       p
   -6.48576664227800     -4.06547099371189     -3.96742690003925       p
    4.50369338004936     -0.23322376236332      6.88689200401040       p
   -6.04276343781460     -1.19730401720941     -0.03870026825030      tl
    7.02777486614907      0.49223869586565     -2.61249288981815       h
    7.34872500651019     -2.33683570524279      0.21363467236955       h
    2.61965495183534     -5.77677730463380     -4.32021042185435       h
   -1.40709782122805     -0.25327640217578     -7.17536172069202       h
    1.67341408956305      2.10682825674576     -6.16783099303294       h
   -3.68525205005564      6.38780777525365     -3.16786317815290       h
   -1.21345248284574      3.31222823862378      4.07012879066702       h
    0.02176038531244      6.66062432351654      2.35728518754169       h
    6.78200691278936      5.40829431610989      2.52072495455488       h
    0.05567170961447     -2.35257315544674      3.17239417448498       h
   -1.39388466718309     -5.82869564021699      1.78282318512950       h
   -7.78969751127870     -2.18929741666128     -5.38227788961668       h
   -8.76245935691982     -5.23209606315763     -3.14265366471545       h
    2.01463947947425      0.53418608051810      7.55009365556908       h
    5.63022507514478      1.47153237986097      8.63450940244163       h
   -7.66025297240753     -1.24309227021277      2.81756653591950       h
$end
