$coord
   -3.29359478313188     -4.68782375841511     -7.58736529086820      ti
   -6.94857531037660      1.38582649703700     -2.45668572662750      cl
   -3.90269773310331     -3.57671544104151     -1.60014487231890       s
   -5.11531401213833     -1.55037421047780     -6.28092562146275       n
   -5.43784112895152     -1.09184822869835     -4.05826735771993       c
   -3.09630964325846     -5.54374988481496     -4.01073942284506       c
   -1.79387241378769     -7.84698682645694     -4.68950939411942       b
   -1.60496197318645     -8.05721111008707     -7.01413614578056       h
   -6.18838592204966     -4.42451139872986     -0.76524478365897       h
   -0.93352054880097     -9.57977478808772     -3.54159053462143       h
   -5.20298502116063     -6.73738254210695     -9.21620168598415       h
   -0.34199526433490     -4.12297328102452     -8.79426061302966       h
$end
