$coord
   -0.00020881473691      0.02486955170740     -0.32215049439629      au
   -5.11072027689886     -2.30896205591304     -1.73045660650925       c
   -4.53748924208510     -2.29149947472875     -3.72638496274782       h
   -7.20588401015985     -2.35325591349603     -1.69930673899501       h
   -4.01737500716357     -0.02588112210260     -0.32073036521267       c
   -4.63596305947876     -0.17288027182039      1.66711827800197       h
   -5.16762068644040      2.40484657056898     -1.39956518391757       c
   -4.59853004156849      2.67911386157874     -3.37782838033116       h
   -7.26315518396728      2.39484878552726     -1.36489248895941       h
    5.10631570324460      2.45452199021334     -1.56859211519462       c
    4.53366273565275      2.57230654094243     -3.56127826831897       h
    7.20139798930955      2.50042419370209     -1.53357870261596       h
    4.01698836919821      0.07857311156173     -0.31820909261549       c
    4.63605187660668      0.09058477773584      1.67489336717441       h
    5.17069168036761     -2.27079620221114     -1.56106817062431       c
    4.60029051042739     -2.41049212737013     -3.55299465384605       h
    7.26629477495287     -2.25915152085068     -1.52744691928261       h
   -4.52775394000226      4.07678705169905     -0.35392775098433       h
   -4.43038372266612     -4.09466669543932     -0.92637738404504       h
    4.53497042613187     -4.01131560034085     -0.63119120276671       h
    4.42228435649048      4.17989504447128     -0.64483030108045       h
$end
