$coord
   -0.00000000000000     -0.00000000000000      3.46703309107725      sc
    0.00000000000000      3.54992271505578     -0.00000000000000      br
    3.87893820652227      0.00000000000000      5.89308390055982      br
   -3.87893820652227      0.00000000000000      5.89308390055982      br
    0.00000000000000     -0.00000000000000     -3.46703328004986      sc
    3.87893820652227      0.00000000000000     -5.89308390055982      br
    0.00000000000000     -3.54992271505578     -0.00000000000000      br
   -3.87893820652227      0.00000000000000     -5.89308390055982      br
$end
