$coord
   -3.61425428361483     -2.33061245916495     -2.73302944870440      tc
    0.84280991530514     -1.66707424738324     -2.62348051340462       p
   -2.87085435602613     -0.73948176943924      1.41929033419241       p
    2.10306354435773     -0.27405601962888      0.22013797585925       c
    0.33258329439220      0.16890202038012      2.14675250060781       c
    1.03480419997125      1.18171283180761      4.70924701658669       c
    4.88806594173036      0.21675385431297      0.51631135006575       c
   -3.68297795363572     -2.36338446758567     -6.38232908126942       c
   -4.27216035565089     -5.83566306044321     -2.54568578003415       c
   -7.16907705851509     -1.51258516816541     -2.59194778737728       c
   -3.70342970360597     -2.31613356656086     -8.55629155939156       o
   -4.59434127463781     -7.98645730728912     -2.35666592429023       o
   -9.27148675763325     -0.96388844764431     -2.50530592320314       o
   -0.86013454648224      2.63824192006454     -1.34301550754500      tc
   -3.30538157189701      3.70089010066536     -3.81480052386373       c
   -1.69962855935425      5.40631048162291      0.84327403204167       c
    1.77130095802201      4.52784767041810     -2.97084089918359       c
   -2.15815756469551      7.01842960353862      2.23975083655166       o
    3.42511310745362      5.60568376886546     -3.89957533862547       o
   -4.75940715098234      4.37333931599379     -5.29278990892431       o
    5.81614918154925      0.39677823575235     -1.31938448234053       h
    5.77560227292871     -1.35815070203263      1.52951295685607       h
    5.24632948033797      1.95119910575618      1.58017972682607       h
    2.50533748162945      2.62698690023125      4.57954490804456       h
    1.74367372897907     -0.35679824496959      5.90305466251795       h
   -0.59633010211380      2.02221425767734      5.65608635512306       h
    2.85176037427735     -1.51560324976110     -4.36532139701418       h
   -4.30111738496862      0.27479943788681      3.42375099286207       h
$end
