$coord
   -0.69505733178095      0.21055063933207      1.88602282961884      os
   -3.55412848952160      2.02072420862706      0.08861738386616       b
   -2.36080045608110     -0.62801306136816     -2.09464368063113       b
   -0.66145516667312     -3.17247543270840     -0.58709368772820       b
    2.15150346106096     -2.52179453954214      1.16411532417793       b
    2.97474790794890     -0.18426908426339      3.17563807835272       b
    0.80216115044642     -0.61891743157894     -2.08230868231688       b
   -0.82951361331064      2.18864867368225     -1.75388429718258       b
    0.78319000089581      2.48657439092531      4.34662576953273       b
   -5.55619051881964      3.00309134319356     -0.10500225424084       h
   -4.11734095230625     -1.29364168819035     -3.33119995509222       h
   -1.33632474322362     -5.28212316083401     -0.91903371934715       h
    3.38784355085324     -4.35712565480612      0.72872261374139       h
    4.83608864669204      0.47030426677701      4.25607084946968       h
    2.83358309867224     -0.46140762514885     -3.03222468395884       h
   -0.10058256277757      4.13221309691715     -2.59466729224507       h
    1.44227601792489      4.00766105898595      5.85424549332971       h
$end
