$coord
   -1.61801506742855     -3.75080060223978      0.00000000000000      cu
    4.05729603849121      0.47415817423819      0.00000000000000      cu
   -2.43928116003528      3.27664242800159      0.00000000000000      cu
   -5.41193921986154      1.35898199255541      0.00000000000000       n
   -5.17101331175424     -1.82605142615009      0.00000000000000       p
   -8.38488584086723     -2.34296049658947      0.00000000000000       c
   -9.58258707850830      0.01224485837804      0.00000000000000       c
   -7.88227481624169      2.02541980010472      0.00000000000000       c
    4.16691357084935     -3.56520322948248      0.00000000000000       p
    1.52905658799666     -5.36636790741743      0.00000000000000       n
    2.18707226414802     -7.83896002576454      0.00000000000000       c
    4.78068924661231     -8.30488617505304      0.00000000000000       c
    6.22150639596800     -6.09004381856697      0.00000000000000       c
    0.72781044294041     -9.28004041396956      0.00000000000000       h
    8.26413064066820     -5.99894333457137      0.00000000000000       h
   -9.32730265335113     -4.15747552268612      0.00000000000000       h
   -8.40065598333315      4.00971783690139      0.00000000000000       h
    3.88288263186488      4.00738591486202      0.00000000000000       n
    1.00409974090488      5.39125465563258      0.00000000000000       p
    2.16337963387184      8.43300450412905      0.00000000000000       c
    4.80189783189599      8.29264131667500      0.00000000000000       c
    5.69520236312106      5.81354022565982      0.00000000000000       c
    7.67284554039274      5.27032257706817      0.00000000000000       h
    1.06317201268292     10.15641885725749      0.00000000000000       h
  -11.61545428927522      0.26014706842436      0.00000000000000       h
    5.58243314553013    -10.18935205931675      0.00000000000000       h
    6.03302114374509      9.92920480191978      0.00000000000000       h
$end
