$coord
    0.00000000000000     -0.00000000000000     -0.00000000000000      ni
   -2.07373612871931     -2.03303917584438      2.83246135724390       p
    2.07373612871931      2.03303917584438      2.83246135724390       p
    1.36766641793963      0.47205736570402      5.95867175904738       c
   -1.36766641793963     -0.47205736570402      5.95867175904738       c
   -4.74274467983976     -2.23848812155433      3.09110004627456       h
   -1.59686714235351     -4.59695892326741      3.50687154137319       h
    1.59686714235351      4.59695892326741      3.50687154137319       h
    4.74274467983976      2.23848812155433      3.09110004627456       h
    2.67619461265943     -1.12836151690314      6.11646502439635       h
    1.72933713275226      1.74406754790371      7.55197506690004       h
   -2.67619461265943      1.12836151690314      6.11646502439635       h
   -1.72933713275226     -1.74406754790371      7.55197506690004       h
   -2.07373612871931      2.03303917584438     -2.83246135724390       p
    2.07373612871931     -2.03303917584438     -2.83246135724390       p
   -1.36766641793963      0.47205717673140     -5.95867157007476       c
    1.36766641793963     -0.47205736570402     -5.95867175904738       c
   -4.74274467983976      2.23848812155433     -3.09110004627456       h
   -1.59686714235351      4.59695892326741     -3.50687154137319       h
    4.74274467983976     -2.23848812155433     -3.09110004627456       h
    1.59686714235351     -4.59695892326741     -3.50687154137319       h
   -2.67619461265943     -1.12836132793053     -6.11646502439635       h
   -1.72933713275226      1.74406754790371     -7.55197506690004       h
    2.67619461265943      1.12836151690314     -6.11646502439635       h
    1.72933713275226     -1.74406754790371     -7.55197506690004       h
$end
