$coord
    0.00000000000000      0.00000000000000     -2.55646572271939      cu
    0.00000000000000      0.00000000000000      2.55646572271939      cu
   -5.47894097143650      5.47894097143650      0.00000000000000       h
   -5.47894097143650     -5.47894097143650      0.00000000000000       h
    5.47894097143650     -5.47894097143650      0.00000000000000       h
    5.47894097143650      5.47894097143650      0.00000000000000       h
   -3.16237881499029     -3.16237881499029     -2.92068473321281       s
   -3.16237881499029      3.16237881499029      2.92068473321281       s
   -3.16237881499029      3.16237881499029     -2.92068473321281       s
   -3.16237881499029     -3.16237881499029      2.92068473321281       s
   -4.01330623784188      4.01330623784188      0.00000000000000       c
   -4.01330623784188     -4.01330623784188      0.00000000000000       c
    3.16237881499029      3.16237881499029      2.92068473321281       s
    3.16237881499029     -3.16237881499029     -2.92068473321281       s
    3.16237881499029     -3.16237881499029      2.92068473321281       s
    3.16237881499029      3.16237881499029     -2.92068473321281       s
    4.01330623784188     -4.01330623784188      0.00000000000000       c
    4.01330623784188      4.01330623784188      0.00000000000000       c
$end
