$coord
    1.55901573907897     -3.33329849595504      1.74195691279368      si
   -2.02659785537161     -1.41449024085999      3.41590428306946      si
   -1.55903709298419      3.33331285787360      1.74197562108233      si
    2.02660787092007      1.41448060325675      3.41591033019306      si
    2.19268323896107      0.02614530581500     -0.94571117203920      si
   -2.19267435724827     -0.02614625067806     -0.94570871539523      si
    3.40354434037035     -5.62571240915612      3.10971365964214       n
   -3.40353697043846      5.62570711792296      3.10970742354592       n
    4.33820269327173      0.93639387737541     -3.22082520947543       n
   -4.33819305566848     -0.93640994004748     -3.22082256385885       n
    4.15511242016567      0.06392830100378     -5.82385794133466       c
    4.31651109399027      1.65298671705982     -7.15796962629223       h
    2.32782416826617     -0.85674948007290     -6.14447926934987       h
    5.64915540661107     -1.31235470115215     -6.28925629011621       h
   -4.15511090838477     -0.06393283634649     -5.82386228770475       c
   -4.31651241679856     -1.65298237068973     -7.15797926389547       h
   -2.32782586901969      0.85674796829200     -6.14447983626771       h
   -5.64915597352890      1.31235205553557     -6.28924646354035       h
   -5.81445069570728      6.40774117334756      2.03164493590868       c
   -6.11271731954345      5.47274266974352      0.20857776525662       h
   -5.86714967715309      8.46376641086964      1.72613007854398       h
   -7.39655869907223      5.90189380375880      3.28396549468471       h
    5.81446071125575     -6.40773380341567      2.03162566070220       c
    7.39655718729133     -5.90189078019700      3.28397645509624       h
    6.11271713057084     -5.47274096899001      0.20857965498275       h
    5.86713229167273     -8.46376735573271      1.72613744847587       h
   -6.72256387674542     -2.17283544546066     -2.61547166511041       c
   -7.01066717553123     -3.85047175010682     -3.81186011001182       h
   -8.34949675073474     -0.90234535895664     -2.89915621729602       h
   -6.72348379542351     -2.78787119060437     -0.63983726671058       h
   -2.82174849983613      6.78329967443210      5.54205480048002       c
   -0.98009511684532      6.12575170549690      6.21733388068199       h
   -4.25026995718099      6.28311619198791      6.96841308832855       h
   -2.76201595774970      8.85540024518944      5.38451910480200       h
    2.82172809079397     -6.78329476114417      5.54206897342596       c
    0.98009927424279     -6.12575038268861      6.21733161301064       h
    4.25027827197594     -6.28311184561782      6.96840723017755       h
    2.76202068206501     -8.85539533190151      5.38449926267768       h
    6.72256349880019      2.17282807552877     -2.61547374380915       c
    7.01065810484583      3.85047061627114     -3.81186351151885       h
    8.34950752217365      0.90234894943628     -2.89915527243295       h
    6.72348228364261      2.78787156854959     -0.63983159753220       h
$end
