$coord
    0.00000000000000      0.00000000000000      0.00000000000000      au
   -2.66340475726668     -2.66340475726668     -2.66340475726668       p
    2.66340475726668      2.66340475726668     -2.66340475726668       p
   -2.66340475726668      2.66340475726668      2.66340475726668       p
    2.66340475726668     -2.66340475726668      2.66340475726668       p
   -4.36189778019187     -1.50888206084908     -4.36189778019187       h
   -1.50888206084908     -4.36189778019187     -4.36189778019187       h
   -4.36189778019187     -4.36189778019187     -1.50888206084908       h
    4.36189778019187      1.50888206084908     -4.36189778019187       h
    4.36189778019187      4.36189778019187     -1.50888206084908       h
    1.50888206084908      4.36189778019187     -4.36189778019187       h
   -4.36189778019187      4.36189778019187      1.50888206084908       h
   -1.50888206084908      4.36189778019187      4.36189778019187       h
   -4.36189778019187      1.50888206084908      4.36189778019187       h
    4.36189778019187     -4.36189778019187      1.50888206084908       h
    1.50888206084908     -4.36189778019187      4.36189778019187       h
    4.36189778019187     -1.50888206084908      4.36189778019187       h
$end
