$coord
    0.00000000000000      0.00000000000000      0.00000000000000      al
   -2.50252613607193      1.48941674791656      2.11261100766365       o
   -4.88424056913368      1.33209818177041      1.87546020543808       c
   -4.88424056913368     -1.33209818177041     -1.87546020543808       c
   -2.50252613607193     -1.48941674791656     -2.11261100766365       o
   -0.03860956139626     -2.91195967871688      2.11261100766365       o
    2.54113588644081      1.42254293080032      2.11261100766365       o
    1.28848934990806     -4.89592550166062      1.87546020543808       c
    3.59575121922562      3.56382731989021      1.87546020543808       c
    3.59575121922562     -3.56382731989021     -1.87546020543808       c
    1.28848934990806      4.89592550166062     -1.87546020543808       c
    2.54113588644081     -1.42254293080032     -2.11261100766365       o
   -0.03860956139626      2.91195967871688     -2.11261100766365       o
   -6.16700404888024      0.00000000000000      0.00000000000000       c
    3.08350202444012     -5.34078214950832      0.00000000000000       c
    3.08350202444012      5.34078214950832      0.00000000000000       c
   -6.00561539060411      2.35328633808665      3.29620411696654       h
   -6.00561539060411     -2.35328633808665     -3.29620411696654       h
    0.96480194125357     -6.37765862314923      3.29620411696654       h
    5.04081344935054      4.02437228506258      3.29620411696654       h
    5.04081344935054     -4.02437228506258     -3.29620411696654       h
    0.96480194125357      6.37765862314923     -3.29620411696654       h
   -8.21466516959644      0.00000000000000      0.00000000000000       h
    4.10733258479822     -7.11410870496468      0.00000000000000       h
    4.10733258479822      7.11410870496468      0.00000000000000       h
$end
