$coord
   -0.00003458198810     -0.00000888171279      2.44275220898334       p
    0.00010261212864     -0.00007861260684     -3.38521154030508       p
    3.16749562642141     -0.35496086425737      1.17830641149304       c
    3.10741046143988      0.33601163552982     -1.67484234456901       c
   -1.89130423619553     -2.56560916257960      1.17832984409701       c
   -1.26260822780547     -2.85903941034173     -1.67485784032324       c
   -1.27628436475127      2.92069815026830      1.17838993738781       c
   -1.84468318088848      2.52292913110813     -1.67480303826559       c
    0.00002475541225     -0.00009316349801      5.09678090110372       h
    4.48349145187296      0.84178039251175      2.24026994431845       h
    3.74529129469230     -2.32173641555156      1.48014121620015       h
    4.49791629830985     -0.82821215892773     -2.66853082835582       h
    3.70473833894816      2.30070017329057     -1.94029897648933       h
   -3.88343329805797     -2.08249293061416      1.48018449092844       h
   -1.51293514544393     -4.30367777489662      2.24022459089143       h
    0.14008917716580     -4.35881261331871     -1.94028650429690       h
   -2.96610656832035     -3.48113101489436     -2.66851476568374       h
    0.13812783041972      4.40443097994335      1.48028389052266       h
   -2.97068348499730      3.46218424281078      2.24028657390836       h
   -3.84482430357954      2.05784258713737     -1.94018880545619       h
   -1.53179045478301      4.30927589957200     -2.66841574403475       h
$end
