$coord
   -0.00036263844356     -0.00039835426734      0.00000000000000       y
    4.97235207331593      1.40601085076043     -0.00000000000000       c
    3.86740275133189      2.51566880333240     -2.15930330564564       c
    2.13367181636428      4.39066526997918     -1.33207701683780       c
    2.13367181636428      4.39066526997918      1.33207701683780       c
    3.86740275133189      2.51566880333240      2.15930330564564       c
    6.37868682313434     -0.07533544379021      0.00000000000000       h
    1.02335378245653      5.60947078002178     -2.54179615674920       h
    1.02335378245653      5.60947078002178      2.54179615674920       h
    4.33599681596495      2.08659080171819      4.10655061612732       h
   -4.87016059771477     -0.34692537082478      1.33207663889257       c
   -4.11328446620438      2.09201072521991      2.15937095784095       c
   -4.11328446620438      2.09201072521991     -2.15937095784095       c
   -4.87016059771477     -0.34692537082478     -1.33207663889257       c
   -3.12330475891228      5.56179072219377      0.00000000000000       h
   -3.97535581291833      2.71228063378716     -4.10655666325092       h
   -3.70461418394169      3.60382167259153     -0.00000000000000       c
   -5.37142689322910     -1.91773394579247     -2.54174456722596       h
   -5.37142689322910     -1.91773394579247      2.54174456722596       h
    2.73638276771482     -4.04353127339010     -1.33206095416573       c
    0.24580536993700     -4.60765590697573     -2.15931162044060       c
    0.24580536993700     -4.60765590697573      2.15931162044060       c
   -1.26762412786146     -5.00971819492134      0.00000000000000       c
    4.34722235607068     -3.69201726958639     -2.54182809312073       h
    4.34722235607068     -3.69201726958639      2.54182809312073       h
    2.73638276771482     -4.04353127339010      1.33206095416573       c
   -0.36026778213675     -4.79874803638932     -4.10650677448120       h
   -3.25381340256495     -5.48632224168429      0.00000000000000       h
   -0.36026778213675     -4.79874803638932      4.10650677448120       h
   -3.97535581291833      2.71228063378716      4.10655666325092       h
    4.33599681596495      2.08659080171819     -4.10655061612732       h
$end
