$coord
   -0.56967173565562      0.66857754444167      0.13025012911864      mn
    2.81266439737628      2.23512686569418      1.75636172813364       c
    2.78958082583048     -0.40888854563023      2.17870304508160       c
    2.74977790238571     -1.63673677313053     -0.22003385194971       c
    2.74681896921776      0.26719536892877     -2.11936847931729       c
    2.77799661570605      2.67016922090698     -0.90355629545812       c
    2.80234195738612      3.67654778254709      3.20585838958562       h
    2.74081795493233     -1.34333279256154      3.99504090099930       h
    2.78095970627147     -3.65444346707974     -0.53987018773222       h
    2.68678066944416     -0.06763556571759     -4.13490368897522       h
    2.76178314349099      4.49139825495637     -1.82857836792566       h
   -2.44058015777423      1.21117630772708     -2.61873219856806       c
   -2.71257826565199     -3.10182235231296     -0.12390896413055      si
   -2.40135001031822      3.06475764202463      1.65691848123738       c
   -3.57760890355384      1.66244611912828     -4.42263622349512       o
   -6.61744842790964     -2.83895218854117      0.16081626023259      cl
   -3.56033075963944      4.60554640570138      2.66392121941689       o
   -1.65117465867769     -5.86910875622781      2.50586792775299      cl
   -2.07688781395210     -4.93142854227850     -3.59049173347199      cl
   -2.04189140890858     -0.70059215063112      2.24834190946527       h
$end
