$coord
   -0.24727557686296      0.24736741755268     -0.24763008948418      cu
    1.94044977663417     -1.94357141522156      1.94205075260804       b
   -2.17804031812924      2.18904532719608      2.05713280600448       c
    2.05865422450844      2.17812478888707     -2.18763011130039       c
   -2.18949905043891     -2.05475042827754     -2.18042987681545       c
    3.68976396015386      3.15962472813439     -3.17494360400145       o
    3.26433124023652     -3.26908201171706      3.26731738546068       o
   -3.17867014392174     -3.68370020696104     -3.16364682122077       o
   -3.15971411218014      3.17694180040698      3.68777955874904       o
$end
