$coord
   -2.40864359727377      0.11088837317782      0.07051097299077      ru
    2.40837922458876     -0.11518750011426     -0.07271477159881      ru
   -5.84797235848215      1.20922138604983      2.28401294673574       c
   -5.98318226279085     -1.43278335667661      1.70042753556028       c
   -6.12548393130486     -1.67364973841095     -0.97888285753555       c
   -6.01334342559601     -2.96151283308088      3.05548173236300       h
   -5.98917722995268      0.78956763759814     -2.06024480698862       c
   -5.85111157152251      2.57555044481016     -0.02760360746636       c
   -5.69442795335466      4.60364156176646     -0.22689998285559       h
   -5.68682142775266      2.01267076279628      4.15648190468912       h
   -6.15735699700748     -3.43403091401439     -2.01880311304746       h
   -6.02311104199561      1.23918185994043     -4.05297196716991       h
    6.11504546213057      1.86958032259732      0.56223075006225       c
    5.95219415583299      1.09586370774329     -2.01839587706733       c
    5.84822388102951     -1.60642764476970     -2.05954768702077       c
    5.96093187149396      2.32536053231583     -3.65019592966654       h
    5.86465013640635     -2.48656078489720      0.47830612308456       c
    6.01787479987333     -0.32670908072982      2.11072959633270       c
    6.06235214986314     -0.36992995181852      4.15326086650751       h
    6.14440254646916      3.80218395635672      1.22961927882549       h
    5.65918210446252     -2.76944371526019     -3.73031993945980       h
    5.74878800406514     -4.43583671637504      1.08139766527685       h
    0.15027121050480      2.32699004315420      1.39787236725398       n
   -0.15059718826152     -2.33449622429891     -1.39634698032515       n
   -0.26882299004101     -4.28468224787899     -2.55711805617806       o
    0.26775605067032      4.27055030899162      2.56971440361552       o
$end
