$coord
    2.26227523813681     -1.03300518069938      0.20045987976495      cu
   -2.26227523813681      1.03300518069938     -0.20045987976495      cu
    1.83834598432525      3.81762264086016     -1.06430924986550       i
   -1.83834598432525     -3.81762264086016      1.06430924986550       i
    4.69028493772150     -3.49377800699200     -4.51926585716252       c
    5.38939081875459     -4.29366959636120     -6.23522902017650       h
    4.89909287162025     -0.90286030932595      5.42179300777247       c
    5.65310531215944     -0.77651718897262      7.28959396424963       h
    3.91195077707881     -2.62212633566280     -2.68332039193501       n
    4.05842061450874     -1.02504452042138      3.41816288373515       n
   -4.69028493772150      3.49377800699200      4.51926585716252       c
   -5.38939081875459      4.29366959636120      6.23522902017650       h
   -4.89909287162025      0.90286030932595     -5.42179300777247       c
   -5.65310531215944      0.77651718897262     -7.28959396424963       h
   -3.91195077707881      2.62212633566280      2.68332039193501       n
   -4.05842061450874      1.02504452042138     -3.41816288373515       n
$end
