$coord
    5.36453921944539     -2.13267611966854     -0.22537251722801      hf
    0.38991758505225      0.50422730738102      2.42688493459455      hf
    4.23421087559041     -6.11769618096738     -1.95282729378626      cl
   -3.75975412462433      0.62058473693983      0.21911790169648       s
    1.31224717573559      2.48785033400552      6.79481037421022       s
   -1.25865416485962     -1.41027709646228     -0.93966744994332       n
    1.18882235943850      4.23931426996603      4.19278694507483       c
    2.71847137657563      1.06865750968121     -0.97864890944116       c
    0.42094008502560      0.33185329318976     -2.51443046580209       b
   -1.86625516050617     -3.14388141977945     -1.47106580648048       h
    7.05905625860168     -2.07382626865552      2.84133683393945       h
    2.68872822118952     -2.33059866416423      2.80998986799028       h
   -0.24596183926023      1.06323399569985     -4.54688061401302       h
    3.96693028001336      2.59394277124840     -1.62801039582631       h
    8.16541739497438     -0.78926528141800     -1.90355495272456       h
    1.50626951448002      6.27491515854669      4.33367226385747       h
$end
