$coord
   -0.02071857929923     -5.40869626085687      0.29436830781103       f
    3.81229644777429      2.07787689660640     -1.74323833607966       o
   -0.34949010712286      2.25161415922489     -0.43713106949976       n
   -4.49359052623503      2.31443602558195      0.87440915969212       n
    1.79545071304804     -1.61271419667276     -0.69435454263473       n
   -2.37088838105903      1.00458351079312      0.34186695193095       c
   -2.39981271811479     -1.66461212321379      0.64192465818925       c
    1.87727320868328      1.10915944281995     -1.02057380635271       c
   -0.24180500870107     -2.94340925679469      0.09586769609343       c
   -4.47036050091447      4.20322843781092      0.66140905735565       h
    3.91360957867214     -2.99786001435921     -1.22259100941802       f
   -6.06727809895555      1.43602083547552      1.47062625618359       h
   -4.48953611883190     -2.89172524725111      1.44044732995285       f
$end
