$coord
   -3.02953957210654     -0.97236122370243     -2.45066789377955      al
   -6.69149337772847     -1.58125157948469     -4.10541810326006      cl
    1.19073457330530      0.92268977248294      1.72469161901694      al
   -3.07276781312713     -0.08083435784399      4.42600787284897      al
    0.28834197119551     -3.57319714894030      0.05319257790989      al
    0.76452026266230     -1.36237442889664     -5.74030464554071      al
   -4.50870776832446      2.74873798609862      5.06172667044074       f
    0.91754291440642     -6.52944747270575      1.04720930712477       f
    0.05749680710687     -2.24567758460035     -8.71897165650214       f
    0.46546127666153      0.79781515830205      5.13783614605213       o
   -0.44518281457703     -3.35981003069324     -3.30446354294504       o
   -1.99080833227304     -0.80085723941954      0.97170907921637       c
    3.21186110462457      3.88778420349025      0.76404121708938       c
    3.51647456262721     -0.22697708368152     -5.34283420310844       h
    3.76502589359777      3.79767166831328     -1.22909506879817       h
    4.95137308975655      4.02711975787704      1.88380977135279       h
    2.13794448713496      5.63844519481987      1.04378550132985       h
   -1.54230621375585      0.88620671989616     -4.80840926120803       h
    0.93219755154022      2.05855274621548      6.35624424669045       h
   -3.98698386468888     -2.19211235269843      6.39438251039091       h
    3.06881507298957     -1.84012251585622      0.83552823362418       h
$end
