$coord
    0.00072149743487     -0.00000000000000      0.00000000000000      fe
    2.44287220659234      1.60741880612274     -2.20539920606230       o
    4.79913769791649      1.38686811407760     -1.87830934551811       c
    4.79913769791649     -1.38686811407760      1.87830934551811       c
    2.44287220659234     -1.60741880612274      2.20539920606230       o
    0.17409876722637     -2.92192288177050     -2.20220934836177       o
   -2.61503305967659      1.31132857986578     -2.20384509529635       o
   -1.19752587105659     -4.85081395958295     -1.87760447767315       c
   -3.60137069780623      3.46264571393073     -1.87727509840940       c
   -3.60137069780623     -3.46264571393073      1.87727509840940       c
   -1.19752587105659      4.85081395958295      1.87760447767315       c
   -2.61503305967659     -1.31132857986578      2.20384509529635       o
    0.17409876722637      2.92192288177050      2.20220934836177       o
    6.04223752703376      0.00000000000000      0.00000000000000       c
   -3.02158476997953     -5.23305094176905     -0.00051948571201       c
   -3.02158476997953      5.23305094176905      0.00051948571201       c
    6.00032170080761      2.41185556476998     -3.24434889823595       h
    6.00032170080761     -2.41185556476998      3.24434889823595       h
   -0.91154360087450     -6.40285774309299     -3.24470416674762       h
   -5.08945934620150      3.99070208981422     -3.24345449086056       h
   -5.08945934620150     -3.99070208981422      3.24345449086056       h
   -0.91154360087450      6.40285774309299      3.24470416674762       h
    8.09512619713206      0.00000000000000      0.00000000000000       h
   -4.04895573223452     -7.01040166901054     -0.00122756609139       h
   -4.04895573223452      7.01040166901054      0.00122756609139       h
$end
