$coord
    0.12780746912830     -1.70162543295150      2.09171706177994      ag
    1.71948769121142     -0.07741263074781     -2.31562126180812      ag
   -2.23269289844401      3.38221689131335     -0.47802323108351      ag
   -2.77065257306293     -0.25943369681183      4.69239973022900       o
    0.02740367444224      3.16428214714430     -3.82327915807284       n
    3.17169856629804     -3.48894862290463     -0.18410033172035       c
    2.31386551726454     -5.36699510751862     -0.28670527939786       h
   -3.25356754919597      1.29771612669042      3.69409370065354       h
   -3.95411850379755      3.54315655066197      2.09411776985029       h
    4.27326565646193     -3.31121629028336     -1.95690173228633       h
   -0.94314662471373      2.88916240067915     -5.44967988518510       h
    4.59346236301665     -3.43289310991399      1.31637811704682       h
    1.21001601588578      4.64171859834044     -4.10884153110976       h
   -4.28282880449470     -1.27972782369790      4.71444584213168       h
$end
