$coord
    2.99680384642744      5.60873038532565      4.01269434452231      pt
    1.79580711539539      1.57352354449279      2.81635446558234       p
    2.38983931054009      9.28269358945034      0.00984660695166       f
    4.09618225579230      3.91154750952354      8.17804870234518       f
    2.89420645765442      8.31412920348009      2.09958607034083       c
    5.14060591763487      5.31261105728635     10.06668540114137       b
   -0.79066802512126      1.35651098667318      2.25192766478918       h
    5.57746108712025      4.22127947971082     11.97381023549039       h
    2.95611804293664      0.75570676898367      0.57248383710358       h
    5.50228759285903      7.48102133107797      9.59309754624799       h
    2.19222611421121     -0.49461502646898      4.44685306379863       h
$end
