$coord
    0.00208909223219      0.00395047246621      0.00120243273392      sc
    4.05944560195943      2.36426073359025     -0.00019501973619       c
    5.85894278556088      3.41293401154476     -0.00005744767423       h
    3.02597176918082      1.76208495267857     -2.08074493394769       o
   -4.07348777885583      2.33236385733844     -0.00019445281836       c
   -5.88457427484224      3.36091533150428     -0.00005725870162       h
    0.01811850512259     -4.69023145847213     -0.00015382370665       c
    0.02772738452761     -6.77300161190896     -0.00005801459207       h
   -3.03366049786930      1.74176680634542      2.08059904709077       o
   -3.03347435984590      1.74164945435300     -2.08074134346805       o
    0.01257499353224     -3.49442353743661      2.08052289112790       o
    0.01257499353224     -3.49419658132888     -2.08072395798770       o
    3.02615563953287      1.76220324953405      2.08060207065257       o
$end
