$coord
    3.01824241138063      0.32829002560675      0.21160831904474       v
   -3.01834653529017     -0.32836958307665      0.21140252786963       v
   -0.00009202966233     -0.00017309891313      1.69168622941967       o
    4.14793202780506     -2.70732577188503     -0.69775907322316       o
    5.17216982414330      1.74549731469057      2.36994710847572       o
    2.72257983014597      2.04734874898759     -2.22419253238445       o
   -5.17200069365503     -1.74572842819577      2.36989929840473       o
   -4.14731370941666      2.70763436416139     -0.69778911986856       o
   -2.72307361558267     -2.04767094729206     -2.22428078259453       o
   -4.24101804704115      3.13149880036683     -2.47007557006523       h
   -5.89043733912048     -3.38196234520419      2.00351617355193       h
    5.89015482506466      3.38188864588528      2.00338408169573       h
    4.24120324020149     -3.13092791410419     -2.47012886034198       h
$end
