$coord
    0.00000000000000      0.00000000000000     -5.83903716644102      ar
   -1.83677959033949     -1.33449851189554      0.58629414460433       c
   -1.83677959033949      1.33449851189554      0.58629414460433       c
    0.70158746938164      2.15926399934222      0.58629414460433       c
    2.27038443088830      0.00000000000000      0.58629414460433       c
    0.70158746938164     -2.15926399934222      0.58629414460433       c
    1.33613917211805     -4.11221374738144      0.58151332647840       h
    4.32383737320780      0.00000000000000      0.58151332647840       h
    1.33613917211805      4.11221374738144      0.58151332647840       h
   -3.49805804769456      2.54148794241806      0.58151332647840       h
   -3.49805804769456     -2.54148794241806      0.58151332647840       h
$end
