$coord
   -2.49411685481164     -2.00129706816228      0.32446370814702      al
  -10.18704848316927     -6.17295233980676      0.36950211782361      cl
    0.82774974294472     -4.53870244625793      0.22377040741847       s
    5.77215862500947      2.71362914235060      1.53564814169644      al
    2.81219801296840      2.52337359469295     -4.07467377097244      al
    2.20881337425398     -0.78373745455449      1.21202177119582      al
   -8.29944149613908     -3.38443599670301      2.49476276320148      al
    4.08706376031696      0.55129868442387     -6.19535183049498       f
   -5.40824253761404     -2.42848326495184      1.53190894061111       o
    3.56896416241826      1.50882272344873     -0.88217234358996       o
   -2.42287153424834      0.00723765106223     -2.73745310859254       n
   -0.88864975783174      1.19884754550905     -3.76084317379069       c
   -0.74804147289915      0.39960243144752      1.95978809997104       h
    4.84320459939175      5.22186073954188      2.86622981825081       h
    3.07496480872111      5.47564604496337     -4.36327406772937       h
    8.59115870716808      1.81394848620411      1.14507387681544       h
    4.24458055873371      0.11407161683691      3.45123535860988       h
   -9.58244440418579     -2.21873027901752      4.89936348040148       h
$end
