$coord
    0.00000000000000      0.00000000000000      0.00000000000000      cd
   -2.29082181894000      0.00000000000000     -4.15942307443148       c
    1.85331374907812      1.34651131190532     -4.15942307443148       c
    1.85331374907812     -1.34651131190532     -4.15942307443148       c
   -0.70790293409442     -2.17870096638286     -4.15942307443148       c
   -0.70790293409442      2.17870096638286     -4.15942307443148       c
   -4.33556293484645      0.00000000000000     -4.21436213722694       h
    3.50754409490140      2.54837996257186     -4.21436213722694       h
    3.50754409490140     -2.54837996257186     -4.21436213722694       h
   -1.33976272196448     -4.12336539919565     -4.21436213722694       h
   -1.33976272196448      4.12336539919565     -4.21436213722694       h
   -2.29082181894000      0.00000000000000      4.15942307443148       c
    1.85331374907812      1.34651131190532      4.15942307443148       c
    1.85331374907812     -1.34651131190532      4.15942307443148       c
   -0.70790293409442     -2.17870096638286      4.15942307443148       c
   -0.70790293409442      2.17870096638286      4.15942307443148       c
   -4.33556293484645      0.00000000000000      4.21436213722694       h
    3.50754409490140      2.54837996257186      4.21436213722694       h
    3.50754409490140     -2.54837996257186      4.21436213722694       h
   -1.33976272196448     -4.12336539919565      4.21436213722694       h
   -1.33976272196448      4.12336539919565      4.21436213722694       h
$end
