$coord
    1.94759180755443     -2.67558366420293     -2.77707178374003      al
    5.16967784230106     -0.42893457140125     -0.41565338721576       p
   -0.27473291952718      0.94376324234861     -4.40715313042772       p
   -2.90678617550198      2.88644837601712     -1.07746098781136      al
    0.68914154414380      4.76175154521414      1.19466595953764       p
    4.15655862756983      2.43600834335782      3.08009465926250      al
   -0.80378971642172     -3.97420704840640      0.58765229077102       p
   -6.01224095937416     -3.36318356977321     -3.20192001136662       p
    2.58160947368766     -0.20879565067894      6.32874684183236       p
   -4.67828366504108     -1.34633575634822      0.64760290725238      al
    6.75848662553586      0.79709933004556     -2.17603815329884       h
    6.91021216926716     -2.22494691105391      0.51132039439461       h
    3.02678907573028     -4.70586554065699     -4.70042048379780       h
   -1.81098709639220      0.09185259499371     -6.40779616437782       h
    1.45726664836388      2.44027855748453     -5.78975462085824       h
   -4.30571452171512      5.27193300167267     -2.31036952393161       h
   -0.34975013343779      6.09281831446503      3.26147359638893       h
    1.66490446384547      6.86448004112974     -0.13912050355366       h
    6.56472525796942      4.17225696044297      3.58082899687239       h
    0.72183361714939     -4.17726945899194      2.77250601644722       h
   -1.30169551196636     -6.56737295324443      0.19894790989161       h
   -8.14408692235559     -1.78338613454241     -3.61195486486483       h
   -7.43036287590292     -5.35085627948553     -2.08531296891185       h
    0.00713371612530      0.04184760711300      5.58451581269349       h
    2.45159272574557      1.83403306238809      8.07235669806838       h
   -6.08909271940780     -1.82783362685944      3.27931450074362       h
$end
