$coord
   -2.33214937342315      2.77367594589177      0.01730082062791      in
    1.94035377854698      0.07173324784901     -3.05860733937525      in
    2.22658454771463      0.28056839380398      2.84843313348746      in
   -1.82938622584448     -3.11889999628540      0.20037503106189      in
    1.71874748548790      2.92866504664252     -0.18529652835805       o
    2.19029065671305     -2.59837493490410     -0.01173104184441       o
   -1.81684789299909     -0.06439260671292      2.87252997618197       o
   -2.08606224532077     -0.25902683877692     -2.66813719840379       o
   -4.93529511090472      5.87327106699274      0.03697097987249       c
   -3.88599142031461      7.64806688451200      0.10880362731572       h
   -6.16089229664383      5.72854922622928      1.69013155173589       h
   -6.08037390100809      5.81758556237755     -1.67814407405619       h
    4.09968486316667      0.13838747878942     -6.48160187486912       c
    4.96115828060912      1.99836024479001     -6.71457789413733       h
    2.85739156915994     -0.25193375176332     -8.08175184944856       h
    5.57633953466452     -1.29921978176880     -6.38775883134699       h
    4.71256877717081      0.58936041421623      6.02752260763654       c
    6.32291590289826     -0.67262949520084      5.76237230032123       h
    3.69834445060115      0.06166478705017      7.74474999742875       h
    5.37996618764685      2.53458874130499      6.19033763119250       h
   -3.87891741953488     -6.60280739680394      0.41507966636393       c
   -4.99166601918577     -6.63788014678295      2.15190446094488       h
   -2.55059245392007     -8.18123496956607      0.41431791776258       h
   -5.13617167528043     -6.75807749982960     -1.21322344803928       h
$end
