$coord
    0.82922240651464      0.86977838582058     -1.45083874494660      ru
    1.97036584196081      2.40752204481804     -4.04852865413006       o
   -2.56035855853876     -0.34348361263166     -2.31993720730708       n
    1.96949505616199     -2.56768351494801     -1.92906285391729       n
    2.88894073580458      0.85632410272196      1.76306496464746       n
   -0.73524065709487      3.69581505218162      0.55301720136277       n
    1.19521624778551      5.06219891299960      1.97910695912881       c
   -4.65772514554472      0.80389667492045     -1.75806550520876       c
   -5.12601137379187      2.89912201325314     -0.17575208861393       c
    2.60149052636789      3.06213923750457      3.45283520074808       c
    4.18474162506639     -1.09086708289378      2.78345225503155       c
   -3.16611593737688      4.21976146271388      0.90656946376588       c
    4.52688787851875     -3.42338911030896      1.74146974139843       c
    3.53342597289444     -3.94778981100188     -0.69945264577720       c
    1.50760233831662      2.52394448095558      5.13930143969016       h
    4.18471460198279     -5.66830664706147     -1.66629303460279       h
    5.65958707277130     -4.81830991432688      2.72195659846964       h
    5.04178722522323     -0.70014069505964      4.62040267661281       h
    0.35926566037218      6.47793618413008      3.24256518574571       h
   -7.05225437838408      3.49989278279021      0.17259189961357       h
   -6.32722088798569     -0.03167596726769     -2.67678760871774       h
    2.46270223666716      6.01888599232330      0.64124586856483       h
    4.46599787918020      3.73944523794920      4.06699449091459       h
   -3.58951833554454      5.82027502059994      2.13896342746205       h
$end
