$coord
   -0.42534333587158      1.57706167871832      2.52803800568953      sc
    0.41813440864646     -1.57610642216168     -2.52900063217806      sc
   -3.03158992495315      3.99418787862607      2.81110461743195       o
    1.68318983178498      1.09947629717819      5.35577315789253       o
    1.27015768367847      1.97102403357046     -1.01339813830741       o
    1.45127583859952      4.26917175378277     -2.41386850103929       c
    3.42517301177181      4.90041001073001     -2.49612884621790       h
    0.31067305379798      5.75712207422562     -1.52355408346324       h
    0.75428210445735      4.00052998847723     -4.35024761862565       h
    3.11144389288302      1.19918599545820      7.56957162966665       c
    5.11506248959097      1.57025526315803      7.15177869453114       h
    3.00897632829486     -0.60483746016003      8.60133431543825       h
    2.43592387259999      2.69744666164401      8.84494930382272       h
   -4.76141063862103      5.76840241638900      3.71636128845817       c
   -3.80849469675419      7.28664429073970      4.77283441099736       h
   -6.15166665369715      4.88769347671094      4.98846009881317       h
   -5.81048132597981      6.64592697857229      2.14873368947822       h
   -1.68460788226986     -1.10195618477322     -5.36175149546445       o
   -1.28131424878060     -1.96868341879091      1.01106678318588       o
    3.02636294248888     -3.99188959371174     -2.80486757635340       o
    4.76245660203172     -5.76410234458950     -3.70214204422378       c
    5.82977845328713     -6.61535007601943     -2.13233464615759       h
    6.13652030982539     -4.88869711025641     -4.99531980465022       h
    3.81269669176776     -7.30164852720680     -4.73322442859005       h
   -1.45962559348685     -4.26648361836866      2.41266361166141       c
   -0.76494715179414     -3.99555509547816      4.34956070317888       h
   -0.31524921458448     -5.75277683797171      1.52441995597413       h
   -3.43243315057494     -4.90135581865603      2.49340631778830       h
   -3.10213888143905     -1.20645917337159     -7.58228476217870       c
   -2.98604431278435      0.59172786310677     -8.62278346285776       h
   -5.10952559204206     -1.56600224553906     -7.17254357212046       h
   -2.42723510084568     -2.71436235608746     -8.84660716055298       h
$end
