$coord
    0.00000056691784     -0.00000831479495     -0.61895862760848      ru
   -0.00000869274018      2.50515606792136      2.40265864566041       c
   -2.20416143544983      3.07298550957683      0.86672043100364       c
   -1.35311590471537      3.97496067118541     -1.53392886886709       c
   -4.14352783209602      2.83454326851681      1.46530025207034       h
    1.35310588916690      3.97495934837712     -1.53392792400403       c
    2.20418278935505      3.07298569854944      0.86672496634634       c
    4.14352027319152      2.83454421337988      1.46529798439898       h
   -2.55331025803435      4.63295933980163     -3.05174026360631       h
    2.55331460440444      4.63296122952776     -3.05174385408595       h
   -1.35311779444150     -3.97496520652811     -1.53394776612835       c
   -2.55331158084264     -4.63296047363731     -3.05174064155154       h
   -2.20420168661631     -3.07297643889143      0.86672761196292       c
   -4.14351762757494     -2.83454591413339      1.46529685056331       h
    0.00000453534270     -2.50516457168893      2.40267470833248       c
    2.20418373421812     -3.07297851759017      0.86672383251067       c
    4.14352745415080     -2.83454496927033      1.46530006309772       h
    1.35312176286636     -3.97496577344595     -1.53394776612835       c
    2.55331044700697     -4.63296009569208     -3.05173988566109       h
    0.00000056691784      0.00001492883639      4.82825025169438       s
$end
