$coord
   -1.55557587061198     -5.26240443562800      0.00000000000000       k
   -2.25996051260518      0.27026598491075      2.65101174436036       c
   -4.50586864379289      0.22570454210834      1.33740887910205       c
   -4.50586864379289      0.22570454210834     -1.33740887910205       c
   -2.25996051260518      0.27026598491075     -2.65101174436036       c
    0.09140416298403      0.29613917016362     -1.35677970572828       c
    0.09140416298403      0.29613917016362      1.35677970572828       c
    2.43583921286955      0.29783954573171     -2.65258078396270       c
    2.43583921286955      0.29783954573171      2.65258078396270       c
    4.67283577359270      0.29903064010887      1.33439533284906       c
    4.67283577359270      0.29903064010887     -1.33439533284906       c
   -2.26153767802987      0.33185612777895      4.70545471419722       h
   -6.29020209804222      0.25134793666429      2.35144763456615       h
   -6.29020209804222      0.25134793666429     -2.35144763456615       h
   -2.26153767802987      0.33185612777895     -4.70545471419722       h
    2.43742790562360      0.33545662296665     -4.70655774733691       h
    2.43742790562360      0.33545662296665      4.70655774733691       h
    6.45784990719258      0.32356155289451      2.34529241862884       h
    6.45784990719258      0.32356155289451     -2.34529241862884       h
$end
