$coord
    5.59641636297139     10.99518589248887     -6.55402354994579      rh
    0.18282230994140     10.73772242413591     -6.45341377511201      rh
   -0.01851629247209      8.44081058480995     -9.49527965279262       n
   -0.63130742092345     15.87254540188028     -8.91659373454381       n
   -0.27690723840765     13.99948344786859     -8.01788949988657       n
    5.87272153463532     11.95206969230227     -2.86878227132907       n
   -0.04602390185126     11.66970435792517     -2.75898030170104       n
    0.00882955635069      7.43636294532529     -4.87180654917043       n
    6.14565789153460      7.72899327201832     -4.98538135700884       n
    5.81018331616976     16.17676409609522     -9.04406029707899       n
    5.67660708009690     14.28130510803927     -8.13245357935189       n
    5.90311305505524      8.72285013040295     -9.60481743870825       n
   -0.05376119650118      2.76520411469672     -2.63305311006802       c
   -0.01601429508139      2.95173482318760     -5.26432742093373       c
    0.00788941760305      9.73736623068645     -1.15402361974774       c
    0.02646712617424      5.32852538585568     -6.38636572524697       c
    0.04053424745550      5.97941962910155     -8.99401335727829       c
    6.06307931647639     10.02620973519578     -1.26620947888361       c
    6.09856761723049      6.26801142209091     -9.10601761373345       c
   -0.03397198451067      4.93338459779143     -1.13014881987302       c
    0.00896958505662      7.29701397388301     -2.28006700961223       c
    6.25352156907529      7.59476715913077     -2.39555403131745       c
    6.27223231436574      5.62627063425371     -6.50185766024011       c
    6.58171295097827      3.26614688909830     -5.38634420229440       c
    6.73351918601514      3.08884654786941     -2.75850087818290       c
    6.56299445781070      5.24788491391220     -1.25200459656777       c
   -0.09546423956555      0.91639736242889     -1.74700985148175       h
    5.74633154907407     13.67877934984907     -2.04929195436286       h
    6.17962741940131      4.84657983922524    -10.58903253645327       h
   -0.05465635976702     13.40224419851561     -1.94173932574249       h
    6.12872670133692     10.29217848289622      0.77130022205683       h
    5.78849814195713      9.16531400703002    -11.46498465752720       h
   -0.00727846914655      9.99933027078087      0.88501052325846       h
    0.03992707845124      4.55415983905002    -10.47557319088116       h
   -0.01694989848633      8.88886521618053    -11.35772852693599       h
    6.69628666804683      1.58938420484014     -6.56328339693536       h
    6.66283983842655      5.11557139283668      0.79302413565504       h
    6.98235095234279      1.25374730200108     -1.87776208083205       h
   -0.01455013527904      1.26957659289475     -6.43929752095148       h
   -0.04667018818632      4.79582292931903      0.91702909787278       h
$end
