$coord
    3.69743095699189      0.01524423168509     -3.60322603091665      at
    2.32606180968115      1.84421131627484      0.00000000000000       c
    0.27968060047003      1.62848698475526      0.00000000000000       h
    3.02020791552419      3.77381954515207      0.00000000000000       h
    3.69743095699189      0.01524423168509      3.60322603091665      at
   -2.99906830524411     -1.33677317523329      0.00000000000000       n
   -2.55850322542835     -2.39979363188092      1.53341410747039       h
   -2.55850322542835     -2.39979363188092     -1.53341410747039       h
   -4.90473767253095     -1.14064587055722      0.00000000000000       h
$end
