$coord
    0.00000000000000      0.00000000000000      0.00000000000000      na
    2.91402930676997     -2.91402930676997      2.91402930676997       b
   -2.91402930676997      2.91402930676997      2.91402930676997       b
    2.91402930676997      2.91402930676997     -2.91402930676997       b
   -2.91402930676997     -2.91402930676997     -2.91402930676997       b
    3.86606123475511     -1.09030205478213      3.86606123475511       h
    3.86606123475511     -3.86606123475511      1.09030205478213       h
    1.09030205478213     -3.86606123475511      3.86606123475511       h
    1.09030205478213      3.86606123475511     -3.86606123475511       h
    3.86606123475511      1.09030205478213     -3.86606123475511       h
    3.86606123475511      3.86606123475511     -1.09030205478213       h
   -3.86606123475511     -3.86606123475511     -1.09030205478213       h
   -1.09030205478213     -3.86606123475511     -3.86606123475511       h
   -3.86606123475511     -1.09030205478213     -3.86606123475511       h
   -3.86606123475511      1.09030205478213      3.86606123475511       h
   -1.09030205478213      3.86606123475511      3.86606123475511       h
   -3.86606123475511      3.86606123475511      1.09030205478213       h
$end
