$coord
   -3.36888184993327     -0.47313016322569     -0.00000000000000      re
   -6.81642506163836     -0.40845806601875      0.00000000000000       n
    0.46065551415074     -1.63484572419633     -0.00000000000000       c
   -2.56237300658898      3.85053996921996     -0.00000000000000       p
   -0.80551031205936     -3.71609634885532     -0.00000000000000       o
   -2.91405217245610     -0.77837838023403      4.50471761160960       p
   -2.91405217245610     -0.77837838023403     -4.50471761160960       p
    3.00913430939898     -1.18557448714590      0.00000000000000       c
    4.17732822947446      1.29096942647570     -0.00000000000000       c
    5.02381630771107     -3.03309962715513      0.00000000000000       c
    6.74152784533674      0.94874437144389      0.00000000000000       c
    7.26315990828260     -1.73465009775525      0.00000000000000       c
   -9.02885329299859     -0.16973841316345      0.00000000000000       o
   -4.64990508089049      5.52109225753793      0.00000000000000       h
   -1.18699952961745      4.96022381103986      2.01351641523762       h
   -1.18699952961745      4.96022381103986     -2.01351641523762       h
   -1.62709217790173      1.12893807234415      5.86857301887112       h
   -1.53047067005668     -2.89756544584323      5.35434036754387       h
   -5.07518662271774     -0.97873791554169      6.06128275384849       h
   -5.07518662271774     -0.97873791554169     -6.06128275384849       h
   -1.53047067005668     -2.89756544584323     -5.35434036754387       h
   -1.62709217790173      1.12893807234415     -5.86857301887112       h
    4.75306655291208     -5.05960242930261      0.00000000000000       h
    9.13545293273366     -2.56591321951326      0.00000000000000       h
    8.16030738655732      2.42495476832954     -0.00000000000000       h
    3.17510215202341      3.07584787773974     -0.00000000000000       h
$end
