$coord
    0.00000000000000      0.00000000000000     -6.09132032856502      xe
   -1.83669455266382     -1.33443671785122      0.61112117747389       c
   -1.83669455266382      1.33443671785122      0.61112117747389       c
    0.70155496609227      2.15916403283016      0.61112117747389       c
    2.27027936211570      0.00000000000000      0.61112117747389       c
    0.70155496609227     -2.15916403283016      0.61112117747389       c
    1.33600915896059     -4.11181312544275      0.60714292603363       h
    4.32341615325434      0.00000000000000      0.60714292603363       h
    1.33600915896059      4.11181312544275      0.60714292603363       h
   -3.49771714110145      2.54124019932295      0.60714292603363       h
   -3.49771714110145     -2.54124019932295      0.60714292603363       h
$end
