$coord
    0.00073680421649      2.94151140484644      0.06513810366959      ir
    0.00062398756677     -2.94105031167171      0.06637039407630      ir
   -2.87738033622934      0.00022865686123      2.04094919146220       s
    2.87685858284598     -0.00004176294738      2.04190029062137       s
    2.56008700489447     -4.92501330002627     -1.31893189293337       c
   -2.55844596672673     -4.92517770619922     -1.31903526095246       c
   -5.89219081599271     -0.00050474584823      0.28138437754515       c
    5.89070133386027     -0.00060036599020      0.28127288370372       c
   -6.94602984928501      1.68628747085057      0.83277093423387       h
   -5.55753260231426     -0.00027986843925     -1.75093764723445       h
   -6.94773513814102     -1.68680903526132      0.83167281438210       h
    6.94419738186071      1.68640538976082      0.83255059216759       h
    5.55593578373787     -0.00026134912321     -1.75099207134688       h
    6.94644407725180     -1.68682887738564      0.83110476270866       h
   -2.55830329240423      4.92608931008236     -1.31939260816287       c
    2.56019018394095      4.92579753636852     -1.31946177213908       c
   -4.16273047309705     -6.11588468950308     -2.18220980985345       o
    4.16357990499064     -6.11609879547315     -2.18308040667965       o
   -4.16349789087678      6.11592796423137     -2.18208300923040       o
    4.16449094195594      6.11629948438772     -2.18291845715066       o
$end
