$coord
    0.00000000000000      0.00000000000000      0.00000000000000      in
   -2.96099259147842      1.55425721972132      2.35342391014862       o
   -5.31455312882594      1.29903987984162      1.95803519001665       c
   -5.31455312882594     -1.29903987984162     -1.95803519001665       c
   -2.96099259147842     -1.55425721972132     -2.35342391014862       o
    0.13447007653041     -3.34142337343338      2.35342391014862       o
    2.82652251494801      1.78716615371206      2.35342391014862       o
    1.53227516953431     -5.25205799611605      1.95803519001665       c
    3.78227814826425      3.95301811627443      1.95803519001665       c
    3.78227814826425     -3.95301811627443     -1.95803519001665       c
    1.53227516953431      5.25205799611605     -1.95803519001665       c
    2.82652251494801     -1.78716615371206     -2.35342391014862       o
    0.13447007653041      3.34142337343338     -2.35342391014862       o
   -6.51328577898654      0.00000000000000      0.00000000000000       c
    3.25664288949327     -5.64067110322358      0.00000000000000       c
    3.25664288949327      5.64067110322358      0.00000000000000       c
   -6.54975163506557      2.22995052789009      3.35193591987181       h
   -6.54975163506557     -2.22995052789009     -3.35193591987181       h
    1.34368201394961     -6.78722652532173      3.35193591987181       h
    5.20606962111595      4.55727599743164      3.35193591987181       h
    5.20606962111595     -4.55727599743164     -3.35193591987181       h
    1.34368201394961      6.78722652532173     -3.35193591987181       h
   -8.56328071146823      0.00000000000000      0.00000000000000       h
    4.28164035573412     -7.41601872077160      0.00000000000000       h
    4.28164035573412      7.41601872077160      0.00000000000000       h
$end
