$coord
    0.00000000000000      0.00000000000000      6.39495094000958      kr
    2.27833772123441      1.31539886096838     -0.53435596689682       c
    4.05619243843368      2.34184385742167     -0.53146922126688       h
    2.27833772123441     -1.31539886096838     -0.53435596689682       c
    4.05619243843368     -2.34184385742167     -0.53146922126688       h
    0.00000000000000     -2.63079791090936     -0.53435596689682       c
    0.00000000000000     -4.68368771484334     -0.53146922126688       h
   -2.27833772123441     -1.31539886096838     -0.53435596689682       c
   -4.05619243843368     -2.34184385742167     -0.53146922126688       h
   -2.27833772123441      1.31539886096838     -0.53435596689682       c
   -4.05619243843368      2.34184385742167     -0.53146922126688       h
    0.00000000000000      2.63079791090936     -0.53435596689682       c
    0.00000000000000      4.68368771484334     -0.53146922126688       h
$end
