$coord
    0.12459928108434      1.11124570046296      0.55213753385116      zn
    1.27837950410707      0.47401172046343      3.69445048094611       f
   -0.85197829955021      3.08169544626375     -2.06375176073308       f
   -3.41837736765044     -0.88326384940029     -0.10998073771954       o
   -4.64097820364431     -0.85661757718931      1.24119838668938       h
   -3.97234547919976      0.35936260332244     -1.34348056914459       h
    3.15097847521791     -1.31070837175126     -0.81910481283653       o
    3.99161010321772     -1.45389178647562      0.80386625032982       h
    4.33811198641768     -0.52183407466872     -1.95533477138272       h
$end
