$coord
    0.14194451027621     -4.10657461564912     -6.81951192926503      cs
    4.64707823957874     -0.03113134819820      5.09191674605563       s
   -3.98208909607756      3.16451193784121      2.70276718555150       s
   -7.13172586574607     -5.07473611200933     -1.26982036756499      cs
    4.20607190871258     -2.53164246930208     -3.26050643455769       o
   -3.10051201621725     -5.27097472155422      2.28423574544598       o
   -1.10728181094125     -5.41835975334692     -1.47269834088065       o
   -1.45413442731018      1.09079980864370     -7.61413836370223       o
   -4.86861366790810     -1.97018480619795     -5.12955782281236       o
    3.02380670995837     -2.91444070014758      1.05563502900235       n
   -2.36303260058102      4.30817702382979     -1.97880479192127       n
   -4.50808793815516      0.45473349041737     -1.59116187020678       n
   -1.69930277057014      3.96613376045129     -4.44008860015833       n
    5.08898219035471     -2.71400803243885      2.92621558363811       c
    6.94866129291533     -2.47481065681892      0.67700118762052       c
    4.59705019703930     -2.64038694819006     -1.00680752947070       c
    0.41987994866896     -2.57274042206094      1.59190491051949       c
   -0.12430297202780     -0.45055058163767      2.89427278704144       c
    1.96447329795500      1.41876536827463      3.34168113207696       c
   -2.68386274333314      0.12215170780607      3.92407960627273       c
   -1.41124841569099     -4.61447441678323      0.74959993003519       c
   -3.61127475243211      2.58319438698946     -0.61374600706278       c
   -1.56941433503200      6.76760814457301     -0.95798758884355       c
   -3.99393541121565     -0.05049990715308     -4.05844499197576       c
   -2.27609253762422      1.71638835139231     -5.49331895266547       c
    5.30959335363589     -4.42371261149644      4.07281087895753       h
    7.90676188738121     -0.65117543449341      0.55115884469055       h
    1.32548603005586      3.00444948936025      4.50250285259004       h
    2.68609469886045      2.18180767613385      1.55444373568994       h
   -3.99886136030805     -1.41379274294692      3.54925526378811       h
   -2.58652408442331      0.44399115328203      5.97236830503534       h
   -3.20144172168415      7.85509280667402     -0.30400250954614       h
   -0.26114030847613      6.50520077472945      0.62006544020043       h
   -0.63850274212046      7.75830538087512     -2.50397196553086       h
    8.30549712350955     -4.01711460290342      0.45265271298013       h
$end
