$coord
    0.00000000000000      0.00000000000000     -0.00000170075351      mo
   -2.31442468722520     -1.33655472289314      3.43049561437805       n
   -2.45809735204355      1.41885834280003      3.37666147444841       b
   -0.00000963760324      2.67224017176836      3.43037429396076       n
    2.45807732094662      1.41885739793696      3.37667678123003       b
    2.31440522304610     -1.33655528981098      3.43050562992651       n
   -0.00000963760324     -2.83875282243489      3.37725503742456       b
   -4.41165578086792      2.54687952002789      3.45307708569219       h
   -0.00000888171279      4.57554624756214      3.25147429956630       h
    4.41163461593531      2.54688103180879      3.45310788822805       h
    3.96271297821817     -2.28795642721528      3.25151228306143       h
   -0.00001247219243     -5.09443782968020      3.45443787747546       h
   -3.96273111958898     -2.28795567132483      3.25150396826648       h
   -2.31440503407349      1.33655491186575     -3.43050506300868       n
    0.00000963760324      2.83875282243489     -3.37725522639717       b
    2.31442430927997      1.33655453392053     -3.43049542540543       n
    2.45809754101617     -1.41885834280003     -3.37666128547580       b
    0.00000982657585     -2.67223998279575     -3.43037353807031       n
   -2.45807750991923     -1.41885796485480     -3.37667602533958       b
    3.96273130856160      2.28795604927006     -3.25150472415693       h
    0.00001228321982      5.09443801865282     -3.45443863336591       h
    4.41165634778576     -2.54687970900050     -3.45307708569219       h
    0.00000925965802     -4.57554662550737     -3.25147373264846       h
   -4.41163499388054     -2.54688159872663     -3.45310732131021       h
   -3.96271335616340      2.28795623824267     -3.25151247203404       h
$end
