$coord
    0.01616528419885      0.00301600289695     -0.02225795020139      fe
   -3.28698225347211      1.47452381631828     -0.19735335898657       n
   -1.87675769139613     -2.75158712617865      1.35568782197273       n
    1.84020698661404      2.76511284092484     -1.46297758968898       n
    3.28882738206144     -1.50306699561444      0.24898936948655       n
   -3.79736685548917      3.78965450522412     -1.13201794798416       o
    0.73338324528571      4.78396848835860     -2.39275742562371       o
    3.67628378780730     -3.68779637731156      1.34362248757665       o
   -0.86494012002042     -4.94600305502456      2.15752034904585       o
   -4.31394654666480     -2.39596996003776      1.51465970950643       c
   -5.13110342981074      0.04815740264741      0.60508898270738       c
    4.28869734897871      2.36481083286550     -1.57817038103639       c
    5.11504037979530     -0.03532994170475     -0.56203459649038       c
   -7.09191576134202      0.66179834093759      0.59060498784275       h
   -5.58886955271497     -3.81384337758096      2.27959495602598       h
    5.56316530897776      3.73951024452793     -2.42343939694918       h
    7.08775307263187     -0.60247549147525     -0.45035556190148       h
   -1.98151447021321      4.42684029720743     -1.69998609553727       h
    1.10767638575634     -4.64066620986092      1.85143498336374       h
   -0.38571370031255     -1.35174093998616     -3.62190332805467       o
   -2.02181647032784     -2.14297399321906     -3.81221915797574       h
   -0.41083156203289      0.10461826189206     -4.73169053789365       h
    0.61327924470968      1.42587281720678      3.52327360825561       o
    1.74714931326984      2.84899116961244      3.32408097883070       h
    1.58232437700636      0.16573200480391      4.43317106870183       h
$end
