$coord
   -2.38019754990048     -2.38019754990048     -2.38019754990048      mg
   -2.34003557849179      2.34003557849179     -2.34003557849179      cl
   -4.75934101056793     -4.75934101056793     -4.75934101056793      cl
    2.38019754990048      2.38019754990048     -2.38019754990048      mg
    4.75934101056793      4.75934101056793     -4.75934101056793      cl
    2.34003557849179     -2.34003557849179     -2.34003557849179      cl
   -2.38019754990048      2.38019754990048      2.38019754990048      mg
    2.34003557849179      2.34003557849179      2.34003557849179      cl
   -4.75934101056793      4.75934101056793      4.75934101056793      cl
    2.38019754990048     -2.38019754990048      2.38019754990048      mg
    4.75934101056793     -4.75934101056793      4.75934101056793      cl
   -2.34003557849179     -2.34003557849179      2.34003557849179      cl
$end
