$coord
    0.00975967954986      0.00000000000000      0.00000000000000      re
   -2.31269294220342     -0.00000000000000     -3.52238581492166       c
    1.87186386764786      1.35974279629370     -3.53626056208330       c
    1.87186348970264     -1.35974241834848     -3.53626056208330       c
   -0.71471539677832     -2.19958187315631     -3.52731988983641       c
   -0.71471577472355      2.19958187315631     -3.52731970086380       c
   -4.35803555793574     -0.00000018897261     -3.58050755445837       h
    3.52458281051564      2.56340479705373     -3.61898899242329       h
    3.52458318846087     -2.56340460808112     -3.61898899242329       h
   -1.34880657325785     -4.14387913218283     -3.59004745885979       h
   -1.34880695120307      4.14387913218283     -3.59004745885979       h
   -2.31269237528558      0.00000000000000      3.52238581492166       c
    1.87186330073003      1.35974222937586      3.53626056208330       c
    1.87186348970264     -1.35974241834848      3.53626056208330       c
   -0.71471558575093     -2.19958130623847      3.52731988983641       c
   -0.71471520780571      2.19958149521108      3.52731988983641       c
   -4.35803555793574      0.00000018897261      3.58050755445837       h
    3.52458299948826      2.56340460808112      3.61898899242329       h
    3.52458281051564     -2.56340479705373      3.61898899242329       h
   -1.34880695120307     -4.14387913218283      3.59004745885979       h
   -1.34880657325785      4.14387913218283      3.59004745885979       h
$end
