$coord
    0.00000000000000      0.00000000000000      5.69132766867250      be
   -2.27926727751575      1.31593554318813     -0.47749845413834       c
   -2.27926727751575     -1.31593554318813     -0.47749845413834       c
    0.00000000000000     -2.63187108637627     -0.47749845413834       c
    2.27926727751575     -1.31593554318813     -0.47749845413834       c
    2.27926727751575      1.31593554318813     -0.47749845413834       c
    0.00000000000000      2.63187108637627     -0.47749845413834       c
    4.05678656832766      2.34218684271352     -0.47105618880251       h
    0.00000000000000      4.68437368542704     -0.47105618880251       h
   -4.05678656832766      2.34218684271352     -0.47105618880251       h
   -4.05678656832766     -2.34218684271352     -0.47105618880251       h
    0.00000000000000     -4.68437368542704     -0.47105618880251       h
    4.05678656832766     -2.34218684271352     -0.47105618880251       h
$end
