$coord
    3.40152875848446      1.91410151423325      4.75394357480711      ag
    0.49267994691605      5.03261128207365      6.96557679838617      cl
   -1.51551651133192     -5.28877934316730     -2.84707177478636       s
    0.62416198849617     -2.78137450115611      0.27788252606123      ag
   -1.88964808021878      1.79787674344848      4.65877432148982      ag
    2.39445987989055      2.57053624550768     -0.96859518850610      ag
    0.77637489259534      6.03978674122107      2.30717853239540      ag
   -2.96878204256941     -1.09385209428226      2.33883541342922       f
    2.74784017721620      0.13494515367846     -4.69201044664706       o
    3.89122709551905     -0.65755817345628      1.65579844056256       o
   -4.36429735442655     -4.52424037221636     -1.89695678498334       n
   -6.36007396565721     -4.00708979477809     -1.19582058220057       c
    5.52433616140567     -1.35814389901857      1.26133682006796       h
    2.90574795996841      1.05252945308704     -6.26132216955043       h
   -8.18666887704112     -3.50848895796435     -0.49135676068269       h
    1.34016277698533     -1.00877171080597     -4.93280180625420       h
    1.18646681582255      5.68591171359565     -0.93339110256134       h
$end
