$coord
    2.77323091538912      0.50809179730850      1.45788912414975      br
    4.39271581179840     -0.25106693438937      4.71171159740010       c
   -0.02311267332814      1.73976161795322     -3.81552712355914       o
   -2.17452599445289      1.04417006059647     -4.14251134841289       c
   -3.63795371690507     -0.57996356208254     -2.34230022628108       c
   -3.21482230546387      1.61278978571780     -5.88802359193986       h
   -4.27966918241218     -2.28860913861917     -3.32605838824885       h
   -2.49553263762517     -1.07906668810055     -0.69890613698159       h
   -5.34865493752146      0.43094750767057     -1.74885668082460       h
    5.48392021080565      1.40072245219708      5.26940152455440       h
    2.91152806526972     -0.65316531610399      6.08090245740550       h
    5.61287625547328     -1.88461158214801      4.44227879273826       h
$end
