$coord
    0.00000661404144      0.00000075589045      0.00000000000000      pd
   -3.41090671335689     -0.47684026252869      2.32572165897849       c
   -4.00207616239345      0.67954173542419     -0.00000018897261       c
   -3.41090652438427     -0.47684007355608     -2.32572147000587       c
    3.41087156445094      0.47688486006526     -2.32570408452552       c
    4.00209846116173     -0.67955137302743     -0.00000037794523       c
    3.41087156445094      0.47688504903787      2.32570465144335       c
   -3.65256715800932      0.58439950519049      4.06293819378533       h
   -3.46193366512649     -2.52610613867101      2.50484067263094       h
   -4.47945934323811      2.68439016589488     -0.00000000000000       h
   -3.46193347615387     -2.52610613867101     -2.50484067263094       h
   -3.65256696903671      0.58439950519049     -4.06293838275794       h
    3.46194197992144      2.52611331963029     -2.50484010571311       h
    3.65257641766734     -0.58443427615121     -4.06299053919902       h
    4.47946463447126     -2.68441548822497     -0.00000000000000       h
    3.65257660663995     -0.58443427615121      4.06299035022641       h
    3.46194216889405      2.52611331963029      2.50484010571311       h
$end
