$coord
   -0.22466084636900      1.02843752368045     -0.09651020297624      ti
   -1.17814616271757     -3.35724605028561     -0.15412530693859       c
   -2.19036624575809     -2.38265740639858      2.12505334242185       c
   -4.13818897784511     -0.66044132860657      1.49051732441229       c
   -4.30793948525576     -0.54602067935421     -1.17332471547993       c
   -2.47290278932220     -2.21316579146717     -2.19396787478146       c
    2.85524597411658      0.66907170782359      2.44077820107222       c
    4.16913021959504     -0.09769052591448      0.06384912147911       c
    6.10016840423175     -1.75927379609367     -0.12379973796047       c
    2.88566980885325      0.99111467680332     -2.00187192284978       n
   -1.53930041537998      4.38807010909047      0.07323198963947       n
   -5.23748045980818      0.44614978743566      2.81296165129588       h
   -1.56616891938337     -2.85571538208626      4.01099359100899       h
   -5.56919202353850      0.65081808728300     -2.24885761572503       h
   -2.09960477862948     -2.52599407791174     -4.18041755374509       h
    0.41967245674034     -4.62685098907225     -0.30621178835993       h
    3.09965918281663     -0.62904258416155      4.01546713966685       h
    3.58255223812660      0.50796688641158     -3.71565169629789       h
   -3.31971155408238      5.01458858606565      0.35843814930165       h
   -0.40097342775187      5.87348101556533     -0.33679417111856       h
    3.26337258217285      2.62905426061299      2.96910915416181       h
    7.01048613976837     -2.47906518621879      1.56298303010770       h
    6.86768312691316     -2.30247519304063     -1.94953520190231       h
$end
