$coord
   -2.77955167133506     -2.77955167133506     -2.77955167133506      ba
    2.77955167133506      2.77955167133506     -2.77955167133506      ba
   -2.77955167133506      2.77955167133506      2.77955167133506      ba
    2.77955167133506     -2.77955167133506      2.77955167133506      ba
   -2.26058998037772      2.26058998037772     -2.26058998037772       h
   -5.32252682821421     -5.32252682821421     -5.32252682821421       h
    5.32252682821421      5.32252682821421     -5.32252682821421       h
    2.26058998037772     -2.26058998037772     -2.26058998037772       h
    2.26058998037772      2.26058998037772      2.26058998037772       h
   -5.32252682821421      5.32252682821421      5.32252682821421       h
    5.32252682821421     -5.32252682821421      5.32252682821421       h
   -2.26058998037772     -2.26058998037772      2.26058998037772       h
$end
