$coord
    3.33885825919008      0.52751648112932      2.40362561851904      at
    5.17623235736877     -0.24130347538725      5.94157805240286       c
    6.16353470068569     -0.65890120181396      7.85350449186520       n
    1.04275616750907      1.56188944559863     -2.18612343266020       o
   -0.99974127656809      0.94413173894316     -3.04273156121889       c
   -2.91260974450419     -0.63603381493696     -1.71395230544341       c
   -1.52090771099652      1.59023136906239     -4.97135732148325       h
   -3.31981718977282     -2.31303536057743     -2.86413089944276       h
   -2.27591376953271     -1.19534569402513      0.16674244136344       h
   -4.69239179337927      0.42085032303462     -1.58715508390202       h
$end
