$coord
    0.00001398397333     -0.00000869274018      0.28904891773922      re
    0.00010506877260      0.00024604234159      3.94043102849498       c
    0.00026097117799     -0.00017215405007      6.14649692993450       o
   -0.00005971534558     -3.64672431380063     -0.56893001815120       c
   -0.00005347924936      3.64665968516712     -0.56924711419513       c
    3.64714836834328     -0.00005536897549     -0.56743637862128       c
   -3.64709016477861     -0.00007936849729     -0.56758887951964       c
   -0.00023224734087     -5.77106938687049     -1.14854133528387       o
   -0.00011092692359      5.77112305509247     -1.14822934150048       o
   -5.77170055539655     -0.00001719650775     -1.14609432892343       o
    5.77177142012627      0.00009202966233     -1.14584167254040       o
$end
