$coord
    0.00218886977164     -0.00217129531867     -0.00246476978602      cu
    2.07815071792205     -2.08176935448055      2.08179259811190       b
   -2.07230485015155      2.08190125736414      2.07847518389787       b
    2.08298388146167      2.07395911640217     -2.08538572336770       b
   -2.08629619341516     -2.07729297123350     -2.07843909012886       b
    3.44655847542087      3.43605329891434     -3.45018712752784       f
    3.43796778045250     -3.44266204912187      3.45153166766643       f
   -3.45760638127077     -3.43586753883616     -3.43895818591509       f
   -3.43164211121863      3.44784972528271      3.44363544704932       f
$end
