$coord
    0.00000000000000      0.00000000000000      2.56791349461753      ge
    0.00000000000000      0.00000000000000     -3.69826678285738      ge
    3.38809677415412     -0.54071035996780      1.10212947265896       c
    3.33513153029717      0.50714013123149     -1.62324639626290       c
   -2.16231741881647     -2.66382276468573      1.10212947265896       c
   -1.22836960293843     -3.14187868803121     -1.62324639626290       c
   -1.22577954431026      3.20453312465352      1.10212947265896       c
   -2.10676192735874      2.63473855679972     -1.62324639626290       c
    0.00000000000000      0.00000000000000      5.51695659191139       h
    4.88907392164591      0.29099269003232      2.28129741029281       h
    3.72240330980053     -2.58852549336326      1.08224558538955       h
    4.91457161831756     -0.28042212900183     -2.71949163971101       h
    3.64222544281268      2.56195594403299     -1.58513553359126       h
   -4.10293046778792     -1.92943305126536      1.08224558538955       h
   -2.19252979319964     -4.37955859364677      2.28129741029281       h
    0.39760612476811     -4.43523786216574     -1.58513553359126       h
   -2.70013857651036     -4.11593272839723     -2.71949163971101       h
    0.38052715798738      4.51795854462861      1.08224558538955       h
   -2.69654393947366      4.08856571464183      2.28129741029281       h
   -4.03983175655341      1.87328172916013     -1.58513553359126       h
   -2.21443304180720      4.39635485739906     -2.71949163971101       h
$end
