$coord
    0.00000000000000     -0.00000000000000     -0.00000000000000      ni
    2.28532970790027     -2.28532970790027      2.28532970790027       p
   -2.28532970790027      2.28532970790027      2.28532970790027       p
    2.28532970790027      2.28532970790027     -2.28532970790027       p
   -2.28532970790027     -2.28532970790027     -2.28532970790027       p
    4.19542292404786     -4.19542292404786      1.00613988923041       f
    4.19542292404786     -1.00613988923041      4.19542292404786       f
    1.00613988923041     -4.19542292404786      4.19542292404786       f
   -4.19542292404786      1.00613988923041      4.19542292404786       f
   -1.00613988923041      4.19542292404786      4.19542292404786       f
   -4.19542292404786      4.19542292404786      1.00613988923041       f
    4.19542292404786      4.19542292404786     -1.00613988923041       f
    4.19542292404786      1.00613988923041     -4.19542292404786       f
    1.00613988923041      4.19542292404786     -4.19542292404786       f
   -4.19542292404786     -1.00613988923041     -4.19542292404786       f
   -1.00613988923041     -4.19542292404786     -4.19542292404786       f
   -4.19542292404786     -4.19542292404786     -1.00613988923041       f
$end
