$coord
   -0.00013757206197     -0.00000000000000      0.00000000000000      co
    1.71149981887720      2.96474520961925     -0.00000000000000       c
    1.71149981887720     -2.96474520961925     -0.00000000000000       c
   -3.42361096415614      0.00000000000000      0.00000000000000       c
    0.00007483315459     -0.00000000000000      3.39748153204060       c
    0.00007483315459     -0.00000000000000     -3.39748153204060       c
    3.16042956249141      5.47346189950704     -0.00000000000000       s
    3.16042975146402     -5.47346189950704     -0.00000000000000       s
   -6.32064161750573      0.00000018897261     -0.00000000000000       s
    0.00019067336610     -0.00000000000000      6.28821694074696       s
    0.00019067336610     -0.00000000000000     -6.28821694074696       s
$end
