$coord
    3.09275884786788      6.67506390981721     -0.00000000000000       i
   -2.43692334874798      2.67153587084123     -0.00000000000000       c
   -4.69850222280739      1.33252393706658      0.00000000000000       c
   -4.69850222280739     -1.33252393706658     -0.00000000000000       c
   -2.43692334874798     -2.67153587084123      0.00000000000000       c
   -0.00000000000000     -1.40932618627572     -0.00000000000000       c
    2.43692334874798     -2.67153587084123      0.00000000000000       c
    4.69850222280739     -1.33252393706658     -0.00000000000000       c
    4.69850222280739      1.33252393706658      0.00000000000000       c
    2.43692334874798      2.67153587084123     -0.00000000000000       c
   -0.00000000000000      1.40932618627572      0.00000000000000       c
    8.29651752290446      3.19156336733358      0.00000000000000       i
    8.29651752290446     -3.19156336733358     -0.00000000000000       i
    3.09275884786788     -6.67506390981721      0.00000000000000       i
   -3.09275884786788     -6.67506390981721      0.00000000000000       i
   -8.29651752290446     -3.19156336733358     -0.00000000000000       i
   -8.29651752290446      3.19156336733358     -0.00000000000000       i
   -3.09275884786788      6.67506390981721     -0.00000000000000       i
$end
