$coord
   -0.00004270781045      0.00000018897261     -0.00000018897261      rh
    1.85388444636814      3.21114527636808      0.00000000000000       c
    1.85388444636814     -3.21114489842285      0.00000000000000       c
   -3.70802684035247      0.00000000000000     -0.00000018897261       c
   -0.00003080253585      0.00000000000000      3.67756634492896       c
   -0.00003118048108      0.00000000000000     -3.67756672287418       c
    3.30338167473796      5.72116417652923      0.00000037794523       s
    3.30338148576535     -5.72116398755662      0.00000037794523       s
   -6.60642886795163     -0.00000000000000     -0.00000018897261       s
    0.00001436191856     -0.00000037794523      6.56420955170966       s
    0.00001379500072     -0.00000037794523     -6.56420974068228       s
$end
