$coord
   -0.02893246287810     -1.58330117644084     -2.51894974583220      al
    1.70921759663494     -1.45823494403079      2.08001058637517      al
   -2.86856495282459     -0.11983169104129      1.19568943520743      al
    0.81949352950063      2.79454778197981     -0.27110785789985      al
    1.82055666949379     -3.67320126655072     -6.37714971990353       h
    5.82018242401977     -3.20545757867432      3.72947334215539       h
   -6.65718218737820     -0.48073857855382      4.06081811004468       h
    3.74004352524066      6.45096790258725     -1.14613779262433       h
    0.21448051378351     -2.99893961489494     -5.60225051443991       n
    3.98980560374009     -2.89179667889867      4.15809591977326       n
   -6.08521840290447     -0.01425136957853      2.30384637831759       n
    1.91649107291946      5.94900335326939     -0.90597968024199       n
    3.62968144078891     -3.51444518574060      5.92310163315203       h
   -7.59126511867424      0.49446951755728      1.25275009352444       h
   -1.23329252846903     -3.23862586266364     -6.81935338124307       h
    0.80450308803425      7.48983558064704     -1.06285680636512       h
$end
