$coord
    4.94273288396368      2.23412190934042     -2.23376739671920      hg
   -1.38384908761885      2.99524274367482     -2.99542566916381      hg
   -4.94273288396368     -2.23412190934042     -2.23376739671920      hg
    1.38384908761885     -2.99524274367482     -2.99542566916381      hg
    4.94273288396368     -2.23412190934042      2.23376739671920      hg
    1.38384908761885      2.99524274367482      2.99542566916381      hg
   -4.94273288396368      2.23412190934042      2.23376739671920      hg
   -1.38384908761885     -2.99524274367482      2.99542566916381      hg
$end
