$coord
    0.56721452477410     -3.54036863770841      1.17563811820326      hg
   -0.56721452477410      3.54036863770841     -1.17563811820326      hg
    3.67058701942814     -3.60828426083786     -2.70895433786033       o
   -3.67058701942814      3.60828426083786      2.70895433786033       o
    4.29444211640147     -1.89339143870159     -2.60299550425456       h
    5.03164506510548     -4.62757002986316     -2.04419158354903       h
   -4.29444211640147      1.89339143870159      2.60299550425456       h
   -5.03164506510548      4.62757002986316      2.04419158354903       h
    3.00797004913281      1.73525462114293      0.79237161322376      cl
   -3.00797004913281     -1.73525462114293     -0.79237161322376      cl
    3.59835866333415     -5.90561694217206      3.72493289719267      br
   -3.59835866333415      5.90561694217206     -3.72493289719267      br
$end
