$coord
    0.00000415739748     -0.00000151178090      1.17561279587318      nb
   -2.00237515691711     -3.90010729652991     -0.31733849578928       c
    1.93102401169076     -2.84172025937040     -1.80871167716399       c
    2.24141511835075     -4.06092147806376      0.55357353673424       c
   -0.17546466127018     -4.64803633072458      1.51177542052046       c
   -0.70956079082468     -2.79735723781120     -2.37006464944075       c
    2.00241597500143      3.90012902838036     -0.31731374037703       c
    0.70957496377063      2.79735137966021     -2.37007863341408       c
   -1.93101872045761      2.84171364532896     -1.80872225963029       c
   -2.24143533842030      4.06090088004899      0.55354594673280       c
    0.17542875647378      4.64805088161575      1.51181945113919       c
   -4.02715774137217     -4.11104400690950     -0.14083278439634       h
    3.43936050860729     -2.17200925719841     -3.01557733062527       h
    4.01984431229229     -4.40210964037029      1.49494287402655       h
   -0.57736688941293     -5.49682004825894      3.32712532761954       h
   -1.56147162715220     -2.08132337911483     -4.08348443006188       h
    4.02713090726118      4.11107159691094     -0.14079158836680       h
    1.56151452393525      2.08134227637609     -4.08345816286873       h
   -3.43932290305739      2.17199659603337     -3.01560510959932       h
   -4.01986831181409      4.40208394009498      1.49491112662763       h
    0.57731718961582      5.49681192243660      3.32712381583864       h
    3.59448585861171      0.31648056012812      4.26076870861869      br
   -3.59447433128234     -0.31648207190902      4.26077966903022      br
$end
