$coord
    0.11313336781540     -0.11559549198484      0.22819860264931      ge
    2.23506110322500      1.95489276444187     -2.21535503918403       c
   -2.16277907890903     -2.23416423920564     -2.02062008471752       c
    2.22621831879143     -2.24485914421522      2.59468977998597       c
   -2.21836782954657      2.44529823699278      1.75944746192464       c
    2.18316563332793     -1.84236240823325      4.83771248835203       o
    3.41092674445382     -3.78553887069450      1.78550754109136       h
   -1.58915743770503     -4.32039467015162     -2.71490886488307       o
   -3.99464141289629     -1.34476633880066     -2.56920285475324       h
   -3.44332383121116      3.67846774429102      0.26604452571809       o
   -2.40686952238677      2.74649866063942      3.83197473284121       h
    4.25240572564849      1.26092202518332     -2.99280027265709       o
    1.39422803042017      3.80160173173733     -2.79068839431287       h
$end
