$coord
    4.38360600906324      2.01899869970149     -1.99992644980316      cd
   -1.38534423892966      2.97395119941422     -3.00655710090847      cd
   -4.38360600906324     -2.01899869970149     -1.99992644980316      cd
    1.38534423892966     -2.97395119941422     -3.00655710090847      cd
    4.38360600906324     -2.01899869970149      1.99992644980316      cd
    1.38534423892966      2.97395119941422      3.00655710090847      cd
   -4.38360600906324      2.01899869970149      1.99992644980316      cd
   -1.38534423892966     -2.97395119941422      3.00655710090847      cd
$end
