$coord
    2.41344425752403     -1.59830503496272      1.51254227138235      ag
   -2.03805375309209      1.23963974058073      2.86835764986858      ag
    4.84089478714806      2.68717581117708      3.36727123635616      ag
    5.72457683294001     -2.98554202358009      4.09409562020408       n
   -2.96509027360984     -1.55833883918067     -3.42790952417474       n
    0.25993315142690      1.42951356356096     -0.74284378118985       c
    6.37553646070984     -0.92331905128287      4.62288653263271       c
   -1.43925170023298      0.59686394974437     -2.82198717224583       b
    1.89784873571477      2.90033294975462      0.72271196185271       b
   -3.15637345433476      0.24256014326098     -5.33930381676002       b
   -4.04914394895666      0.88568874596505      5.20901702695453       h
   -4.29600132942795      0.34303914904685     -7.28484451557739       h
   -3.56832014375455     -3.25930910408431     -2.77999330033068       h
$end
