$coord
   -0.30705536210254     -6.85278055771164      0.00000000000000      rn
   -2.32169635335769      0.49721226605642      2.64439770291968       c
   -4.56035984149651      0.56541399372134      1.33382973781958       c
   -4.56035984149651      0.56541399372134     -1.33382973781958       c
   -2.32169635335769      0.49721226605642     -2.64439770291968       c
    0.01859944042163      0.41634672773135     -1.35169653142220       c
    0.01859944042163      0.41634672773135      1.35169653142220       c
    2.35722452733305      0.29713467788675     -2.64442491497590       c
    2.35722452733305      0.29713467788675      2.64442491497590       c
    4.59351981069087      0.17404755564836      1.33382954884697       c
    4.59351981069087      0.17404755564836     -1.33382954884697       c
   -2.31772452698626      0.49208978544693      4.69906441632985       h
   -6.34413034633293      0.61804513399922      2.34766081238244       h
   -6.34413034633293      0.61804513399922     -2.34766081238244       h
   -2.31772452698626      0.49208978544693     -4.69906441632985       h
    2.35282316621319      0.29216620995651     -4.69908312461850       h
    2.35282316621319      0.29216620995651      4.69908312461850       h
    6.37527171007960      0.07393402289524      2.34763756875109       h
    6.37527171007960      0.07393402289524     -2.34763756875109       h
$end
