$coord
    0.13306336440228      1.21346382120250      0.21204087735496      re
    0.28616519567108      4.18072690191190     -0.68012528285187       h
    3.06985007598873      1.55776152784920      2.51020522715717       o
   -2.60057646584078      0.07174269647964      2.39863598565619       o
    2.28375915651703     -0.12973971409204     -2.49506058403892       n
   -2.49048669092377      0.98933927910803     -2.62570434310959       n
    1.09084005981018     -0.53592103807429     -4.99984116337906       c
   -1.25893195460013      1.11384634155743     -5.12305962158320       c
    4.67231288637366     -0.90066860496512     -2.23671990481832       c
   -4.92445828746309      0.57518841313498     -2.56017109770707       c
    6.15517663100341     -0.69176977523971     -0.01782692038136       c
   -6.33206085453937      0.30224222965985     -0.25416608523586       c
    5.33486069269279      0.52617949989524      2.25949941943046       c
   -5.13288563052009      0.03976871940189      2.12385638989370       c
    8.65705912635686     -1.66061232889570     -0.07935451331480       c
   -8.98364367413498      0.16022024061248     -0.34990320125399       c
    7.02148283404025      0.73196935219831      4.30698933095966       c
   -6.58645635252691     -0.34719862522259      4.28950860840456       c
   10.25030498653529     -1.48107795344076      1.96203063796465       c
  -10.41612013928875     -0.18201010565248      1.81199469836253       c
    9.41904337655819     -0.27492472672896      4.18019891243232       c
   -9.20458648435125     -0.43363016287891      4.13999782369283       c
    2.41410282707891     -0.05909664924506     -6.52296268853209       h
    0.57555445308557     -2.54034068968702     -5.18283543839792       h
   -0.72467557627014      3.08452625600036     -5.47770206698835       h
   -2.52781426211622      0.47134796251635     -6.63342077107104       h
    5.59025812347229     -1.68880439707766     -3.90806738989007       h
   -5.95319155328224      0.37118926530882     -4.33765826317485       h
    9.29934717888012     -2.57546691891540     -1.80426628542540       h
   -9.90720366549890      0.33900212712407     -2.17749645495021       h
    6.34725708718086      1.68828150985863      5.99208136106297       h
   -5.61104492188466     -0.56462219847458      6.08072350034138       h
   12.14688363732084     -2.25538813127094      1.85828108317268       h
  -12.46163604290682     -0.26250091128679      1.69173687407985       h
   10.67361913449287     -0.12573689621214      5.79773304456183       h
  -10.30516902720355     -0.70728593851431      5.85082849054885       h
$end
