$coord
   -0.94469638910959     -0.13972805050313     -0.26759334525088      ru
    2.44166656132401     -2.97062036814469     -0.27176623848211       c
    2.65395877225372     -1.13356374395515      1.72915382931805       c
   -0.95144479007782     -3.47628670197059      2.44669682329856       c
    0.18351659532006     -4.34504917102589      0.09033779053118       c
    0.58300110785732     -1.54648515411068      3.47150682870772       c
    4.37625270676210     -3.43585260999977     -2.26790926760859       c
    5.42514953931731     -1.72122642821986     -2.74521648146299       h
    3.53262094956480     -4.17982814816642     -4.00000067618936       h
    5.75056661429484     -4.83441964057763     -1.59081378265439       h
   -0.79945544057934     -6.47772963706452     -1.46507291801739       c
    0.16651416244743     -6.59650497120143     -3.28611184561851       h
   -2.82221393938094     -6.23388523592837     -1.82377336130531       h
   -0.52837933007841     -8.28263105944084     -0.47880519975441       h
   -3.17135312436222     -4.65604083264870      3.71580419719625       c
   -2.50708339959717     -6.07434680850212      5.07924291984701       h
   -4.41565028395287     -5.57329348512217      2.35349590871402       h
   -4.29552795303341     -3.25533217545234      4.73501381025867       h
    0.28115723246481     -0.37874250063408      6.02179012343360       c
    1.12500309563218     -1.59982342990488      7.47186674183362       h
   -1.71114284961202     -0.12141282489084      6.50554564974743       h
    1.21744169469753      1.45721657062154      6.15373344716105       h
    4.93985294134780      0.42859253097246      2.28373610185829       c
    6.17224255867387     -0.56974789161849      3.62246835616632       h
    4.45298579199504      2.24871928777261      3.13177318860031       h
    6.04699699125447      0.80109591182924      0.58277131716041       h
   -5.29153872125635     -1.67563980899414     -1.11319287426309      cl
   -1.73271841970935      1.48127958721840     -4.04934614965213       c
    0.87832996345816      1.52126902663180     -3.61722247644080       c
    2.36321514812479      3.87992804506702     -2.98513611040824       c
    1.11584113645594      5.41419819847245     -0.86333347486818       c
   -0.32080028507933      3.72422689551204      0.97391892494801       c
   -2.94686594382420      3.28400669071425      0.79886187760319       c
   -4.54623659534931      4.33212306637946     -1.31793846390898       c
   -3.43095765241583      3.79108257125746     -3.96532344588850       c
    2.61394703407203      5.03616075465595     -4.69912980085381       h
   -0.17454663231821      6.83162526270471     -1.64445630435486       h
    4.26562719448840      3.31474384204259     -2.39427544262066       h
   -2.37831443781601      5.43337324947203     -4.66695815842329       h
   -2.45796658299564     -0.09619839816546     -5.14508967081381       h
    1.97094995630633      0.04874246185599     -4.54967419614495       h
   -4.98893914438609      3.49569418928367     -5.29202816032296       h
   -6.41279637970698      3.46160995504112     -1.18834199105729       h
   -3.97179537992451      2.88962424974432      2.54189480045297       h
   -4.80605182786596      6.38100835168002     -1.05546911104850       h
    2.56404484729257      6.47252589823161      0.17240784028891       h
    0.48559271805344      3.64554229010887      2.86195884823365       h
$end
