$coord
   -4.72111298487649     -3.62902438301493     -4.60845526112699      ir
    0.23747564614662      1.61987210129248     -4.73759857765369       s
   -0.25060225073501     -3.71252590031303     -4.67157778291068       p
   -5.43417638307554     -4.96237450834375     -1.80787736307940       c
    1.81522537414738     -1.31248547020006     -4.66804475094569       c
   -2.28755561630398      1.21443665221211     -3.89113034154140       h
    1.13953263289644      2.69885960986835     -2.60007115307472       h
    1.25847898724775     -5.89726473064078     -4.85430088223047       h
   -7.54005883189529     -3.10137316441283     -5.66058900556326       h
   -4.90035010641182     -6.05620732741953     -6.51192876665552       h
   -4.84739676782947     -0.50722535787977     -4.03029355290550       h
$end
