$coord
    0.08032866713270      1.82197056258120     -0.00000000000000       b
   -0.04722387794121     -1.91577732336171      0.00000000000000       b
    2.24930718157038      0.01818332272871      0.00000000000000       f
   -1.72925719733713     -0.11594433542768     -0.00000000000000       h
   -0.13638323526028      3.04739068098231     -2.18434255475915       f
   -0.13638323526028      3.04739068098231      2.18434255475915       f
   -0.14019405696578     -2.95160669975626      1.98740965983559       h
   -0.14019405696578     -2.95160669975626     -1.98740965983559       h
$end
