$coord
   -1.75875166476508     -0.36127028184655      0.18813621980745       v
    0.67057290625802     -0.95503111231956      2.81236752140190       c
   -2.89562809861895      3.07695828081133      0.35611813253687       c
   -3.58602971214350      5.18817769415586      0.45786986886854       n
   -4.57943473701142     -2.59926518488202      0.61464551669871       c
   -6.30774215799767     -3.97380699338554      0.87484946587946       n
   -0.21561548329473     -0.96095049043636     -3.03662963555833       c
    0.73227813344728     -1.32593124953112     -5.01465982874059       n
    2.16193134776894     -1.31566380057123      4.42169476193920       n
$end
