$coord
    0.00000000000000      0.00000000000000     -6.11561351380402      rn
   -1.83680642445047     -1.33451797607464      0.61545375256276       c
   -1.83680642445047      1.33451797607464      0.61545375256276       c
    0.70159767390272      2.15929536879591      0.61545375256276       c
    2.27041750109551      0.00000000000000      0.61545375256276       c
    0.70159767390272     -2.15929536879591      0.61545375256276       c
    1.33601539505680     -4.11183240064923      0.60766902578709       h
    4.32343637332388      0.00000000000000      0.60766902578709       h
    1.33601539505680      4.11183240064923      0.60766902578709       h
   -3.49773339274613      2.54125210459755      0.60766902578709       h
   -3.49773339274613     -2.54125210459755      0.60766902578709       h
$end
