$coord
   -1.63751439543134      1.22184022122819     -2.12666168832761       y
    0.11404742834250     -4.86132197067867     -0.55609594316710       y
    5.14464010496846     -1.80283481788503      1.78029624335394       y
   -0.13691916158959      1.38738892259790      3.97246169735651       y
   -5.18476465979986     -1.84570287710602      2.22165538608781       y
   -1.19918467264991      4.16434392126335     -6.00418959224212      cl
    8.47642587515971     -0.46748819690418      0.29553748136513       f
    0.83402098806616      5.00050804772889      4.95354986528099       f
   -9.00464023214733     -2.09986423802657      2.63774548901126       f
    3.96451483207923     -5.83395531494323      1.13875255395167       o
   -3.52958680529705      1.78773911867344      1.41093774471590       o
    1.26128409670904     -0.81236907303334      0.27165833512032       c
    0.14732248185793     -5.80966250764946     -5.00610617240428       c
   -3.20047985108606     -5.45194132043998      1.86148076744906       h
    0.00959017111637     -4.19445916372365     -6.30719432639377       h
   -1.45058892315276     -7.06421029763748     -5.48405230266185       h
    1.88235165867404     -6.82410226299747     -5.56304172088912       h
   -3.73329531324504     -2.31472798826841     -1.71189061424004       h
    5.00924387366374     -7.24864303218337      0.68892176899536       h
    3.62147473816931     -0.42026734252477      5.27514534711410       h
   -2.99244273647407     -1.20396945920071      5.59991065555081       h
$end
