$coord
    3.03294259091407      1.78767335620426      4.02140447018184      cu
    0.92540266330929      4.91073452941891      6.13764753145949      cl
   -0.81344980740475     -4.67815573058236     -1.55249145962927       s
    0.04068296890161     -1.52691722904952      1.30259086420481      cu
   -1.62586517872818      2.13449951640743      4.29036408742176      cu
    2.38491714089994      2.29352412730005     -1.00040400352045      cu
    1.01458016199917      5.43294201397010      1.82514927089759      cu
   -3.30972907582227     -0.41098330704080      2.63299415061289       f
    2.59051027271330      0.25748293253205     -4.36920554009337       o
    3.68019079657262     -0.53899713426205      1.38488560239891       o
   -3.89788346682494     -4.47220676333949     -1.51107187548379       n
   -6.07562558617152     -4.35325625159071     -1.43540516270370       c
    5.05010031942370     -1.71449749143073      1.15863058307009       h
    2.39975697119408      1.14440566965732     -5.95180090382619       h
   -8.09156765386436     -4.24892220450799     -1.34395678012832       h
    1.40634722201084     -1.14176893479384     -4.42338814552062       h
    1.28868947190480      5.12444309007998     -1.16594287831429       h
$end
