$coord
   -0.00000302356180     -0.00000925965802      4.02165353608524      re
   -0.00000434637009     -0.00000831479495     -4.02197970281457      re
   -3.67878861978720     -0.00001587369946     -0.00002740102883       i
    3.67878918670503     -0.00001587369946     -0.00002759000144       i
   -2.60023990561776      0.00000642506883      6.57451781875388       c
    2.60023707102857      0.00000642506883      6.57451536210991       c
   -2.60031247110099      0.00001757445297     -6.57479579746700       c
    2.60030869164874      0.00001757445297     -6.57479277390520       c
   -4.14428674610819     -0.00000075589045      8.10900529066378       o
    4.14429449398530     -0.00000075589045      8.10901341648613       o
    4.14442016077267      0.00000963760324     -8.10921523923637       o
   -4.14440938933376      0.00000963760324     -8.10920371190701       o
   -0.00000132280829      3.79221376131643      3.81512253319559       c
   -0.00000132280829     -3.79223133576940      3.81517336682837       c
   -0.00000188972613      3.79220034426094     -3.81514067456640       c
   -0.00000188972613     -3.79221357234382     -3.81521607463882       c
    0.00000018897261      5.94557973644709     -3.65145486521161       o
    0.00000018897261      5.94566609693104      3.65212609593154       o
    0.00000018897261     -5.94566004980744      3.65200137400723       o
    0.00000018897261     -5.94557123267952     -3.65127458533920       o
$end
