$coord
   -0.00000018897261     -0.00000094486306     -0.00000321253441      tc
   -3.80809974399388     -0.00000037794523     -0.00000075589045       c
    3.80809936604865     -0.00000037794523     -0.00000075589045       c
   -0.00000000000000     -0.00000000000000     -3.80810295652829       c
   -0.00000000000000     -0.00000000000000      3.80809596454162       c
    0.00000000000000      3.80809842118559     -0.00000056691784       c
    0.00000000000000     -3.80810049988433     -0.00000056691784       c
    0.00000018897261      0.00000188972613     -6.70717923840918       s
    0.00000018897261      0.00000188972613      6.70717224642251       s
    0.00000037794523     -6.70717678176522      0.00000491328793       s
   -6.70717583690215      0.00000113383568      0.00000491328793       s
    0.00000037794523      6.70717470306648      0.00000491328793       s
    6.70717545895693      0.00000113383568      0.00000491328793       s
$end
