$coord
   -0.00000056691784     -0.00000377945225     -0.17489547576105      tc
   -0.00000075589045     -3.78235657189847     -0.40782368495828       c
   -0.00000075589045      3.78235430422712     -0.40784692858963       c
   -0.00000359047964     -0.00005990431819     -4.88153693796534      cl
    0.00000207869874      0.00004327472828      3.47561263666148       c
   -3.78232728114352     -0.00001058246631     -0.40783067694495       c
    3.78238359498207     -0.00001058246631     -0.40783710201378       c
    0.00000245664396      0.00004592034486      5.64893128509253       o
    5.92417575348199     -0.00000264561658     -0.60918779867448       o
   -0.00000000000000     -5.92420277656559     -0.60924184484168       o
   -5.92423112245748     -0.00000264561658     -0.60919838114078       o
   -0.00000000000000      5.92420561115478     -0.60914509086403       o
$end
