$coord
    0.00000000000000      0.00000000000000      3.07457439130349      al
    0.00000000000000      0.00000000000000     -3.07457439130349      al
    0.00000000000000      3.12258817476533      0.00000000000000      cl
    0.00000000000000     -3.12258817476533      0.00000000000000      cl
   -2.67423194310507      0.00000000000000      4.38758652817485       h
    2.67423194310507      0.00000000000000      4.38758652817485       h
    2.67423194310507      0.00000000000000     -4.38758652817485       h
   -2.67423194310507      0.00000000000000     -4.38758652817485       h
$end
