$coord
    1.78192480932925      2.57376030725109      4.18524183557192      nb
    0.64236855485623      6.65712398381352      3.10142834441571      cl
    4.71552619855786      2.49460270339861      6.45043462187452       n
    2.20618193062365      0.46040852694608      1.18099379101670       c
    2.05201391587462     -1.74510330679332      2.84164391443491       b
    2.04739051193497     -3.95435547545373      2.41986157847500       h
    4.91446995105199      3.88355594128354      7.75806141723226       h
    6.21461645451294      1.31359492840858      6.47979151724050       h
    2.38120760851478      0.67926092212188     -0.85151985199206       h
    1.90572492523494     -1.26161895617855      5.11833303859708       h
   -0.82196661408160      1.59610936217702      6.01293429988975       h
$end
