$coord
   -0.48619346198887      1.82750859396578      3.53206669289208      sb
    0.73322167370195      6.36233124351461      3.22736271700800      cl
   -1.24996558207792     -2.60542852664166      2.13414084638873       n
   -3.01446012453963      2.08333234695929      0.30173086977018       c
   -4.29458441277875      4.30635494989919     -0.29355402482338       c
   -6.09941969474066      4.33451168020260     -2.20899894535954       c
   -6.64258613175430      2.13351648087673     -3.53937426382096       c
   -5.37033614330923     -0.09124750468820     -2.95872926649742       c
   -3.55698310980740     -0.12643212645386     -1.04665694017817       c
   -2.05238316835962     -2.49211034361115     -0.53688139689148       c
    1.20890901432122     -3.85291157550798      2.53162980813704       c
    3.26948376749142     -2.14132936457168      1.54141369610659       c
    5.46819145334188     -3.15182280485097      0.50278884785398       c
    7.37189059216985     -1.56152756304552     -0.36688257946788       c
    7.06557486887299      1.04450038472328     -0.21578329097471       c
    4.86365483758110      2.06275077280419      0.80784771430450       c
    2.94870767090651      0.48381750933077      1.68268395210107       c
   -2.61929609284403     -3.39958177365693      3.21719901401242       h
   -3.86668824588368      6.03309711073535      0.73130473551983       h
   -7.08828049519361      6.07803253033809     -2.65236195367732       h
   -8.05906247477262      2.14495499311685     -5.02484337386050       h
   -5.78122912144121     -1.81254819914481     -4.00636300611007       h
   -3.11041663776097     -4.19395252814929     -1.08850908263387       h
   -0.32327582630427     -2.44363546697459     -1.68509883311737       h
    1.43722289026421     -4.14394905204949      4.57648600836455       h
    1.30251981050248     -5.72296640833551      1.62259028335198       h
    5.68914805855888     -5.19196054791470      0.36809389391459       h
    9.08269990512065     -2.35805355018448     -1.17408041695768       h
    8.54077407330867      2.29571091837295     -0.90351963477128       h
    4.63316172946972      4.09903782094116      0.92429811838870       h
$end
