$coord
    0.00000000000000      0.00000000000000      3.78707937543234      ge
    2.32480363002652      0.00000000000000      1.10217047971590       n
   -2.32480363002652      0.00000000000000      1.10217047971590       n
    1.28508954363494      0.00000000000000     -1.28363615527151       c
   -1.28508954363494      0.00000000000000     -1.28363615527151       c
    4.22402978711447      0.00000000000000      1.25109658316427       h
    2.45736527214238      0.00000000000000     -2.96317050083853       h
   -2.45736527214238      0.00000000000000     -2.96317050083853       h
   -4.22402978711447      0.00000000000000      1.25109658316427       h
$end
