$coord
    0.00000000000000      0.00000000000000      0.00000000000000      sr
    0.00000000000000      0.00000000000000      4.94729846228387       c
    0.00000000000000      0.00000000000000     -4.94729846228387       c
   -1.90396974760920      0.00000000000000     -5.79786721511677       h
    0.95198487380460      1.64888620033921     -5.79786721511677       h
    0.95198487380460     -1.64888620033921     -5.79786721511677       h
   -1.90396974760920      0.00000000000000      5.79786721511677       h
    0.95198487380460     -1.64888620033921      5.79786721511677       h
    0.95198487380460      1.64888620033921      5.79786721511677       h
$end
