$coord
   -0.31935275486688      0.68944371135133     -0.03127024306846      tc
    2.93778032958344      2.42081910270299     -0.05552204330530       c
    1.40338488733587     -2.41922644152408     -0.15044052996568       c
   -3.97033197601261     -1.03792168116116      0.01996023220490       n
   -0.42817055512855      0.77423780131955      4.00570953881573       n
   -0.31363160902070      0.75970467357565     -3.71995252398784       c
    4.84340698905984      3.41323958025932     -0.08696122788941       o
    2.44628467403050     -4.30724028658918     -0.21812428369948       o
   -5.85015064578748     -1.91988747768556      0.02391202747940       n
   -0.46626289848414      0.83379781141069      6.08093174816046       n
   -0.28295625173668      0.79303301736783     -5.86824288371692       o
$end
