$coord
    0.00018670494124     -0.00008352589477      0.00013284774665       y
    2.71885952632189     -2.71886538447288      2.71886368371937       b
   -2.71910802530745      2.71909649797808      2.71908591551178       b
   -2.71915130003573     -2.71912295414384     -2.71914695366564       b
    2.71904037311214      2.71905719167466     -2.71906531749700       b
    4.14880375846694     -4.14882851387919      4.14883172641361       f
   -4.14861478585435      4.14855903893364      4.14849762283455       f
   -4.14855336975526     -4.14843752954374     -4.14853617324751       f
    4.14853692913796      4.14862517934804     -4.14866316284318       f
$end
