$coord
   -0.00000000000000     -0.00000000000000      0.01001290285073      sc
   -2.92761549275219     -2.63075501412631      0.93081408304344       o
    2.81392030935956     -1.58643226365886      2.43905099139314       o
   -1.23379255000195      1.86972942198865     -3.35472156515401       o
   -4.51655050969220     -0.81573184067440      2.62958338392824      cl
    4.51655050969220      0.81573184067440      2.62958338392824      cl
   -0.00000000000000      0.00000000000000     -5.27477741743739      cl
   -4.58518970895526     -1.72773729061407      5.20171285753267       o
   -6.95571412876245     -0.34987258769075      1.49486558422800       o
   -2.81392030935956      1.58643226365886      2.43905099139314       o
    6.95571412876245      0.34987258769075      1.49486558422800       o
    4.58518970895526      1.72773729061407      5.20171285753267       o
    2.92761549275219      2.63075501412631      0.93081408304344       o
    1.23379255000195     -1.86972942198865     -3.35472156515401       o
    1.92723284313696      1.26535740137344     -6.73670016200289       o
   -1.92723284313696     -1.26535740137344     -6.73670016200289       o
$end
