$coord
   -0.00000604712360     -0.00000623609622     -0.00000888171279      cr
   -3.51776014331067     -0.00000037794523     -0.00000056691784       b
    3.51774597036472     -0.00000037794523     -0.00000056691784       b
   -0.00000037794523     -0.00000037794523     -3.51776071022850       b
   -0.00000037794523     -0.00000037794523      3.51773992324112       b
   -0.00000037794523      3.51774332474815     -0.00000056691784       b
   -0.00000037794523     -3.51775787563931     -0.00000056691784       b
    0.00000850376757      0.00000869274018     -5.94974166926679       f
    0.00000850376757      0.00000869274018      5.94972447275904       f
    0.00000850376757     -5.94973883467760      0.00001228321982       f
   -5.94973505522534      0.00000869274018      0.00001228321982       f
    0.00000850376757      5.94972655145778      0.00001228321982       f
    5.94972314995075      0.00000869274018      0.00001228321982       f
$end
