$coord
   -4.21181951072453     -4.20915008359907     -4.63571607227411       b
   -4.11582709270679     -5.18347643349983    -10.50724764636795       f
   -5.16220548725400     -4.75291915427426     -2.26917973048304       o
   -1.71178176601519     -3.94956407486149     -5.00796074962425       o
   -3.04273118327366     -5.48321099659060      1.96694449280985       o
   -6.03196062944323     -3.91956334980442     -6.65902863877582       n
   -5.48788617902610     -3.01230904929051     -9.18549193568463       n
   -7.89137157986659     -4.24309939139623     -8.40216228402811       b
   -3.98399545179337     -5.12351277790820     -0.09284696888116       b
   -1.23388514658212     -3.65714048420663     -6.74642507059203       h
   -9.89237007130097     -5.00217365233627     -8.99048939599869       h
$end
