$coord
   -0.16058760337136     -3.64971253772353      0.00000000000000      tl
    0.06934161046406      3.06770448094537      0.00000000000000       c
    0.41527355226445      4.18454755019326     -1.70196898516119       h
   -1.84995494986193      2.30392158941740      0.00000000000000       h
    0.41527355226445      4.18454755019326      1.70196898516119       h
   -1.69908734179179     -2.94977914561990     -2.83636931087228       h
    2.72490154766426     -5.21729100382421      0.00000000000000       h
   -1.69908734179179     -2.94977914561990      2.83636931087228       h
    1.78392716313226      1.02584066203823      0.00000000000000       f
$end
