$coord
   -4.21542359639186      0.63761532673173     -2.80421864440176      rb
   -5.42487137163157     -2.08652069287892      5.98756415973160       c
   -4.96430713125272     -1.73567810876774      7.95546277526243       h
   -4.64304254046425     -0.36525987164356      4.24580604612637       c
   -7.17463663277751     -3.09314321816189      5.62303523415354       h
   -3.76612382447692      0.95677211699936      2.64827126353257       n
    2.08652069287892     -5.42487137163157     -5.98756415973160       c
    1.73567810876774     -4.96430713125272     -7.95546277526243       h
    0.36525987164356     -4.64304254046425     -4.24580604612637       c
    3.09314321816189     -7.17463663277751     -5.62303523415354       h
   -0.63761532673173     -4.21542359639186      2.80421864440176      rb
   -0.95677211699936     -3.76612382447692     -2.64827126353257       n
    5.42487137163157      2.08652069287892      5.98756415973160       c
    4.96430713125272      1.73567810876774      7.95546277526243       h
    4.64304254046425      0.36525987164356      4.24580604612637       c
    7.17463663277751      3.09314321816189      5.62303523415354       h
    4.21542359639186     -0.63761532673173     -2.80421864440176      rb
    3.76612382447692     -0.95677211699936      2.64827126353257       n
   -2.08652069287892      5.42487137163157     -5.98756415973160       c
   -1.73567810876774      4.96430713125272     -7.95546277526243       h
   -0.36525987164356      4.64304254046425     -4.24580604612637       c
   -3.09314321816189      7.17463663277751     -5.62303523415354       h
    0.63761532673173      4.21542359639186      2.80421864440176      rb
    0.95677211699936      3.76612382447692     -2.64827126353257       n
$end
