$coord
   -3.38574860047006     -0.53189724423440     -0.00000000000000      tc
   -6.80765918905811     -0.37920605045276     -0.00000000000000       n
    0.41619838423047     -1.70973916104570     -0.00000000000000       c
   -2.49377670410898      3.74781067756336      0.00000000000000       p
   -0.82200951086466     -3.77633798316007      0.00000000000000       o
   -2.89366712981809     -0.77767634697825      4.48005687463912       p
   -2.89366712981809     -0.77767634697825     -4.48005687463912       p
    2.95443184031449     -1.19396902854241     -0.00000000000000       c
    4.08528855159428      1.29753225633837     -0.00000000000000       c
    4.99587103776114     -3.01225632593160      0.00000000000000       c
    6.65542228543714      0.99211188527996     -0.00000000000000       c
    7.21644682331322     -1.68098735598523     -0.00000000000000       c
   -8.98730312877780      0.02856642292751     -0.00000000000000       o
   -4.55701124680140      5.45158340631173     -0.00000000000000       h
   -1.11064268885618      4.84832915869999      2.01193887186772       h
   -1.11064268885618      4.84832915869999     -2.01193887186772       h
   -1.58437113937333      1.14091402269448      5.80567915394866       h
   -1.50576817013881     -2.88890766559738      5.33964056595566       h
   -5.02449585322594     -0.95585843441749      6.08274191681646       h
   -5.02449585322594     -0.95585843441749     -6.08274191681646       h
   -1.50576817013881     -2.88890766559738     -5.33964056595566       h
   -1.58437113937333      1.14091402269448     -5.80567915394866       h
    4.75256067322817     -5.04224019257560     -0.00000000000000       h
    9.09996689965091     -2.48604640144573      0.00000000000000       h
    8.05057647063162      2.49069985203078      0.00000000000000       h
    3.06463537674428      3.07077415206429     -0.00000000000000       h
$end
