$coord
    0.97195587744842     -2.57056950468749      2.52361434580139      rb
   -1.70591114283244      2.81937216923280     -2.90951682975392      rb
    4.49866935417102      5.96029257714557     -6.80158126291935      rb
   -3.67655666425989     -6.50051387599198      7.45528533994184      rb
   -4.67239962480284     -2.90014473303248      4.01877283757890       o
   -3.84015894771990     -0.25749994006718      0.79689712935009       o
    3.04184698041935      0.52746186804428     -1.17129855112773       o
    3.93711248044528      2.08110190321288     -2.82518950213880       n
    6.29669047269553      2.18652103103709     -3.21034441043592       n
   -5.29679934084565     -1.35713270656860      2.31618213252229       c
   -7.35766360005834     -0.92383797007704      2.14343055105108       h
   -0.41319334174505      6.27162438947104     -6.52861637115558       h
    1.02715477758618     -6.23157051039674      6.22246637683996       h
    7.18925271949834      0.89489568062309     -2.03010178555427       h
$end
