$coord
    0.00000000000000      0.00000000000000      2.98021035028845      tl
    0.00000000000000      0.00000000000000     -2.98021035028845      tl
    3.97885029447036      0.00000000000000      4.21613696800439       c
   -3.97885029447036      0.00000000000000      4.21613696800439       c
    3.97885029447036      0.00000000000000     -4.21613696800439       c
   -3.97885029447036      0.00000000000000     -4.21613696800439       c
    4.33764843659900      1.68887204927297      5.34210250115249       h
    5.17250940792812      0.00000000000000      2.53733772590034       h
    4.33764843659900     -1.68887204927297      5.34210250115249       h
   -4.33764843659900      1.68887204927297      5.34210250115249       h
   -4.33764843659900     -1.68887204927297      5.34210250115249       h
   -5.17250940792812      0.00000000000000      2.53733772590034       h
    4.33764843659900      1.68887204927297     -5.34210250115249       h
    4.33764843659900     -1.68887204927297     -5.34210250115249       h
    5.17250940792812      0.00000000000000     -2.53733772590034       h
   -4.33764843659900      1.68887204927297     -5.34210250115249       h
   -5.17250940792812      0.00000000000000     -2.53733772590034       h
   -4.33764843659900     -1.68887204927297     -5.34210250115249       h
    0.00000000000000     -2.46238929802071      0.00000000000000       h
    0.00000000000000      2.46238929802071      0.00000000000000       h
$end
