$coord
   -0.09147880716601      0.30323981608172      0.00004232986522       w
   -0.09577320978713      0.09985879767134      4.38873812727598       n
   -0.09577245389668      0.09998729904791     -4.38849454157835       n
   -6.02710951350541      1.36651066144103     -0.00073340270946       o
    5.91357703553223     -0.28574643236158     -0.00077081928676       o
   -0.92634412486522     -5.58242350792688      0.00033334768861       o
    3.71944910094790     -0.08151239157797     -0.00036868556716       c
   -0.61661480029452     -3.39533990542211      0.00018708288646       c
   -3.85957191523874      0.96766865578657     -0.00029763186483       c
    0.60679181491944      1.64502492294615     -5.27388641156902       h
    0.95796604596571     -1.39610944175112     -4.95937551298194       h
   -1.86953931554038     -0.17663553557779     -5.05754036015402       h
   -1.86956785040489     -0.17672718729490      5.05779792982498       h
    0.60672548553242      1.64497522314903      5.27427493926051       h
    0.95791691308644     -1.39611889038175      4.95964347614659       h
    0.35498732042313      3.75044703448162      0.81781809831740       h
    0.35503267385015      3.75066945524664     -0.81736607582808       h
$end
