$coord
   -0.19203529172304     -4.43591910843413     -0.00000000000000       f
   -0.05249621383249      0.08620231387725      0.00000000000000       c
    1.52107589662173      2.57901034437409      0.00000000000000       c
    1.36983128818947     -2.50487601050950     -0.00000000000000       c
   -2.96730163112238      0.01266040915313      0.00000000000000       c
    2.77733880204162     -2.51840248114613     -2.07900563002141       f
    2.77733880204162     -2.51840248114613      2.07900563002141       f
    0.08874512935227      4.60403840425290      0.00000000000000       f
    2.92598635985904      2.50165950767059      2.08066405366950       f
    2.92598635985904      2.50165950767059     -2.08066405366950       f
   -4.07275078566672      2.22248667661060     -0.00000000000000       f
   -3.55085964126900     -1.26505863567293     -2.09568662048002       f
   -3.55085964126900     -1.26505863567293      2.09568662048002       f
$end
