$coord
    3.46807924346055      2.00229654431027      3.21624545820929      se
    3.46658995030072     -2.00143671892298      5.20412849443942      se
    0.00000000000000      4.00287343784597      5.20412849443942      se
    0.00000000000000     -4.00459308862054      3.21624545820929      se
   -3.46658995030072     -2.00143671892298      5.20412849443942      se
   -3.46807924346055      2.00229654431027      3.21624545820929      se
    3.46658995030072      2.00143671892298     -5.20412849443942      se
    3.46807924346055     -2.00229654431027     -3.21624545820929      se
    0.00000000000000      4.00459308862054     -3.21624545820929      se
    0.00000000000000     -4.00287343784597     -5.20412849443942      se
   -3.46807924346055     -2.00229654431027     -3.21624545820929      se
   -3.46658995030072      2.00143671892298     -5.20412849443942      se
$end
