$coord
    2.02248297673244     -2.02248297673244      2.02248297673244      sn
   -2.02248297673244      2.02248297673244      2.02248297673244      sn
   -2.02248297673244     -2.02248297673244     -2.02248297673244      sn
    2.02248297673244      2.02248297673244     -2.02248297673244      sn
    4.59339206520476     -4.59339206520476      4.59339206520476      cl
   -4.59339206520476      4.59339206520476      4.59339206520476      cl
   -4.59339206520476     -4.59339206520476     -4.59339206520476      cl
    4.59339206520476      4.59339206520476     -4.59339206520476      cl
$end
