$coord
   -0.10251953205662     -5.16056841751112      0.00000000000000       f
   -4.69330679876944      2.65663330163971      0.00000000000000       c
   -6.91510807171416      1.33692624304949      0.00000000000000       c
   -6.92073756584324     -1.34406317170921     -0.00000000000000       c
   -4.70179242496521     -2.66847904985997     -0.00000000000000       c
   -2.35447025150454     -1.36461280949278     -0.00000000000000       c
   -2.34833601152723      1.34759790442772      0.00000000000000       c
   -0.04019296291716     -2.62057902791090      0.00000000000000       c
   -0.03356248085919      2.60187773125108     -0.00000000000000       c
    2.29375902025750      1.36354568114948      0.00000000000000       c
    2.28772569165531     -1.38204080868896     -0.00000000000000       c
    4.66387299155013      2.62806876843833      0.00000000000000       c
    4.67346826492704     -2.62502971088264     -0.00000000000000       c
    6.87239024572018      1.29542729040672      0.00000000000000       c
    6.91326105339870     -1.36021749549653     -0.00000000000000       c
   -4.68326384927330      4.70511437452194      0.00000000000000       h
   -8.69994494900343      2.34904484779705      0.00000000000000       h
   -8.70879245775232     -2.34969264591302      0.00000000000000       h
   -4.69639083180692     -4.71720748789208     -0.00000000000000       h
   -0.09258939921020      5.14440010975047     -0.00000000000000       f
    4.77114405097774      5.15576851315132     -0.00000000000000       f
    4.73808593802156     -5.16006990775911      0.00000000000000       f
    9.08062593069747      2.53494136420008      0.00000000000000       f
    8.69667439999733     -2.36678578563969     -0.00000000000000       h
$end
