$coord
   -2.13577262489845      3.21163906180477     -1.57670697712449      pb
   -1.67471611086380     -1.03715218468269      4.76348744763340      pb
    2.99568777417747     -1.32913509120499     -0.52804900595160      pb
   -2.70964352097845     -3.25600850843280     -2.07083672192433      pb
    3.21417639707403      5.24499873520011      2.19448320309599      cl
    0.40760315391939     -5.66837562206506      4.09426210507577       s
    1.88839481385208      2.53685320012166     -2.76821860581277       f
   -0.12183914710484      5.03372319692614     -9.22231570589191       o
    1.26389456437937     -5.38131072778544      1.23816235269550       o
   -1.09299548142939     -0.33643569007248      0.83178827664840       n
   -0.94907337276241      4.89672485581188     -7.26444681177434       c
    0.29998173926804      0.73818503937165      6.75396356605350       h
   -3.26174628386890      0.23780653719126     -3.86918362923294       h
    3.32297700082795      4.67022209338796     -0.18554200378181       h
   -4.85425326113210     -1.54582053743220      5.56351849879069       h
    2.53139019086427     -5.09067462907307      5.46308881485671       h
    0.87593397970312     -2.92524010701192     -3.41745518130099       h
$end
