$coord
    0.00000000000000     -0.00000000000000      0.00000018897261      cl
   -3.62899112383511     -1.17944893990877      4.99523930231725      si
   -2.24264854259313     -3.08670473227831     -4.99495300880918      si
    0.00000037794523      6.17299277994586     -1.17859100424761      si
    5.87213496364584     -1.90790472432118      1.17932629668320      si
    2.24264873156574      3.08670492125092      4.99495300880918      si
   -5.87213477467323      1.90790491329379     -1.17932629668320      si
   -0.00000000000000     -6.17299277994586      1.17859138219283      si
    3.62899055691727      1.17944856196354     -4.99523968026248      si
    3.62911206630717     -4.99420240959197     -1.17910198619205      si
    3.62911225527978      4.99420240959197      1.17910255310989      si
   -3.62899093486250      1.17944912888138     -4.99523949128986      si
   -0.00000000000000     -3.81644364073021      4.99569472631360      si
    5.87213458570062      1.90790529123902     -1.17932648565581      si
   -3.62911187733456      4.99420240959197      1.17910236413728      si
   -5.87213477467323     -1.90790529123902      1.17932591873797      si
    2.24264835362052     -3.08670529919615     -4.99495263086395      si
    3.62899112383511     -1.17944875093616      4.99523949128986      si
   -0.00000000000000      3.81644382970282     -4.99569434836837      si
   -2.24264835362052      3.08670473227831      4.99495300880918      si
   -3.62911187733456     -4.99420240959197     -1.17910274208250      si
   -5.90514469961320     -1.91799019265515      8.12850027229649      cl
   -3.64843621669809     -5.02403683874996     -8.12755370848002      cl
    0.00000056691784     10.04580147080613     -1.91561669664101      cl
    9.55509061851328     -3.10499954884845      1.91875024050299      cl
    3.64843602772548      5.02403721669519      8.12755351950741      cl
   -9.55509024056805      3.10500049371151     -1.91875042947560      cl
   -0.00000037794523    -10.04580165977874      1.91561707458623      cl
    5.90514280988707      1.91798943676470     -8.12850178407739      cl
    5.90421041901655     -8.12832679543813     -1.91726718343937      cl
    5.90421041901655      8.12832660646552      1.91726869522028      cl
   -5.90514375475014      1.91799075957299     -8.12850083921433      cl
   -0.00000000000000     -6.21093904747192      8.12781808116504      cl
    9.55508986262283      3.10500087165674     -1.91875175228389      cl
   -5.90420985209871      8.12832698441074      1.91726831727505      cl
   -9.55509005159544     -3.10500106062935      1.91875005153037      cl
    3.64843602772548     -5.02403853950347     -8.12755257464434      cl
    5.90514413269536     -1.91799019265515      8.12850083921433      cl
   -0.00000018897261      6.21093980336237     -8.12781694732936      cl
   -3.64843602772548      5.02403702772257      8.12755351950741      cl
   -5.90420947415349     -8.12832717338335     -1.91726888419289      cl
$end
