$coord
   -0.00002173185045     -0.00000377945225     -0.00264353787753      re
    2.62021771227563      0.79679376133100     -3.20720217383376       n
   -2.62457315305062     -0.77827028789963      3.19895748771903       n
    2.62458071195513      0.77827879166719      3.19897544011723       n
   -2.62023679850950     -0.79686519297856     -3.20716494622908       n
   -0.20764461849565      4.20926346716662      0.00695664878730       n
    0.20761343801457     -4.20920110620447      0.00677882555886       n
    3.12205564994305      2.66088008316247     -3.43444174047417       h
    4.28371962139045     -0.13356905511358     -2.98369311553850       h
    1.98514274437496      0.25854798217661     -4.96318028756384       h
   -4.27067881036818      0.18406159233477      2.98121303897086       h
   -3.16165013659614     -2.63366122393534      3.41561345421868       h
   -1.97827718038692     -0.26210558058125      4.95841156368511       h
    3.16163331803362      2.63363079934471      3.41566825627634       h
    1.97834880100709      0.26202696797441      4.95846995622240       h
    4.27066690509358     -0.18408086754125      2.98115332362528       h
   -1.98497474772236     -0.25870293971894     -4.96309902934042       h
   -3.12215051419457     -2.66094168823417     -3.43442756752822       h
   -4.28365688248307      0.13364275443249     -2.98378779081741       h
    0.62255005211077      5.08558862017780      1.53079872651214       h
    0.57781324272387      5.09256605595249     -1.53574111622184       h
   -2.03167328180057      4.80527874090785      0.03377488607574       h
   -0.62262998752590     -5.08539964756521      1.53072162568620       h
   -0.57781380964171     -5.09263635376438     -1.53582823259624       h
    2.03163964467553     -4.80512151569417      0.03371668251106       h
$end
