$coord
    0.00000000000000      0.00000000000000     -2.84806917223561      pb
    0.00000000000000      0.00000000000000      2.31461101422121       p
    1.19839533404712      2.07568179073855      3.46109632748010       h
    1.19839533404712     -2.07568179073855      3.46109632748010       h
   -2.39679085706685      0.00000000000000      3.46109632748010       h
    3.25204291815758      0.00000000000000     -3.28327706745704       h
   -1.62602145907879      2.81635181996576     -3.28327706745704       h
   -1.62602145907879     -2.81635181996576     -3.28327706745704       h
$end
