$coord
   -2.25627157823480     -2.25627157823480      2.25627157823480      si
   -3.88283425487605     -3.88283425487605      3.88283425487605       h
   -2.25627157823480     -2.25627157823480     -2.25627157823480      si
   -3.88283425487605     -3.88283425487605     -3.88283425487605       h
   -2.25627157823480      2.25627157823480     -2.25627157823480      si
   -3.88283425487605      3.88283425487605     -3.88283425487605       h
   -2.25627157823480      2.25627157823480      2.25627157823480      si
   -3.88283425487605      3.88283425487605      3.88283425487605       h
    2.25627157823480      2.25627157823480      2.25627157823480      si
    3.88283425487605      3.88283425487605      3.88283425487605       h
    2.25627157823480     -2.25627157823480      2.25627157823480      si
    3.88283425487605     -3.88283425487605      3.88283425487605       h
    2.25627157823480     -2.25627157823480     -2.25627157823480      si
    3.88283425487605     -3.88283425487605     -3.88283425487605       h
    2.25627157823480      2.25627157823480     -2.25627157823480      si
    3.88283425487605      3.88283425487605     -3.88283425487605       h
$end
