$coord
    0.00000000000000      0.00000000000000      0.00000000000000      he
    3.47589382790902      0.00000000000000      0.00000000000000       c
    1.76584494075129     -1.76584494075129     -1.76584494075129       c
    0.00000000000000      0.00000000000000     -3.47589382790902       c
   -1.76584494075129      1.76584494075129     -1.76584494075129       c
    0.00000000000000      3.47589382790902      0.00000000000000       c
    1.76584494075129      1.76584494075129      1.76584494075129       c
    0.00000000000000     -3.47589382790902      0.00000000000000       c
   -3.47589382790902      0.00000000000000      0.00000000000000       c
    0.00000000000000      0.00000000000000      3.47589382790902       c
   -1.76584494075129     -1.76584494075129      1.76584494075129       c
    4.70662710028573      1.18106087629417     -1.18106087629417       h
    4.70662710028573     -1.18106087629417      1.18106087629417       h
    2.96509783251434     -2.96509783251434     -2.96509783251434       h
   -1.18106087629417     -1.18106087629417     -4.70662710028573       h
    1.18106087629417      1.18106087629417     -4.70662710028573       h
   -2.96509783251434      2.96509783251434     -2.96509783251434       h
   -1.18106087629417      4.70662710028573      1.18106087629417       h
    1.18106087629417      4.70662710028573     -1.18106087629417       h
    2.96509783251434      2.96509783251434      2.96509783251434       h
    1.18106087629417     -4.70662710028573      1.18106087629417       h
   -1.18106087629417     -4.70662710028573     -1.18106087629417       h
   -4.70662710028573      1.18106087629417      1.18106087629417       h
   -4.70662710028573     -1.18106087629417     -1.18106087629417       h
   -1.18106087629417      1.18106087629417      4.70662710028573       h
    1.18106087629417     -1.18106087629417      4.70662710028573       h
   -2.96509783251434     -2.96509783251434      2.96509783251434       h
$end
