$coord
   -0.00000000000000      0.00000000000000      6.34303411620729      li
   -0.00000000000000     -0.00000000000000      2.62198025983327       c
   -2.23996721019308      0.00000000000000      1.17185942184190       c
   -4.07371360112787      0.00000000000000      2.12127370119743       h
   -2.26653071239974     -0.00000000000000     -1.46514151507576       c
   -4.05325183560915      0.00000000000000     -2.48451232177672       h
    0.00000000000000     -0.00000000000000     -2.79879116199554       c
   -0.00000000000000      0.00000000000000     -4.85318197539132       h
    2.26653071239974     -0.00000000000000     -1.46514151507576       c
    4.05325183560915      0.00000000000000     -2.48451232177672       h
    2.23996721019308     -0.00000000000000      1.17185942184190       c
    4.07371360112787      0.00000000000000      2.12127370119743       h
$end
