$coord
    0.03619127887294      0.28119521595994      0.14541310258032      sr
   -2.05087516691114      0.98474573284117      3.74967186882477       f
    2.37492634784487      2.81514579675221     -2.29546827753838       f
   -4.67288528441720     -0.95189794640281      0.25752337267115       o
   -4.36209298890068     -0.19703985342228      1.95943925652820       h
   -6.35811242993852     -0.51039556242860     -0.24941701450884       h
    4.47501773095177     -1.28800236748542     -1.09316687958901       o
    6.19873198361640     -1.56149751640012     -0.59821623776007       h
    4.35909852888156      0.42774650058589     -1.87577900223552       h
$end
