$coord
    1.57638950313534      0.50812694621444      0.61382632042313      ir
   -6.57217871575523      1.04421749272223     -1.77200601483958       h
   -2.85435818078263      0.12253418837395      0.67084351503925       c
   -5.47589019757883     -0.58060304540355     -0.68716545753394       b
    4.43075826638427     -0.07497828555242      1.37867237186953       h
   -6.17207078256903     -2.70792935040964     -0.59673242480601       h
    2.10432966086209      1.69899739082820     -1.96674966204627       h
   -2.87681511914508      2.13719955709613      1.19706232123790       h
    2.41678321461589     -1.86542481484645     -0.80474478400576       h
   -1.69410035454552     -0.32639274057634     -1.09522422442228       h
    4.26207621012521      1.86697987047546      0.72474228360239       h
   -2.54612684211194     -1.19014724642537      2.25920953544275       h
$end
