$coord
   -0.05113939047409     -2.08625140690598     -0.66274244811009       v
    3.96884608435981     -2.58674442648959     -0.73716118575663       c
   -2.97293263703236      2.55740982989190      0.69331594915593       h
   -1.25558411579547      1.49811799186330      0.36885620943378       c
    1.15789907008675      1.55070906994731      0.34262529902528       c
    3.47477492106987      2.84834053690729      0.63806527052231       c
    5.71175352939482      1.65873242934564      0.25585644525548       c
    5.92267946833550     -0.98248732114810     -0.39984185974768       c
    3.43723248801691      4.83699212475283      1.17711531711588       h
   -2.96860743187538     -2.96593857166776     -3.84565257054053       c
   -2.14824443938422     -0.44752834264451     -4.17477445358791       c
    7.85023318696864     -1.70191682872011     -0.58150161017642       h
    0.46306226934469     -0.49766126498394     -4.74526992086181       c
    1.24187698734120     -3.05959661100216     -4.81272804129618       c
   -0.86732325363781     -4.58581936570041     -4.25985786062600       c
   -0.00124873102400     -6.03519810824214      1.29399072060580       c
   -2.53471799857200     -5.19182864503111      1.17138339983078       c
    1.31356355895489     -4.41390190934118      2.98430274118672       c
   -2.76119884017286     -3.00094196869795      2.69322822601314       c
   -0.38035972825263     -2.57813936960266      3.85682482036951       c
    0.10641841499960     -0.98315987467631      5.03230136698901       h
   -4.46078242404531     -1.90858956106921      2.98940859220631       h
    3.28535028598977     -4.54958141059217      3.48705436143602       h
   -4.03508835500477     -6.06819896249670      0.10234964567790       h
    0.79884127958842     -7.63424145920224      0.30697901716705       h
   -0.87322902572649     -6.62339010479472     -4.12174495904268       h
    3.12317852520707     -3.71891638715301     -5.24087894327301       h
    1.68617163063905      1.12118906139226     -4.96811360658813       h
   -3.31549557509548      1.21804451733170     -4.01971278735393       h
   -4.87627990885568     -3.54021991626231     -3.39870475176190       h
    7.45402564850631      2.72670170077180      0.48731029012928       h
    4.52738468751725     -4.54324534786461     -1.14016871471042       h
$end
