$coord
    0.00000000000000      0.00000000000000      6.71982264002718      xe
    2.27837608267477      1.31542115973666     -0.56173961024212       c
    4.05621738281854      2.34185821934023     -0.55823095574415       h
    2.27837608267477     -1.31542115973666     -0.56173961024212       c
    4.05621738281854     -2.34185821934023     -0.55823095574415       h
    0.00000000000000     -2.63084213050071     -0.56173961024212       c
    0.00000000000000     -4.68371643868045     -0.55823095574415       h
   -2.27837608267477     -1.31542115973666     -0.56173961024212       c
   -4.05621738281854     -2.34185821934023     -0.55823095574415       h
   -2.27837608267477      1.31542115973666     -0.56173961024212       c
   -4.05621738281854      2.34185821934023     -0.55823095574415       h
    0.00000000000000      2.63084213050071     -0.56173961024212       c
    0.00000000000000      4.68371643868045     -0.55823095574415       h
$end
