$coord
   -0.00000000000000     -0.00000000000000     -0.34770412696127      rh
   -0.00000000000000      4.31705420127885      0.02695826599436       p
    0.00000000000000     -4.31705420127885      0.02695826599436       p
   -0.00000000000000     -0.00000000000000     -5.97325931090371       o
    2.03242633766174     -5.35942486465824      1.39720604982199       h
   -0.00000000000000     -0.00000000000000     -3.78753253175733       c
    2.03242633766174      5.35942486465824      1.39720604982199       h
   -2.03242633766174      5.35942486465824      1.39720604982199       h
    0.00000000000000      5.95506805132527     -2.08118448424458       h
    0.00000000000000     -5.95506805132527     -2.08118448424458       h
   -2.03242633766174     -5.35942486465824      1.39720604982199       h
    0.00000000000000      0.00000000000000      4.14341312572018      cl
$end
