$coord
    1.59081170395565      0.78017475388932     -1.78250684497603      nb
   -1.24383077518277     -0.97964025976681      2.01013323855441      nb
    4.69410766470159     -0.53674042332249     -4.06230834806757       c
   -4.02947511252037     -0.33063441983855      4.95358312446080       c
    6.38179409980317     -1.01568810842679     -5.39459077813525       n
   -5.42888685067652     -0.49240121231248      6.64828138835256       n
   -0.41952430221207      4.67312622449825     -2.13753932985356       s
   -2.63222767769623      3.17477919782849      0.98824947405122       s
    2.92125883200986      0.55258180846336      2.47215974900950       s
   -2.35499219386051     -1.73629094695038     -2.53586392849475       s
    0.52096461167818     -4.08926642508932     -1.15959755592872       s
$end
