$coord
   -1.28286722571087     -1.78551528896847      5.05952192696964      hg
    4.52023528666511      2.65008199910642      1.52052012816810      hg
    1.51170625654425      0.35706847580559     -2.88024535000883       o
   -3.06371867060060     -1.33796578139135     -0.23114695335095       n
   -1.06544988855509     -1.28377032582644      1.20479224595593       n
   -2.84552390011663     -0.75045351932626     -2.65936452280949       c
   -0.59385682856021      0.09222808357493     -3.89423705129239       c
    0.58984229437833     -0.78541118498421      0.32679033895323       h
   -1.47155543451970     -2.17635373756187      8.05287173198415       h
   -4.58232941949109     -0.86817249655879     -3.74900592933800       h
   -0.81374271495427      0.56425899311318     -5.92724693638182       h
    3.48930408038891      0.49803486383903      3.57734434189621       h
    5.60795635350447      4.82596991917825     -0.40059434869101       h
$end
