$coord
   -0.00000018897261      0.00000000000000      3.80445257257087       y
    0.00000018897261      3.66299712341605      0.00000000000000      br
    4.16016630371680     -0.00000000000000      6.36830032142851      br
   -4.16016630371680     -0.00000000000000      6.36830258909987      br
   -0.00000037794523      0.00000000000000     -3.80445238359826       y
    4.16016611474419     -0.00000000000000     -6.36830051040113      br
    0.00000018897261     -3.66299693444343      0.00000000000000      br
   -4.16016611474419     -0.00000000000000     -6.36830277807248      br
$end
