$coord
    3.52929616541888      3.23722104026164      3.88925270966270       b
   -0.25751335712268      3.80051268257097     10.36012075116405       f
    3.73909733936942      1.60838880254317     -5.23725255883740       f
    5.56003875710244      3.81884926208849     -0.06559995273476       o
    4.75224112054028      1.04889040748638      2.88005221999876       n
    0.11217659947785      1.98475686230005     -2.12197554548059       n
    0.95377425547322      3.60919586472100      8.29364457227524       c
    5.88049794661605      1.42153287218602      0.55503032660470       c
    2.10725174437058      3.41014647653643      6.33412443546886       c
    4.06672426007859      5.28369730269690      1.82643938692374       c
    1.88822379363769      1.70390123012493     -3.65441738885920       b
    5.21396716454135      6.90802008696111      2.40317775342720       h
   -1.57678086541601      1.58637424906680     -1.40967673047208       h
    2.38279573435099      5.97489543578352      0.83785221881382       h
    4.83373404793916     -0.71021142352983      3.60958741597429       h
$end
