$coord
   -2.11243658594223      0.65624575866183      0.41165831721298      cr
   -7.28542579533372      4.69246303605422      4.39197522812966       o
   -3.45212957701266      2.98827513447599      2.75347269490708       n
   -0.44591281577947     -1.79815906853170      2.12618264275470       n
   -0.23957343111899      2.37475230406868     -1.87197932991416       n
   -4.11739594333652     -0.71429587757837     -1.13350931984273       n
    1.88875027133636      3.82125129296713     -0.89403358756445       c
   -5.43584690097085      3.80490024869010      3.53346452330741       c
   -0.39028589267418      2.38285431586089     -4.60852026770572       c
    1.79148720147157      5.78535231487533     -1.57204558968971       h
    1.59175732290906     -1.36092557587591      3.92327382705264       c
    1.34743141955603      1.60210432933885     -5.44948958976423       h
    0.90515594862370     -2.31947120084443      6.56197967488109       c
    3.34512553588665     -2.27647993148003      3.26941876091269       h
   -2.00633073164386      1.26394993335486     -5.23040475827495       h
   -0.87831994790969     -3.65097260710428      1.91901650291413       h
    3.70428329289704      3.01278318157550     -1.51217037328078       h
    1.97753357315638      0.67415809466409      4.02360789084465       h
   -0.78453983226755     -1.35437351745216      7.25906468279514       h
    2.46162547072062     -1.97236422733895      7.88115099611462       h
    0.52978849885050     -4.35478900845143      6.53574592988340       h
    1.85699096714652      3.88393558726223      1.17371929029502       h
   -0.60496048133082      4.32929924862951     -5.31325224136087       h
$end
