$coord
    0.00000000000000      0.00000000000000     -0.00000000000000      tc
   -4.28889104590661     -0.00000018897261      0.00000000000000       o
    4.28889104590661      0.00000018897261     -0.00000000000000       o
    0.00000018897261      0.00000000000000     -4.28889104590661       o
   -0.00000037794523      0.00000000000000      4.28889104590661       o
    0.00000000000000      4.28889104590661      0.00000000000000       o
   -0.00000000000000     -4.28889104590661      0.00000000000000       o
   -5.36262681660597      1.46697152585609     -0.00000000000000       h
   -5.36262662763336     -1.46697114791086     -0.00000000000000       h
    5.36262681660597      1.46697114791086      0.00000000000000       h
    5.36262681660597     -1.46697133688348      0.00000000000000       h
   -1.46697133688348     -0.00000000000000     -5.36262681660597       h
    1.46697114791086     -0.00000000000000     -5.36262681660597       h
   -1.46697114791086      0.00000000000000      5.36262662763336       h
    1.46697152585609     -0.00000000000000      5.36262700557859       h
   -0.00000000000000      5.36262681660597     -1.46697133688348       h
   -0.00000000000000      5.36262681660597      1.46697133688348       h
    0.00000000000000     -5.36262681660597      1.46697133688348       h
    0.00000000000000     -5.36262681660597     -1.46697133688348       h
$end
