$coord
   -0.00012491089692     -0.00000000000000     -0.00000000000000      nb
    1.68319172151111     -2.85127962795092     -2.67967454332029       c
    0.91706802623098     -4.74805424333572     -2.32146807444168       h
    3.74029655956892     -2.93287289980707     -2.39481306970348       h
    1.31777065622900     -2.35390919181775     -4.65780923835732       h
    1.68319172151111      2.85127962795092      2.67967454332029       c
    1.31777065622900      2.35390919181775      4.65780923835732       h
    0.91706802623098      4.74805424333572      2.32146807444168       h
    3.74029655956892      2.93287289980707      2.39481306970348       h
   -3.31134800419434      0.03156900876897      2.68048296815696       c
   -4.57157593297161     -1.57997771510321      2.32287195198062       h
   -4.41033694100465      1.77249620979664      2.39566004495311       h
   -2.69753736849805     -0.03606032085241      4.65854793229994       h
    1.62831464173258     -2.88308768707481      2.67980814695740       c
    3.65406306521059     -3.16834392447933      2.32201193762072       h
    0.67013524568726     -4.70520602623905      2.39463808106422       h
    1.38002088043298     -2.31816804570801      4.65797780192775       h
   -3.31134800419434     -0.03156900876897     -2.68048296815696       c
   -4.57157593297161      1.57997771510321     -2.32287195198062       h
   -4.41033694100465     -1.77249620979664     -2.39566004495311       h
   -2.69753736849805      0.03606032085241     -4.65854793229994       h
    1.62831464173258      2.88308768707481     -2.67980814695740       c
    3.65406306521059      3.16834392447933     -2.32201193762072       h
    0.67013524568726      4.70520602623905     -2.39463808106422       h
    1.38002088043298      2.31816804570801     -4.65797780192775       h
$end
