$coord
   -2.52342045990087      2.71705124739201      3.50292560424968      te
   -0.99917681537428      3.30991653665396      0.81035972724367       h
   -5.18247846913274      3.83003436205513      2.25887902234333       h
   -2.71705124739201     -2.52342045990087     -3.50292560424968      te
   -3.30991653665396     -0.99917681537428     -0.81035972724367       h
   -3.83003436205513     -5.18247846913274     -2.25887902234333       h
    2.52342045990087     -2.71705124739201      3.50292560424968      te
    0.99917681537428     -3.30991653665396      0.81035972724367       h
    5.18247846913274     -3.83003436205513      2.25887902234333       h
    2.71705124739201      2.52342045990087     -3.50292560424968      te
    3.30991653665396      0.99917681537428     -0.81035972724367       h
    3.83003436205513      5.18247846913274     -2.25887902234333       h
$end
