$coord
    2.66872169069453      1.18190085955713      0.35075263314758      pd
    6.65527620960761      1.15397221919712     -0.01360565016131       c
    5.68251436396649      3.55749692634103     -0.65975365726936       c
    4.18647091344421      4.79924711305918      1.17157312833382       c
    0.92561393469017     -2.49765650081808      0.00939174987315       o
   -1.19479446091420     -1.52336416598759      0.58627297967172       c
   -1.33906049973609      0.83005917724319      1.06237435928518       o
    7.44978226849058     -0.03930573650104     -1.48370051535830       h
    7.30544120754150      0.77693179488465      1.90290072953977       h
    5.64421244998353      4.17055242747740     -2.62309841078197       h
    4.66491555345380      4.66237424975968      3.16920752931887       h
    3.06952617693074      6.43303402370716      0.62444884892208       h
   -3.52156529583779     -3.17005072511625      0.76561063463694       c
   -5.83681938385965     -1.93155200117034     -0.30306123696282       c
   -3.12990935172233     -4.98526702857822     -0.14125362640458       h
   -3.79948391566802     -3.53161750499195      2.79616860007800       h
   -7.30240517354761     -2.97797933962420     -2.05284048208209       c
   -6.27221814141980     -0.06211491981336      0.43563213873669       h
   -8.96560056908481     -2.01160590212433     -2.76570356931179       h
   -6.89061797701285     -4.83505515547378     -2.83131637218421       h
$end
