$coord
    1.99787817565529     -2.60208805776890      0.17890679740852      pd
    2.42713815789542      3.48933563881521     -0.20755221088809       f
   -3.43200588349787      3.08263161658653      0.20304804866699       c
   -5.68324757770334      3.38134988496679      0.32503591721794       c
    3.76211042413072      1.20438708867454     -0.68001643462701       b
    4.02660575237079     -0.04185044170219      1.44383485300615       h
   -1.41824815023397      2.83815850356829      0.09451049478980       h
    5.84976003939726      1.58909715544162     -1.56162960825632       h
    0.37043734328332     -4.79086825638951     -0.86712218677801       h
   -7.67514665989626      3.60814442110455      0.43349183492649       h
    1.64004114823429     -4.68846380865396      2.19328247111559       h
    2.47587835208006     -0.16849516234522     -2.29500794025411       h
$end
