$coord
   -3.39436990900168      0.14235571468121     -0.92294431859210      ti
   -5.88894540034408      2.37071320344716      1.02756314740199       c
   -5.38523304333237      2.50609242721675      3.03086597087431       h
   -7.82632682866762      1.67679103015004      0.82809480693531       h
   -5.71080167434520      4.23952686415520      0.12323830032846       h
   -4.90661152495740     -0.21541800691457     -4.75936576598018      cl
    0.04402665030879      3.05143771845356     -0.16383358593783      cl
   -4.88743628498520     -2.02455600629256      0.82544106453670       h
    4.88616317649418      2.02255497529784      0.83234687969122       h
    3.39336457470270     -0.14359575296503     -0.91779708257035      ti
   -0.04570000279328     -3.05402456454731     -0.17009481551080      cl
    4.89751079290764      0.21881592346156     -4.75684184776642      cl
    5.89082454400368     -2.37093638010263      1.03095463888016       c
    5.70254640576418     -4.24552031953613      0.14090723960570       h
    5.40253688752208     -2.49133328822818      3.03898385636598       h
    7.82845144775098     -1.68290410519474      0.81248132276522       h
$end
