$coord
   -7.96096565774107     -1.37896244482986      1.38055264936481       s
   -0.91566566047294     -1.30880220500806      5.61966207301880       h
   -1.84790176242613     -2.15893329727019      4.28829786087569       o
   -0.96199418617570     -1.05958323379721      1.99391863250367       c
   -1.40148382285320     -3.07725780240228     -0.05119910581967       c
    1.85876258538956     -0.34229837640550      2.29097658750971       c
   -2.08149439932923      0.63477469041927      1.56772057350535       h
   -4.00040129812805     -2.97648570009429     -1.28648680713244       c
    0.39270379725228     -2.73571569439238     -2.11214613503668       o
   -1.10508651610078     -4.91863717510484      0.85954986521888       h
    2.79329016924302      1.63718350438669      0.37061176500475       c
    2.09686713239088      0.67113472183525      4.78212846202980       o
    3.00093006342335     -2.07150851956209      2.10439164387902       h
   -5.90549921223442     -3.57905378814971      0.57463245570874       o
   -4.12705792404567     -4.40891548901274     -2.77190678429270       h
   -4.31069111546770     -1.09800760203313     -2.10023651407337       h
   -8.18315738795396     -2.18464094251443      4.66698026821896       c
  -10.35264877406221     -1.89613758870776      0.10775766390503       o
   -6.76827710762158      1.11391210402661      1.08576973564175       o
   -8.85573189212453     -4.13115636206754      4.79584749575867       h
   -6.29876482506394     -1.97308118943112      5.48020633205041       h
   -9.54836130377892     -0.87816139988772      5.49996549739551       h
    1.85236170505588     -5.37953230652835     -3.00502056459549       s
    1.22305077978445      4.04837501939602      0.23732276730303       c
    5.28093849152568      2.60050408933016      1.14459086281766       o
    2.96274021019966      0.81480700870838     -1.51739716677242       h
    3.81545266834978      0.37098215132542      5.33067324857039       h
    3.92896813878784     -3.92459417869681     -5.25724359357815       c
    0.01368898708346     -6.99849922900651     -4.28565980320392       o
    3.28199186471881     -6.35090803805611     -0.84941318530690       o
    2.78158804020834     -2.92544022900865     -6.65043643202655       h
    4.97016093587294     -5.47311362298204     -6.14273939850575       h
    5.21183101812862     -2.67036518550623     -4.23784840941017       h
   -0.81173318019198      3.55377832327047     -1.52950879945859       o
    2.41668154735032      5.58391147827842     -0.47618301578210       h
    0.45697149306828      4.56402118586545      2.09104375236128       h
   -2.35098616344620      6.15815219376126     -2.39874955819636       s
   -4.98496259369934      4.60018185117515     -3.85831789298159       c
   -0.82354793690376      7.45325407332910     -4.30451794713219       o
   -3.14501317675626      7.50179414551701     -0.11912550038804       o
   -4.26427604030838      3.37162214178845     -5.35156870623500       h
   -6.15284640971755      6.10287997224981     -4.66072735344095       h
   -6.00944114114601      3.55301714158695     -2.40295268704560       h
    7.61963633289294      0.57657414930311      1.31410553240780       s
   10.13876579167971      2.85099994848428      1.24232787599484       c
    7.65638829350743     -0.97978954813076     -0.97467103594612       o
    7.55848951977388     -0.64211608744581      3.80512569301692       o
   10.09265477345405      3.82463862704782     -0.57468744673900       h
   11.88811758074930      1.77688925612154      1.46841641045196       h
    9.87495832374947      4.15830908088026      2.81616794961371       h
$end
