$coord
   -0.00374732690768      3.08633661362898     -0.00000000000000      pt
    3.04698174424866      0.08792498821362     -0.00000000000000      si
   -3.02627903864889      0.07210344519707      0.00000000000000      si
    4.65007496726920      0.43384483576681     -2.29148265616623       h
    4.65007496726920      0.43384464679420      2.29148265616623       h
    2.06696637384586     -2.54865378388750     -0.00000000000000       h
   -5.42485323026077      1.56927203865472      0.00000000000000       h
   -2.97960903943519     -1.56733639218395     -2.28122919117966       h
   -2.97960903943519     -1.56733639218395      2.28122919117966       h
$end
