$coord
    0.00000000000000      0.00000000000000      0.00000000000000      cl
    7.66221356326316     -2.27005524059717      0.00000000000000       c
    8.98731938042248      0.00000000000000     -0.00000000000000       c
    7.66221356326316      2.27005524059717      0.00000000000000       c
    5.04432985172563      2.21052300948009      0.00000000000000       c
    3.82343978479354      0.00000000000000     -0.00000000000000       n
    5.04432985172563     -2.21052300948009      0.00000000000000       c
   -5.04432985172563     -2.21052300948009     -0.00000000000000       c
   -3.82343978479354     -0.00000000000000     -0.00000000000000       n
   -5.04432985172563      2.21052300948009     -0.00000000000000       c
   -7.66221356326316     -2.27005524059717     -0.00000000000000       c
   -8.98731938042248      0.00000000000000      0.00000000000000       c
   -7.66221356326316      2.27005524059717     -0.00000000000000       c
    8.63123866446290     -4.07599733515103      0.00000000000000       h
   11.03869343503087     -0.00000000000000      0.00000000000000       h
    8.63123866446290      4.07599733515103      0.00000000000000       h
    3.89009174806260      3.90750954273771     -0.00000000000000       h
    3.89009174806260     -3.90750954273771      0.00000000000000       h
   -3.89009174806260     -3.90750954273771      0.00000000000000       h
   -3.89009174806260      3.90750954273771     -0.00000000000000       h
   -8.63123866446290     -4.07599733515103      0.00000000000000       h
  -11.03869343503087     -0.00000000000000      0.00000000000000       h
   -8.63123866446290      4.07599733515103      0.00000000000000       h
$end
