$coord
    0.00000000000000      0.00000000000000     -2.69090896513881      sn
    0.00000000000000      0.00000000000000      2.25638609563803       p
    1.20524407947263      2.08754397957610      3.37033278165275       h
    1.20524407947263     -2.08754397957610      3.37033278165275       h
   -2.41048815894527      0.00000000000000      3.37033278165275       h
    3.14294468253884      0.00000000000000     -3.22549188814335       h
   -1.57147224678311      2.72186986004046     -3.22549188814335       h
   -1.57147224678311     -2.72186986004046     -3.22549188814335       h
$end
