$coord
    0.00009297452539      2.89344074062821      0.46763257198020      ir
   -0.00008106925080     -2.89349214117883      0.46804906761835      ir
    0.00032843440068      0.00056861859129      4.18567779538917      cl
    0.00007180959278     -0.00049983256030     -2.74638471015403      cl
    4.11518401890614      3.25005889469799      0.48918111899393       c
   -4.11510200479228      3.24997461291278      0.48926672358743       c
   -4.11518042842650     -3.25003848565583      0.48926124338167       c
    4.11502414807589     -3.24997253421404      0.48935591866058       c
   -2.98231342649397     -5.42119509842623     -0.60041928047765       c
   -5.06728586675794     -1.92260131337497     -0.75155277301370       h
   -3.07673434826541     -5.72442338717859     -2.63277380854661       h
   -2.80930144076261     -7.16241558494865      0.49061787776746       h
    2.98226882895740     -5.42114161917687     -0.60037317116018       c
    5.06704190311508     -1.92244730069571     -0.75136720190814       h
    3.07675437936234     -5.72434288484562     -2.63273903758590       h
    2.80932260569522     -7.16236853076812      0.49062392489106       h
   -2.98242907773288      5.42128637219812     -0.60023975649569       c
   -5.06689752803906      1.92245561549067     -0.75161740164721       h
   -3.07666915271406      5.72462086355874     -2.63258162339961       h
   -2.80891064539978      7.16231750816272      0.49107840402434       h
    2.98244079403486      5.42132492261108     -0.60041720177891       c
    5.06707516229490      1.92246052877859     -0.75161154349622       h
    3.07670543545568      5.72444096163156     -2.63281802813796       h
    2.80889174813852      7.16246774138973      0.49069478962078       h
    4.84496091085317      3.31295540523703      2.41076273615136       h
   -4.84495372989389      3.31276170830913      2.41085419889586       h
   -4.84491876996057     -3.31316932223449      2.41083019937406       h
    4.84461471302691     -3.31302645893937      2.41100896746557       h
$end
