$coord
   -0.59843204448365     -0.71093405480038     -2.88791121301119      nb
   -0.59769316156842     -0.70973445665565      2.88803876952469      nb
    1.03552872096792     -2.15740545369739      0.00018651596863       o
   -3.41157454256978      1.28431381106026      0.00009448630630       s
   -2.61449883410080     -3.46912029358331     -5.09354890251058       s
   -2.61441493026081     -3.46736152547793      5.09360275970517       s
    1.57923977705104      1.63599826816052      5.38389398339955       c
    1.57786103286958      1.63503280708280     -5.38416572601646       c
    2.82704918161930      2.98145832542200     -6.59645697215783       n
    2.82803731941054      2.98271820583014      6.59626629879172       n
$end
