$coord
   -0.17730034122888     -0.29165636184774     -0.00000000000000       p
    3.01121886628847      3.32669768259725     -0.00000000000000       c
    3.84454462411291      1.02793296680483     -0.00000000000000       o
    4.14710621748804      5.32824098207373      0.00000000000000       o
    0.08739340825441      3.13721937929518      0.00000000000000       c
   -0.79697252942251      3.98065479394799      1.67381263280300       h
   -0.79697252942251      3.98065479394799     -1.67381263280300       h
   -3.64345811116461     -0.83197913898711      0.00000000000000       c
    0.76866783356344     -1.89391470386586     -2.89725496384074       c
    0.76866783356344     -1.89391470386586      2.89725496384074       c
   -0.64561680509405     -3.29307132899501      3.46047838703692       h
    2.61585679129487     -2.76551837615146      2.62323503798087       h
    0.96448975849757     -0.47547531334795      4.38913043441972       h
   -0.64561680509405     -3.29307132899501     -3.46047838703692       h
    0.96448975849757     -0.47547531334795     -4.38913043441972       h
    2.61585679129487     -2.76551837615146     -2.62323503798087       h
   -4.08434123188736     -2.85382149856287     -0.00000000000000       h
   -4.50110010888678      0.02652249514973      1.67656218431620       h
   -4.50110010888678      0.02652249514973     -1.67656218431620       h
$end
