$coord
   -3.44351242587852     -1.46504929644081     -0.00000774787712      os
    3.27966032062466      0.83280476033152     -0.00000472431531      os
   -2.25605161411374     -5.82506736605525     -0.00000075589045      cl
    0.84650073940165      4.68296565049063     -0.00000151178090      cl
    0.11502384983175     -0.83661388128352      3.02312565266259      cl
    0.11501950346167     -0.83661199155739     -3.02312716444349      cl
   -5.31214883027595      2.01920184526003     -1.33381273028445       c
   -6.25684257376896     -0.13774837341363     -2.68039150541246       c
   -6.03361905309133     -0.23717650250088     -4.71687791965572       h
   -7.23344698851450     -2.25667560168052     -1.35647375906849       c
   -7.74864510091948     -3.95810204647096     -2.37543241650139       h
   -7.23351218406584     -2.25665632647403      1.35649038865840       c
   -6.25676415013474     -0.13777426266156      2.68035975801355       c
   -6.03361168315944     -0.23718179373404      4.71688472266977       h
   -5.31220703384063      2.01922584478183      1.33381783254499       c
   -4.33520634352649      3.51643865783082      2.33577349018742       h
   -4.33521654804757      3.51645113002325     -2.33578256087282       h
   -7.74862544776777     -3.95811111715636      2.37542920396698       h
    6.13976326883006     -1.88288852986641     -1.33485037890018       c
    6.37119405904512      0.46059447599687     -2.68425996376481       c
    6.64004350525189      2.77382202172131     -1.35622450419249       c
    6.13340963164953      0.48399741125795     -4.72093005938750       h
    6.59776579647263      4.55174174549931     -2.37384183402122       h
    6.64003103305946      2.77385830446292      1.35621543350708       c
    6.37119443699034      0.46059787750390      2.68432667109705       c
    6.59776957592488      4.55173172995084      2.37384258991167       h
    6.13341114343043      0.48400081276498      4.72090039068733       h
    6.13975098561024     -1.88293728480046      1.33485056787279       c
    5.70943256776698     -3.60943170254152     -2.35209656651778       h
    5.70943899283581     -3.60940619123882      2.35209902316175       h
$end
