$coord
    4.32068531002979     -2.81713416658189      0.00000000000000      at
    0.47488704160495      1.54250841445132      0.00000000000000       c
    0.49136280780629     -1.09338627679223      0.00000000000000       c
   -1.65187140070031     -2.55979069583793      0.00000000000000       c
   -3.96542908157894     -1.27938294867992      0.00000000000000       c
   -4.07315537603028      1.35068533897223      0.00000000000000       c
   -1.87197120409182      2.77142528207582      0.00000000000000       c
    2.88371526512122      2.87640996186369      0.00000000000000       c
   -1.56902353966916     -4.60657706233045      0.00000000000000       h
   -5.69691086451149     -2.38045096217397      0.00000000000000       h
   -5.89200505591454      2.29633339415882      0.00000000000000       h
   -1.93195564667083      4.82074841691975      0.00000000000000       h
    2.50402279916365     -6.37744791868620      0.00000000000000       o
    3.78109933710691     -7.69353785249882      0.00000000000000       h
    4.94233415175111      1.72594186182184      0.00000000000000       o
    2.77746994903476      5.35990976838214      0.00000000000000       o
    4.47674531857608      6.06374563390839      0.00000000000000       h
$end
