$coord
   -5.19427092707624      1.50418155608350     -0.07764355528040      pd
   -0.17764918467173      0.78367792818152     -0.81787800263559      pd
    9.35752220869358     -1.67188908057944     -0.18747443771816       s
   -8.98611316823632      0.24819625143150     -1.51962118545000       p
    3.94126269696299      0.39348501003273     -1.55388494367451       p
    6.00055111355929     -4.17869733605268     -2.69288221715949       f
    4.97821457067633     -3.63433054500386      1.28133805932979       f
   -9.58869712999120      4.15811840751415      2.39119027574750       f
   -6.84853585488762      4.03689115372888      2.43961469669650       c
    5.96868844135036     -2.42245692833632     -0.76567545224306       c
    3.15455345910290      2.54482179724939      1.14378546154280       b
  -10.76108302953177     -0.73972497719165      0.22162292264899       h
    5.37957614817447      1.34235788285319     -3.58910920983828       h
    3.32831188665400      1.73332351001486      3.25992080843127       h
  -10.61291697393123      2.07868229788127     -2.59787359056290       h
   -6.36597652521149      3.54130688672993      4.39652360994210       h
   -6.21759390699692      5.97457304850644      2.04763012920774       h
    3.22114268346458      4.78532115431952      0.76866802253605       h
   -9.31955496520752     -1.62364361669456     -3.40922788066663       h
    8.79948438295950      0.41086009689739      1.15701694593118       h
   -3.47569843022760     -0.43791001460886     -1.97768229460248       h
   -2.38681801640999      2.51841627614685      1.09507493605834       h
$end
