$coord
    0.00009675397765      2.29641767594404      2.36290825660194      re
   -0.00003609376900     -2.30008336668307      2.35782357051496      re
   -2.48231589310057      2.30772749783498     -1.39252727690685       c
   -0.00018613802340      3.24538900349565     -1.74302290730131       c
    2.48200730082421      2.30774393845228     -1.39183695995306       c
    3.47021973624337      0.00268511185230     -2.14699136199013       o
    2.48214827439321     -2.30384845701633     -1.39677613712834       c
    0.00010053342990     -3.24085082620428     -1.74968249114162       c
   -2.48198632486422     -2.30385696078390     -1.39619939271472       c
   -3.47027434932841      0.00259081451862     -2.14703973897895       o
   -3.96799986500063      3.71547066053503     -1.53425220100723       h
   -0.00028308097366      5.31986458204803     -1.58851096239736       h
    3.96757127511527      3.71559783910330     -1.53363558337235       h
    3.96771205971165     -3.71152396752107     -1.54032313515932       h
    0.00016421720034     -5.31573439662725     -1.60079512707882       h
   -3.96749776476897     -3.71153719560395     -1.53994367815324       h
    2.47550475322496      2.97683208689317      4.98518671521787       c
    3.90142405769444      3.49938369057189      6.55601078593980       o
   -2.47552062692442      2.97734533650896      4.98498961678294       c
   -3.90143369529769      3.50020269787486      6.55573942126812       o
   -2.47629125723857     -2.98317192907297      4.97855358754332       c
   -3.90317847942974     -3.50604365235743      6.54833585225204       o
    2.47658529862376     -2.98377947602245      4.97820890149796       c
    3.90347119800664     -3.50682070774040      6.54791614407947       o
$end
