$coord
   -1.07308513799421     -1.10840941052058     -2.91655190217545      ru
   -0.38200908121532      2.75869722072738      0.63975884307635      ru
   -5.07033569575254      1.89044951306878      1.36786748479943       s
    1.44555771631514     -0.39098584723122      3.96955624343792       s
    1.10284000968230      2.08417138535919      7.12973768488900       p
   -2.00493157842024     -6.34243941939547     -2.00697777386937       f
   -0.89891115966803     -4.31147648564562     -5.46696124163392       f
   -0.03146356205114      5.91362900300069      3.33010882722712       f
   -3.06492318203326      0.53431118038763     -0.52050427439391       c
   -3.03847873257253     -5.03405427694340     -3.93387991493430       c
    3.65310591892782      1.62858147106156      1.87550423605681       b
    3.22778166929012      1.43578764327158      8.62066545781584       h
   -0.74045025407877      0.78090966837968      8.55959158812524       h
    2.56944511764258      3.31050291867083     -0.12545022475884       h
    0.40116391214536      5.14191304119616      4.96937140829754       h
   -0.99558085552929      4.83795305048786     -1.38491791671566       h
    4.88295593331329      0.26998158112881      0.54186706132946       h
    4.74613673823576      3.24204059777315      3.05025078147387       h
   -3.97122978489503     -3.08242506952097     -3.31471965354818       h
    1.76977972849065      0.14105350440785     -3.71405997998204       h
   -2.35986768726535      0.60058538740412     -4.87410407819431       h
    1.17097710871371      1.37282631512643     -2.50956744458968       h
$end
