$coord
   -2.62881143080581      2.62881634409374      2.62881577717590       b
    0.00001171630198      0.00001001554847      0.00000736993189       i
    2.62881143080581      2.62881105286058     -2.62880727340833       b
    2.62881483231284     -2.62880991902491      2.62881388744977       b
   -2.62883259573842     -2.62883297368364     -2.62883354060148       b
   -1.02570592456545      3.76684475499396      3.76684381013089       h
   -3.76683738506207      1.02570724737374      3.76684305424044       h
   -3.76683738506207      3.76684399910351      1.02570724737374       h
    3.76684362115828     -3.76683700711684      1.02570724737374       h
    1.02570743634635     -3.76683700711684      3.76684229834999       h
    3.76684418807612     -1.02570611353806      3.76684286526783       h
   -3.76684740061053     -1.02570611353806     -3.76684872341882       h
   -3.76684721163792     -3.76684777855576     -1.02570630251068       h
   -1.02570592456545     -3.76684796752837     -3.76684872341882       h
    1.02570743634635      3.76684154245954     -3.76683625122639       h
    3.76684267629522      3.76684229834999     -1.02570630251068       h
    3.76684210937738      1.02570724737374     -3.76683644019900       h
$end
