$coord
   -2.59357673129781     -0.27169140532753      0.24933670114849      mn
    2.58571339191529      0.36235687436894     -0.23253684691656      mn
   -0.29297142225876      2.75292467433057      0.46727427990673       c
   -0.52154570246190      3.66501176043888      2.30686370402283       h
   -0.32080954473735      4.24331841065422     -0.96330792377843       h
   -4.19113475752295      0.78340297303020      3.93777539637024       c
   -2.52616415326308     -1.28317903052165      4.28385435886323       c
   -3.44257115329521     -3.33912206495725      2.81783034168667       c
   -0.83913685463422     -1.28512620432178      5.43620368126342       h
   -5.69140080107357     -2.53973975677898      1.56791030200839       c
   -6.13590822753320      0.01713301294793      2.25092535405199       c
   -7.68028142372557      1.18484108443643      1.59514068856488       h
   -4.00475088075206      2.63717932706394      4.77363282028556       h
   -6.83106892733324     -3.66172155828106      0.29649708429187       h
    6.04271336007226     -0.65611404475086     -2.09786226216878       c
    5.89802647924213      2.01967919007943     -1.94002534414629       c
    7.17961417139315      3.23328398485092     -0.90877817566184       h
    3.76956293705346      2.82869929047244     -3.36463034409521       c
    3.15461090677713      4.76272645492250     -3.58999020015818       h
    7.44724568911178     -1.84054921601545     -1.20417884085546       h
    3.52775207020140     -3.43743166515058     -4.06009699055503       h
    3.97198170692053     -1.49732884223312     -3.60117416628914       c
    2.57779506150252      0.66132250789908     -4.38531318764538       c
    0.88887841469297      0.65039573349386     -5.53467164050610       h
    3.51919236674149      1.64810801112056      2.69352018869959       c
    2.30757216234743     -2.58045579588779      1.35462182746511       c
   -1.75871783866742     -2.44563725385977     -2.16662504952047       c
   -3.85046645887367      1.65476211475511     -2.15806742475930       c
   -4.69058521520290      2.91394899340962     -3.74228984268653       o
   -1.45774134756670     -3.95673709729022     -3.72918308022245       o
    4.15156200272032      2.48750186850790      4.61603873207025       o
    2.38118625460956     -4.52961229667447      2.36019820036477       o
   -2.57457459023874     -5.18215116856773      2.67110803684633       h
$end
