$coord
    3.73601840859248      5.71870583181204      3.28557610826182      co
    5.46800833888028      8.20525924677735      1.90185778969089       o
    3.52219589744601      1.04879648809792      0.44436248446577       n
    2.91190015234391      4.66148702334356      6.60550441393084       c
    3.39596786141375      2.41606681944156      2.51260933673455       c
    2.94686518793375      2.42729065879378      5.22673528808366       b
    2.65467781304462      5.80728920060793      8.26915032017645       h
    3.90266107241646      1.85968477173900     -1.24002845724483       h
    1.46739369067262      6.50121855486433      2.02428312983998       h
    4.56820277183686      9.42392756270321      0.88728197406181       h
    3.30577463493120     -0.84635863199698      0.49113887526037       h
$end
