$coord
   10.04036529565973      2.97057199115587      5.64140223826169       s
   11.13352480531685      4.96137748883972     -2.88875818826082      cl
    8.92280318562093      5.90785891324784      2.36511035445646       s
   11.66193455998588      9.01173256327047     -0.28411900022195       f
   10.28087036175879      5.13939989442132      7.98365975673232       o
   10.08695706021182      7.04497817690889     -0.51836718311812       c
    7.55190098963590      4.10667004681848      1.21732415373250       h
   12.06297091561774      5.47846816195980      8.21484223693444       h
$end
