$coord
   -1.81405223216842      0.05347546991094      0.41814763672934      re
    2.07944499134568     -1.14850240692568     -1.31214607538785       p
    2.21288157665783     -3.24447683269467     -2.95886362602497       h
   -6.58208409318940      1.52618496017573     -1.85916453013654       h
   -4.61303973670844      2.11170639576718     -1.88420661383923       c
   -3.71287927909857      3.86849633584095     -0.08358145271323       c
   -4.98389622124649      4.62910694412136      1.33486681951748       h
   -1.04574798191160      4.26207828882395      0.02139340049879       c
   -0.31567780446983      5.34361938431376      1.59686279598342       h
    0.02025238386397      4.53271768361718     -1.71358796624633       h
   -2.74070532725522      0.91041732410346     -3.48856689822719       c
   -1.43328413409998      2.05569340161437     -4.58962980946069       h
   -3.40846877768185     -0.74220259711533     -4.53523838929653       h
   -4.14759017634888      1.58434978546811      5.32054204886417       h
   -2.73407257752590      0.28321514421593      4.60283124720367       c
   -3.47564476200562     -2.07637343050063      3.59197082211074       c
   -5.46189942123306     -2.59880994985829      3.54138927878902       h
   -2.22248781044627     -5.13405915044428      1.20373532213371       h
    0.21130067163144     -4.01992859407751      3.34108189992243       h
   -0.15719063168742      1.00813128262190      4.26527532748376       c
    1.34521288108421     -0.34148125882865      4.64051654355175       h
    0.34814972438176      2.93363313662753      4.73580560550543       h
   -1.53101774577013     -3.55811524472943      2.34890292936500       c
    4.00428374045373     -1.80600785702304      0.41074746922029       h
    3.34173820180596      0.67117837450876     -2.79573641971301       h
$end
