$coord
   -3.26091272567476      0.00016289439205      0.00015363473404      co
    3.26064910888019      0.00003004664540      0.00005347924936      co
   -0.00016913048827     -2.87299636058985      0.00110208827663      cl
   -0.00011905274593      2.87308139826551      0.00100306662763      cl
   -5.78496359821123      2.82705844127732     -0.59852199544724       c
   -5.78539615652145     -2.82653385330477      0.59748926011943       c
    5.46393201065409     -2.37621003880220      1.98496038580381       c
    5.46307388602031      2.37612991441446     -1.98602430161269       c
    5.78464933675649     -2.82677592722150     -0.59864218202885       c
    4.15947031758463     -3.51871199836029      3.09100650483133       h
    4.79080060419421     -4.36412104297900     -1.53243976467987       h
    7.51068946433688     -2.21631445313816     -1.52959629377822       h
    5.78504542335248      2.82681409968924      0.59745241045998       c
    6.91753844848469      1.42622090475917     -3.07839919698233       h
    7.51154324260057      2.21637832588121      1.52757787730314       h
    4.79178345075229      4.36420948216169      1.53174245573942       h
   -5.46335224267866     -2.37590824953990     -1.98586235208370       c
   -4.79216196289531     -4.36385383570480      1.53191007444678       h
   -4.15825881416531     -3.51854702526949     -3.09126237374877       h
   -6.91775368829043     -1.42592421775741     -3.07832568663603       h
   -5.46418504498235      2.37650445813262      1.98503200642398       c
   -7.51100353681901      2.21658298322065     -1.52942546253644       h
   -6.91936467981277      1.42654423689932      3.07665271209677       h
   -4.15970728924082      3.51903476358259      3.09101878805114       h
   -4.79104929215238      4.36439713196600     -1.53230786179629       h
   -7.51191646351043     -2.21587112338902      1.52760055401665       h
    6.91907101637281     -1.42621920400566      3.07659318572380       h
    4.15804810970227      3.51872447055272     -3.09148932985649       h
$end
