$coord
   -0.53026924517693     -0.40251638913367     -0.94277529352999      mg
   -2.18522600172301     -0.19544983785994     -5.08556273092988       c
    1.94827040820624      0.93406951424054     -4.39603171423153       c
    1.82342905320517     -1.74351990527242     -4.47877696313404       c
   -0.73295389950991     -2.43977929184207     -4.91104860190103       c
   -0.52970232733916      1.89265841393735     -4.76126872018897       c
   -2.39614457073179     -1.30078277424754      2.57054078085038       c
    2.88579849920242      0.47318704398208      2.73822789630416       c
    2.07040586436763     -1.82070331224116      3.99961819562148       c
   -0.35512338070419     -2.62938685241115      3.97446915342006       c
   -2.77109098952415      1.25134867262947      3.68584523508656       c
   -0.97303566695676      3.06939181740319      3.63959702274416       c
    1.52233124168717      2.66553051018571      2.57957442762267       c
   -4.19855231051237     -0.09060783239458     -5.43301004411063       h
    3.64025691510732      2.05033602804742     -4.12068368885037       h
    3.40624154646986     -3.02794936757158     -4.30083751652938       h
   -1.44291039898535     -4.34882427690762     -5.10279363169113       h
   -1.05646480774424      3.86834610261394     -4.83655068472982       h
   -4.14598164147051     -2.39012390329465      2.56721561875923       h
    4.83400994795354      0.53140686030473      2.06756466113732       h
    3.52039536639324     -2.95672747961225      4.91006651123340       h
   -0.81283224490680     -4.36772267200237      4.98739769478518       h
   -4.59664976407322      1.70944776527708      4.53135178957337       h
   -1.40741113781973      4.95733933308127      4.32428240371045       h
    2.48320954458552      4.31103164411559      1.79358819897835       h
$end
