$coord
    0.00000000000000      0.00000000000000      0.00000000000000       p
    1.97212876746367      1.97212876746367     -1.97212876746367       c
   -1.97212876746367     -1.97212876746367     -1.97212876746367       c
    1.97212876746367     -1.97212876746367      1.97212876746367       c
   -1.97212876746367      1.97212876746367      1.97212876746367       c
    3.17241666222588     -0.79025965530545      3.17241666222588       h
    0.79025965530545     -3.17241666222588      3.17241666222588       h
    3.17241666222588     -3.17241666222588      0.79025965530545       h
   -3.17241666222588     -3.17241666222588     -0.79025965530545       h
   -3.17241666222588     -0.79025965530545     -3.17241666222588       h
   -0.79025965530545     -3.17241666222588     -3.17241666222588       h
   -3.17241666222588      3.17241666222588      0.79025965530545       h
   -3.17241666222588      0.79025965530545      3.17241666222588       h
   -0.79025965530545      3.17241666222588      3.17241666222588       h
    3.17241666222588      3.17241666222588     -0.79025965530545       h
    3.17241666222588      0.79025965530545     -3.17241666222588       h
    0.79025965530545      3.17241666222588     -3.17241666222588       h
$end
