$coord
   -1.03194258769878      0.18062588126526     -0.00000018897261      fe
    2.33043936025182      1.86551023046734      1.33663787084268       c
    2.20893960795919     -0.71006912715255      2.17650321489843       c
    2.15632075090112     -2.27515296579442     -0.00000000000000       c
    2.20893960795919     -0.71006912715255     -2.17650321489843       c
    2.33043936025182      1.86551023046734     -1.33663787084268       c
    2.37477781537138      3.51876509966442      2.53812309607827       h
    2.14176664719722     -1.34699319206743      4.11632616937664       h
    1.95517225493590     -4.30786597490947      0.00000000000000       h
    2.14176664719722     -1.34699319206743     -4.11632616937664       h
    2.37477781537138      3.51876509966442     -2.53812309607827       h
   -2.92204117862598      1.41371488623053     -2.44208740333225       c
   -2.98545169467127     -2.81748792331266     -0.00000000000000       c
   -2.92204420218778      1.41371696492927      2.44209156072973       c
   -4.12134395915876      2.22021900525951     -4.05814811600138       o
   -4.11917493151145     -4.70241319999757     -0.00000000000000       n
   -4.12134112456958      2.22021711553338      4.05814414757652       o
$end
