$coord
    0.03583846700523      0.61015647228662      0.61445200874342       w
    0.28114154773797      3.71069475569702      0.05978035215742       h
    3.03397362548837      0.26164788891355      2.49503374992793       o
   -2.98255814602728      0.56387707946314      2.48642415769830       o
    2.41038082250132     -0.27723888534274     -2.38342331239741       n
   -2.45188449945941      0.49027508144822     -2.43489340494353       n
    1.17762025193673     -0.78739634227947     -4.83943894214066       c
   -1.24239817380672      0.72077178003924     -4.93363989979104       c
    4.89466675508815     -0.64794154617414     -2.34776795985378       c
   -4.95323295820967      0.44986120954694     -2.41820863503267       c
    6.49185628471874     -0.53436881703447     -0.20485254814462       c
   -6.51536901306774      0.32249971578436     -0.24332397056107       c
    5.52554464126319     -0.10493705868950      2.25116931769485       c
   -5.49862398081873      0.36135626438527      2.22757060680713       c
    9.12394298884598     -0.92980893771707     -0.45024161141609       c
   -9.16874593864729      0.15519167939144     -0.49078530750221       c
    7.08399686401141     -0.07227446541147      4.37469122606427       c
   -7.03136647962397      0.23201811709499      4.36325743813946       c
   10.66940410036903     -0.87766837034147      1.64104988404030       c
  -10.69017143460231      0.02734395909666      1.61752827397851       c
    9.64899148765486     -0.44919621492323      4.05500833604319       c
   -9.62099236051035      0.06680200752345      4.04500280312434       c
    2.43365279974187     -0.27075825856655     -6.40168516803186       h
    0.76958567354279     -2.81762832996381     -4.96531133171602       h
   -0.83806122252335      2.72411466570543     -5.28088595713938       h
   -2.48732234452594      0.01844675055066     -6.43161257171525       h
    5.79266649984566     -1.12720481554147     -4.14010081376669       h
   -5.91082483840245      0.51042655393706     -4.24271294240348       h
    9.91066696656985     -1.27288758203995     -2.31531323644960       h
   -9.99437219634432      0.12078203431001     -2.37028234589046       h
    6.26020212887560      0.25975003696530      6.22230442731097       h
   -6.17035321049319      0.27725683774094      6.22319996852204       h
   12.68677234436909     -1.17328692095741      1.42879849119491       h
  -12.72479438991281     -0.10278409371425      1.40395879716031       h
   10.88626888160560     -0.41276437391447      5.69038941965099       h
  -10.83610175522328     -0.02512731035097      5.69486088961011       h
$end
