$coord
   -0.00013643822629      4.29103531814168      0.64607997696751      pd
   -0.00006330582522     -4.29098542937196      0.64666276850474      pd
    0.00006821911315     -0.00035394570338      3.03140170823101       s
   -0.00001077143892     -0.00008428178522     -0.90964744967976       s
    4.16063325504251      4.64988353801265      0.61282306482289       c
   -4.16055936675099      4.64982665725626      0.61285178866000       c
   -4.16052270606415     -4.64987975856040      0.61294003887008       c
    4.16054103640757     -4.64990715958922      0.61296384941927       c
   -3.19147473917828     -6.59169505129315     -0.83548552581374       c
   -4.85300282935459     -2.92450613738462     -0.25782818549525       h
   -3.11153233206571     -6.44498956501533     -2.88313681995408       h
   -2.97091214185853     -8.48269390774673     -0.06036352163987       h
    3.19148210911017     -6.59165536704451     -0.83550272232148       c
    4.85301549051963     -2.92449517697309     -0.25769892822824       h
    3.11156823686210     -6.44492285768309     -2.88312869413174       h
    2.97087944959656     -8.48271828521376     -0.06048427513932       h
   -3.19182509440202      6.59189252767331     -0.83551103711644       c
   -4.85290437462343      2.92435269162319     -0.25774995083364       h
   -3.11188930133089      6.44541229674970     -2.88316459892813       h
   -2.97152686976729      8.48308224646561     -0.06063053994146       h
    3.19188103029535      6.59193126705889     -0.83546927416905       c
    4.85296333407856      2.92436629765130     -0.25776223405346       h
    3.11187947475504      6.44548901963041     -2.88313587509102       h
    2.97150211435504      8.48312571016650     -0.06067778309461       h
    4.70473794107766      4.96363930203982      2.57041114563814       h
   -4.70472584683046      4.96361945991550      2.57044648351670       h
   -4.70482090005459     -4.96434057940515      2.57035917816968       h
    4.70475570450325     -4.96442845167000      2.57041473611778       h
$end
