$coord
   -0.00000340150703     -0.00001814137081     -0.13239591313461      os
   -2.78494759531498      0.56178949901185      2.63829407650561       o
   -2.26829061434080      0.65612349338149      5.00346244555414       c
    0.00000113383568     -0.00000604712360      6.19014752474423       c
    2.26829722838224     -0.65610629687374      5.00346716986945       c
    0.00001322808288      0.00000283458919      8.24613440082596       h
   -3.84505749578348      1.22692188375337      6.24120168857005       h
    2.78494343791750     -0.56181198675274      2.63829880082093       o
    3.84505768475609     -1.22692207272599      6.24119299582987       h
    2.86522429497921     -0.12551693209108     -2.92537900188217       c
   -1.59282256152623      2.53162659560262     -2.69416968756907       c
    1.59281859310137     -2.53162943019181     -2.69417705750096       c
    4.77948719182362     -0.02322719073137     -2.14226704667536       h
   -2.86523865689777      0.12549047592532     -2.92536558482668       c
   -2.65808328849612      4.04445157001341     -1.74914788762060       h
    2.65807365089288     -4.04445119206819     -1.74917982399213       h
   -4.77948227853569      0.02322813559443     -2.14228896749842       h
    2.40702523581954      1.61150874037705     -5.19096201662977       c
    1.94028499251599      0.49674285808675     -6.87924428237885       h
    4.15380302893303      2.63137427737777     -5.66012356601845       h
   -0.28619637615216     -3.53717443363779     -4.62634076301825       c
   -1.14082350481305     -5.24542014412618     -3.81232554955663       h
    0.66589337745243     -4.13558285654487     -6.38821331048027       h
   -2.40701162979144     -1.61150496092479     -5.19098148080887       c
   -1.94029122861221     -0.49673643301792     -6.87924484929669       h
   -4.15379773769988     -2.63136256107579     -5.66014964423899       h
    0.28619675409738      3.53717783514482     -4.62630901561934       c
   -0.66589696793207      4.13560213175135     -6.38819101171198       h
    1.14082161508693      5.24542808097591     -3.81229606982907       h
$end
