$coord
    0.09581346095361      0.02602493026078     -0.05018167727348      co
   -3.30929595059421      1.53003319845853     -0.20071744943591       n
   -1.89308813765838     -2.78763667559214      1.33820861119853       n
    1.89634697036251      2.79240388768997     -1.45119779291052       n
    3.33372595200472     -1.50748423043375      0.21283512924568       n
   -3.84238542304145      3.83863167106494     -1.05834187270510       o
    0.74941662660098      4.77297614045681     -2.25369701536086       o
    3.61579800088709     -3.67459588443164      1.23624994985608       o
   -0.95297395645890     -5.00536483284509      2.08957978153154       o
   -4.29455001976326     -2.35735850891537      1.53675495428839       c
   -5.10303476074480      0.11019352088132      0.66277532934468       c
    4.32967001289541      2.35163566231567     -1.61115290494754       c
    5.14219215374496     -0.05360756176714     -0.64891702280034       c
   -7.06153047701833      0.73179209588770      0.72555429891869       h
   -5.59340281671841     -3.75056570928233      2.31067055730347       h
    5.59615066747809      3.74275395942305     -2.43473202233238       h
    7.10025946910574     -0.66951125812048     -0.60870006036138       h
   -2.10035216531227      4.51655561195274     -1.62047983721457       h
    0.96607145926495     -4.79276894292695      1.80483282531795       h
   -0.20569971236686     -1.31934366425621     -3.51269813393720       o
   -1.56508043713484     -2.51765660624424     -3.76955159869671       h
   -0.40626466090441     -0.01281234313365     -4.78299357865024       h
    0.52641269209918      1.38588470060167      3.38687695593984       o
    1.28447613853447      3.05519524988231      3.40827867123359       h
    1.59951823913555      0.32577933547587      4.43130968846781       h
$end
