$coord
    0.00001058246631     -0.00007540007242      0.01198199747393      mn
    2.72427831598793      0.53269451968692     -2.95813267995947       n
   -2.72470860662680     -0.55299849307412      2.95678681701260       n
    2.72471257505167      0.55326891288274      2.95665453618379       n
   -2.72425809591839     -0.53309551957084     -2.95820562338793       n
   -0.43596019519215      4.02644191311568      0.00269191486636       n
    0.43588781868153     -4.02639221331856      0.00227900970784       n
    2.99835002034365      2.37687012013798     -3.49843958339939       h
    4.48670606498574     -0.09189964917425     -2.51901399652048       h
    2.29792888992692     -0.38264308433056     -4.60544341562751       h
   -4.33621413446943      0.46918951733534      2.73296841055053       h
   -3.34931184617337     -2.37724768741794      3.15000073092037       h
   -2.11344343202211     -0.07664218940628      4.73348369901452       h
    3.34962383995676      2.37738450358945      3.15050434293292       h
    2.11321987742142      0.07655167152485      4.73315431975078       h
    4.33605256288567     -0.46905459088995      2.73259046532535       h
   -2.29757740086750      0.38252044110499     -4.60524423849384       h
   -2.99892128455151     -2.37707118699778     -3.49904769726670       h
   -4.48641618099802      0.09192345972343     -2.51871882129961       h
    0.36203883346195      4.93877031725026      1.51523909953664       h
    0.32154351436465      4.92763945242344     -1.53826730210695       h
   -2.26807990987776      4.60305102235212      0.02274077522656       h
   -0.36213842202879     -4.93796170344099      1.51525459529087       h
   -0.32143542203025     -4.92843351534155     -1.53824651511956       h
    2.26811184624929     -4.60279061809197      0.02242897041579       h
$end
