$coord
   -0.61239277418402     -0.72432465412856     -2.89590664424990      ta
   -0.61405894570923     -0.72583189968659      2.89669295929089      ta
    1.03592537448175     -2.15076287739222      0.00054254037075       o
   -3.42294823720378      1.30630814446708      0.00004875493405       s
   -2.63262754374447     -3.48679527998415     -5.14073063955918       s
   -2.63485364112079     -3.48894106400012      5.14037064673219       s
    1.59081737313403      1.63278648963693      5.35176013549155       c
    1.59225205320882      1.63528546346583     -5.35063140207655       c
    2.85459212887702      3.00401409646084     -6.52170072942520       n
    2.85439654222299      3.00322683655678      6.51955418951879       n
$end
