$coord
   16.10418387299658     12.06921305895684      5.54882587816176      se
    9.85471217598172     12.83525795265752      9.59193819926974      se
   14.29584390496156     16.53600991434308      5.04250418731539      se
   13.69447843861266     16.41454134253153     11.82684699056899      se
    8.01185220285952     10.34664946053029      7.96527990248652       o
   13.09604866180036     16.26370718261382     15.24205037421835       o
   13.48141843195800     10.42897726893159     12.67724699085884       o
   11.87751111492242      9.97685141159536     11.20642174651419       n
   16.85293456011079     15.04960633473428     11.45824872875140       n
   14.18917018796235      9.51251017560865      5.65211528464207       c
   12.13993227976669      9.33125331478995      5.52285593893124       h
   12.47287462212282     14.58023162423861     15.59469537910842       h
   18.17861674373851     16.13491932357141     12.31699432653110       h
   11.83427002376417     15.52017894262117      4.28295239258333       h
   16.93714548059655     13.24668534533791     12.10189606127703       h
    6.77797556004496      9.70396456552058      9.14841097375162       h
$end
