$coord
    0.00000000000000      0.00000000000000      0.00000000000000      ba
   -8.45470366231501      1.30536781674683      0.00000000000000       c
   -8.45470366231501     -1.30536781674683      0.00000000000000       c
   -5.80750387349583     -2.16488196614194      0.00000000000000       c
   -4.71052371555735     -4.71052371555735      0.00000000000000       c
   -4.47213627655499      0.00000000000000      0.00000000000000       n
   -5.80750387349583      2.16488196614194      0.00000000000000       c
   -4.71052371555735      4.71052371555735      0.00000000000000       c
   -2.16488196614194      5.80750387349583      0.00000000000000       c
    0.00000000000000      4.47213627655499      0.00000000000000       n
   -1.30536781674683      8.45470366231501      0.00000000000000       c
    2.16488196614194      5.80750387349583      0.00000000000000       c
    1.30536781674683      8.45470366231501      0.00000000000000       c
    4.71052371555735      4.71052371555735      0.00000000000000       c
    5.80750387349583      2.16488196614194      0.00000000000000       c
    8.45470366231501      1.30536781674683      0.00000000000000       c
    4.47213627655499      0.00000000000000      0.00000000000000       n
    5.80750387349583     -2.16488196614194      0.00000000000000       c
    8.45470366231501     -1.30536781674683      0.00000000000000       c
    4.71052371555735     -4.71052371555735      0.00000000000000       c
    2.16488196614194     -5.80750387349583      0.00000000000000       c
    1.30536781674683     -8.45470366231501      0.00000000000000       c
    0.00000000000000     -4.47213627655499      0.00000000000000       n
   -1.30536781674683     -8.45470366231501      0.00000000000000       c
   -2.16488196614194     -5.80750387349583      0.00000000000000       c
   10.12867786670178      2.48660443757071      0.00000000000000       h
   10.12867786670178     -2.48660443757071      0.00000000000000       h
    6.16645829597508     -6.16645829597508      0.00000000000000       h
    2.48660443757071    -10.12867786670178      0.00000000000000       h
   -2.48660443757071    -10.12867786670178      0.00000000000000       h
   -6.16645829597508     -6.16645829597508      0.00000000000000       h
  -10.12867786670178      2.48660443757071      0.00000000000000       h
  -10.12867786670178     -2.48660443757071      0.00000000000000       h
   -6.16645829597508      6.16645829597508      0.00000000000000       h
    2.48660443757071     10.12867786670178      0.00000000000000       h
   -2.48660443757071     10.12867786670178      0.00000000000000       h
    6.16645829597508      6.16645829597508      0.00000000000000       h
$end
