$coord
    0.00000000000000      0.00000000000000      2.73018087554221      al
    0.00000000000000      0.00000000000000     -2.03403714021147       p
    1.16611389852869      2.01976857412519     -3.32662889656626       h
    1.16611389852869     -2.01976857412519     -3.32662889656626       h
   -2.33222779705738      0.00000000000000     -3.32662889656626       h
    3.00390959460607      0.00000000000000      3.09458092179848       h
   -1.50195489178934      2.60146199150338      3.09458092179848       h
   -1.50195489178934     -2.60146199150338      3.09458092179848       h
$end
