$coord
    0.00000000000000     -4.04674059526973     -0.63572144320835      ge
    0.00000000000000      0.00000000000000      1.60264082258600      ge
    0.00000000000000      4.04674059526973     -0.63572144320835      ge
    0.00000000000000     -6.58437444125400      1.38277364448059       f
   -2.60457947269329     -4.32950107137976     -2.55218927249646       f
    2.60457947269329     -4.32950107137976     -2.55218927249646       f
    2.61870517548446      0.00000000000000      3.55600593242769       f
   -2.61870517548446      0.00000000000000      3.55600593242769       f
    2.60457947269329      4.32950107137976     -2.55218927249646       f
    0.00000000000000      6.58437444125400      1.38277364448059       f
   -2.60457947269329      4.32950107137976     -2.55218927249646       f
$end
