$coord
    0.00079651956207      0.00001360602811      1.06355883962090      ru
   -0.00068729339199      0.00000491328793     -3.45964104939053      si
    3.08740430889012     -0.00001473986378     -1.92733110889551       c
   -1.54432651995706     -2.67394111425429     -1.92631311343148       c
   -1.54430686680535      2.67396605863915     -1.92632029439076       c
    4.23411393264015     -1.70957418795490     -1.97602519376268       h
    4.23411979079114      1.70956814083130     -1.97603180780412       h
   -3.59810317236192     -2.81206837775617     -1.97421086770919       h
   -0.63707675478585     -4.52186423058564     -1.97504971713648       h
   -0.63704500738693      4.52189087572402     -1.97507031515125       h
   -3.59807520441526      2.81210069207292     -1.97421200154487       h
   -3.14254802902501     -0.00004214089261      2.85271355213525       c
    1.57235267018517      2.72101022362579      2.85523728137641       c
    1.57234775689725     -2.72097450780201      2.85526732802181       c
   -5.07037197849416     -0.00010450185476      3.84637406797540       o
    2.53573693889909      4.38937288628167      3.85172237085694       o
    2.53566909773117     -4.38934340655411      3.85178813332613       o
$end
