$coord
   -3.40139836738177      5.89139467437587      0.00000000000000      at
    2.64761231603247      0.00000000000000      0.00000000000000       c
    1.29994883810818     -2.25157749853804      0.00000000000000       c
    1.29994883810818      2.25157749853804      0.00000000000000       c
   -1.32380625250254     -2.29289957281543      0.00000000000000       c
   -2.59989786518897      0.00000000000000      0.00000000000000       c
   -1.32380625250254      2.29289957281543      0.00000000000000       c
    2.56158499079448      4.43679518546610      0.00000000000000       f
   -5.12316998158896      0.00000000000000      0.00000000000000       f
   -3.40139836738177     -5.89139467437587      0.00000000000000      at
    2.56158499079448     -4.43679518546610      0.00000000000000       f
    6.80279673476354      0.00000000000000      0.00000000000000      at
$end
