$coord
   -3.87161041552384      0.28032254043500      0.00000000000000      ge
   -1.02983440923272      1.99842827493054      0.00000000000000       o
    0.59202379421808     -0.32500379187380      0.00000000000000       n
   -6.31148872901490      2.41380311651534      0.00000000000000       f
   -4.28382431221783     -1.57029116795442     -2.62434865358687       f
   -4.28382431221783     -1.57029116795442      2.62434865358687       f
    2.11261214149933     -0.16018528067915      2.29679562116922       c
    2.11261214149933     -0.16018528067915     -2.29679562116922       c
    0.86746006980932     -0.22189995649905      3.94284477567560       h
    3.25367658639343      1.57855116085076      2.34481280613808       h
    3.36053058326505     -1.80994963674907      2.34664848609679       h
    0.86746006980932     -0.22189995649905     -3.94284477567560       h
    3.25367658639343      1.57855116085076     -2.34481280613808       h
    3.36053058326505     -1.80994963674907     -2.34664848609679       h
$end
