$coord
    0.00000000000000      0.00000000000000      2.60594442187404      cu
    3.69601744184971     -0.19540807491256      2.75896045957672       c
   -3.69601744184971      0.19540807491256      2.75896045957672       c
    0.00000000000000      0.00000000000000     -2.61422879223740      cu
    3.69704375210869     -0.17423218189086     -2.77217380259429       c
   -3.69704375210869      0.17423218189086     -2.77217380259429       c
    4.84962078650705      1.30174596765392     -0.00074115058658       p
   -4.84962078650705     -1.30174596765392     -0.00074115058658       p
   -8.33153036856528     -1.55158439108883      0.00124532951697       c
    8.33153036856528      1.55158439108883      0.00124532951697       c
    9.13838881124287     -0.35276745914302     -0.00597474709228       h
    8.99740239211249      2.55734217769659     -1.68092612885875       h
    8.99638269589495      2.54402565563254      1.69172005551733       h
   -9.13838881124287      0.35276745914302     -0.00597474709228       h
   -8.99740239211249     -2.55734217769659     -1.68092612885875       h
   -8.99638269589495     -2.54402565563254      1.69172005551733       h
    3.85798945858090      4.60359053916106      0.01118018667871       c
   -3.85798945858090     -4.60359053916106      0.01118018667871       c
   -1.79136588105428     -4.67233934253943      0.00647080020033       h
   -4.57915033322947     -5.57120420391737     -1.66958361470583       h
   -4.57056171695983     -5.55617294436667      1.70412081630076       h
    1.79136588105428      4.67233934253943      0.00647080020033       h
    4.57915033322947      5.57120420391737     -1.66958361470583       h
    4.57056171695983      5.55617294436667      1.70412081630076       h
    4.29049391160661     -2.18749178334797      2.72261119959966       h
    4.51537150956225      0.69884566574556      4.44464151731348       h
   -4.30124815401654      2.16368085621631     -2.75690424857912       h
   -4.50886650531903     -0.74050675688994     -4.45050420364650       h
   -4.29049391160661      2.18749178334797      2.72261119959966       h
   -4.51537150956225     -0.69884566574556      4.44464151731348       h
    4.30124815401654     -2.16368085621631     -2.75690424857912       h
    4.50886650531903      0.74050675688994     -4.45050420364650       h
$end
