$coord
   -0.04581319738822     -0.69154603166640      4.05694813991143      pt
   -2.66809335675767      0.98558477124108      1.31063750702154       b
   -2.92024215935412     -1.14976871240265     -0.62788928430691       n
   -1.30978505156614     -3.18672793612261     -0.67271434390389       b
    0.85739160901048     -3.05049323333583      1.17262646167640       n
    2.92067226102038     -1.03811178760942      0.99405905908010       b
    2.81041581225906      1.13333678784743     -0.69743574108302       n
    1.10986072018528      3.25120161208633     -0.80514124854697       b
   -1.29595168940666      3.24351874154884      0.43349334670739       n
   -4.48957277951874      1.34055640693736      2.68644259744023       h
   -4.32687038363988     -1.00926795288663     -1.91469167570238       h
   -1.44182437338080     -4.98751882622985     -2.03430680412964       h
    1.52132760814170     -4.73729659941877      1.80910681889692       h
    4.95884714555713     -1.75122772019478      1.70578755474381       h
    4.52896714417509      1.55765343551480     -1.42192574624760       h
    1.82927227535909      5.13720157601905     -1.84866521178099       h
   -2.03860139572337      4.95290509072683      0.85366847059722       h
$end
