$coord
   -2.50595825666181     -2.50595825666181     -2.50595825666181      bi
    0.00000000000000     -4.25081854467534      0.00000000000000       o
    0.00000000000000      0.00000000000000     -4.25081854467534       o
    2.50595825666181      2.50595825666181     -2.50595825666181      bi
    4.25081854467534      0.00000000000000      0.00000000000000       o
    2.50595825666181     -2.50595825666181      2.50595825666181      bi
   -4.25081854467534      0.00000000000000      0.00000000000000       o
    0.00000000000000      4.25081854467534      0.00000000000000       o
    0.00000000000000      0.00000000000000      4.25081854467534       o
   -2.50595825666181      2.50595825666181      2.50595825666181      bi
$end
