$coord
    0.00000000000000      2.33589783416650     -1.93791376417321      li
   -2.53072273959660      0.00000000000000     -1.89698380806694       f
    0.00000000000000     -2.33589783416650     -1.93791376417321      li
    2.53072273959660      0.00000000000000     -1.89698380806694       f
    0.00000000000000      3.48108358276860      2.30880275200062      cl
   -2.64100129815359      0.00000000000000      1.52609482023953      li
    0.00000000000000     -3.48108358276860      2.30880275200062      cl
    2.64100129815359      0.00000000000000      1.52609482023953      li
$end
