$coord
    1.79136928256131     -3.10274245996366      0.00000000000000      ga
    3.25706977862511     -5.64141036408403      0.00000000000000       h
    3.34854367250319      0.00000000000000      0.00000000000000       n
    5.25946156513213      0.00000000000000      0.00000000000000       h
    1.79136928256131      3.10274245996366      0.00000000000000      ga
    3.25706977862511      5.64141036408403      0.00000000000000       h
   -1.67427183625160      2.89992401302097      0.00000000000000       n
   -2.62973078256606      4.55482729031769      0.00000000000000       h
   -3.58273837615000      0.00000000000000      0.00000000000000      ga
   -6.51413955725022      0.00000000000000      0.00000000000000       h
   -1.67427183625160     -2.89992401302097      0.00000000000000       n
   -2.62973078256606     -4.55482729031769      0.00000000000000       h
$end
