$coord
   -0.00000000000000     -0.00000000000000     -0.26155774897735      co
    0.00000000000000      4.08571922017838     -0.00864757572477       p
    0.00000000000000     -4.08571922017838     -0.00864757572477       p
   -0.00000000000000      0.00000000000000     -5.65974977819074       o
    2.03012654096652     -5.18738570993649      1.32669602169428       h
    0.00000000000000      0.00000000000000     -3.46513183762197       c
    2.03012654096652      5.18738570993649      1.32669602169428       h
   -2.03012654096652      5.18738570993649      1.32669602169428       h
   -0.00000000000000      5.66495087140708     -2.16492845340463       h
   -0.00000000000000     -5.66495087140708     -2.16492845340463       h
   -2.03012654096652     -5.18738570993649      1.32669602169428       h
    0.00000000000000     -0.00000000000000      3.94209644412974      cl
$end
