$coord
    0.00000000000000      0.00000000000000      6.85540822188971      rn
    2.27843560904773      1.31545536377954     -0.57316319364585       c
    4.05626840542394      2.34188769906779     -0.56940471735403       h
    2.27843560904773     -1.31545536377954     -0.57316319364585       c
    4.05626840542394     -2.34188769906779     -0.56940471735403       h
    0.00000000000000     -2.63091072755908     -0.57316319364585       c
    0.00000000000000     -4.68377539813558     -0.56940471735403       h
   -2.27843560904773     -1.31545536377954     -0.57316319364585       c
   -4.05626840542394     -2.34188769906779     -0.56940471735403       h
   -2.27843560904773      1.31545536377954     -0.57316319364585       c
   -4.05626840542394      2.34188769906779     -0.56940471735403       h
    0.00000000000000      2.63091072755908     -0.57316319364585       c
    0.00000000000000      4.68377539813558     -0.56940471735403       h
$end
