$coord
    0.00003949527603      0.00000812582234      0.00006443966089      zr
    2.53269977106953     -2.53271621168682      2.53268975552106       b
   -2.53269126730196      2.53267501565728      2.53265422866989       b
   -2.53260755243458     -2.53259734791350     -2.53261416647602       b
    2.53263552038125      2.53264572490233     -2.53267104723241       b
    3.93207579340189     -3.93214306765198      3.93203856579721       f
   -3.93212927265126      3.93206199840118      3.93198092915037       f
   -3.93199434620587     -3.93195031558713     -3.93202741641307       f
    3.93197185846497      3.93201607805632     -3.93211509970531       f
$end
