$coord
   -1.65578143302743      0.67442964830838     -0.10106368704922      ba
   -2.25722551198316     -6.95600646939412     -1.53000107311439       h
   -4.78894092471370     -5.27924000568372      1.44891084635295       h
   -2.34113483217923     -4.88257590938937     -1.23012685926291       c
   -0.92268655994853     -3.50667066348600     -2.61982068081658       o
   -0.75974303501600      4.30960716856188      3.93256239787932       f
   -3.83864527709305     -3.91376283546095      0.50261291435166       n
    1.71085806788485      4.62407252474933      2.82012522509398       c
    2.57899881704472      6.19624302533596      3.83930120103135       h
    3.39375177958590      1.78080212303785      2.65610493421491       s
    2.24526600225013     -0.86832877690940     -3.98978613956099       h
    3.48987080925407      1.30318631690708     -2.47726824564566       h
    2.12030861806492      0.92484481615692     -3.64140738037278       o
    1.02510366884912      5.59339903726616      0.38985654689838       f
$end
