$coord
   -0.00000037794523     -0.00000018897261      3.04371232907823      ni
   -2.33197136122209      1.34639584963903      0.29040309548104       c
   -2.33197136122209     -1.34639584963903      0.29040309548104       c
    0.00000000000000     -2.69274936941284      0.29083603173649       c
    2.33197136122209     -1.34639584963903      0.29040347342627       c
    2.33197136122209      1.34639584963903      0.29040347342627       c
    0.00000000000000      2.69274936941284      0.29083622070910       c
   -4.11195674462832      2.37392743861472      0.28507066629895       h
   -4.11195674462832     -2.37392743861472      0.28507066629895       h
    0.00000000000000     -4.74803383429356      0.28635908157160       h
    4.11195674462832     -2.37392743861472      0.28507123321679       h
    4.11195674462832      2.37392743861472      0.28507142218940       h
    0.00000000000000      4.74803402326617      0.28635927054421       h
$end
