$coord
    0.00004119602954      0.00000245664396     -0.00000037794523      nb
   -2.19427306555079      2.19426153822142      2.05196478299534       n
    2.19424037328881     -2.19425246753602      2.05194267319967       n
   -2.19427495527692     -2.19426456178323     -2.05196780655714       n
    2.19423886150791      2.19424963294683     -2.05193964963787       n
   -4.56216944323468      1.29211913585071      3.17980586932341       c
    4.56217794700224     -1.29213349776926      3.17981512898142       c
   -1.29210307317863     -4.56216585275504     -3.17978810589782       c
    1.29215522961971      4.56218588385197     -3.17982835706431       c
   -1.29210496290476      4.56216566378242      3.17979131843224       c
    1.29215182811268     -4.56218304926278      3.17982930192737       c
   -4.56217114398819     -1.29211649023413     -3.17979849939152       c
    4.56217926981053      1.29213860002980     -3.17981871946106       c
   -5.12889679661352     -0.52037671788041      2.35621352385568       h
    5.12888772592812      0.52035706472871      2.35621257899262       h
    0.52036008829051     -5.12888300161280     -2.35621333488307       h
   -0.52037407226384      5.12890208784667     -2.35621276796523       h
    0.52036141109879      5.12888262366758      2.35621257899262       h
   -0.52037426123645     -5.12890227681928      2.35621295693785       h
   -5.12889604072307      0.52037426123645     -2.35621484666397       h
    5.12888867079118     -0.52035838753699     -2.35621182310217       h
   -6.08729785753341      2.66027159134992      2.83739940058351       h
    6.08729502294423     -2.66026856778812      2.83740469181666       h
   -1.03888203997834     -4.35937518478640     -5.23124322975701       h
    1.03887788258087      4.35939068054063     -5.23123982824998       h
   -1.03888166203312      4.35937537375901      5.23124228489395       h
    1.03887826052609     -4.35939105848585      5.23123850544169       h
   -6.08729747958819     -2.66027121340470     -2.83739977852874       h
    6.08729464499900      2.66026724497983     -2.83740544770711       h
   -4.35938198780045      1.03888033922483      5.23124058414043       h
    4.35938482238964     -1.03887977230699      5.23123963927737       h
   -2.66027839436398     -6.08729747958819     -2.83739581010387       h
    2.66025874121227      6.08729313321810     -2.83740979407720       h
   -2.66027820539136      6.08729691267035      2.83739562113126       h
    2.66026006402055     -6.08729407808116      2.83740884921414       h
   -4.35938104293739     -1.03888052819744     -5.23124436359269       h
    4.35938501136225      1.03887977230699     -5.23123793852386       h
$end
