$coord
   -3.93925958726953     -4.59886546795584     -3.79124017441636      al
    5.20374317928235      5.84965043528195      3.43665801127463       h
    7.10257400566476      0.77681330905655      3.71068946446387      si
    1.82067553326711     -2.78832963816251      3.82111372090517       h
   -5.90265215085313      1.12302152881655     -1.79810615620017       h
    2.12599858343003      2.34696293652414     -0.85066739653667       h
    3.12685139690538     -0.50419990635219      2.81215152570571      si
   -6.01604875751786     -0.69134534275183      0.73512028154065       h
   -5.59378000605314     -0.67078474455673     -1.14951567807439       n
    8.92489152196267      5.63527952561375      2.18422595865718       h
    1.31664305664967      0.71754242706268      0.14932445771572       c
   -7.73860630882082     -2.87430083853456     -2.81064579192858       s
   -3.57297435023005     -7.12879357771650     -5.61038143904185       f
   -0.80703248645378     -0.16024197246293     -0.71633848254786       n
   -2.61534524243259     -1.56368884281572     -1.66350247603266       b
    6.56432199041415      4.53128016895320      1.54111398554302       p
$end
