$coord
   -3.77841422525460      2.12385695681154     -5.22135353704968      au
   -0.55044188259838     -1.32929911943272      1.11208039249277      au
   -4.19865189907920     -2.75074563113478     -3.98030254899812      au
   -0.94972287163189      3.84530448298814     -1.48919980735730      au
    0.67815826692741      2.30337470267656      1.81151867635141       o
   -1.89906193988760     -4.94779527128237      0.42987263145015       o
    3.38177280567377      2.70109421101223      1.98509795786577       n
   -3.25311930615890     -5.39178207819432     -1.46317336531563       c
    4.27421184233317      1.31886367382023      4.19014983226613       c
    6.33560409102545      1.51027705667523      4.25679707121987       h
    3.46945647586111      2.16169607686627      5.89636862251187       h
   -2.33102385254256      5.07935157909924     -4.02056127438446       h
   -5.22522615279951     -0.40664846428058     -6.48400863006307       h
    3.76881044811013     -0.70954775171441      4.13035625202583       h
    4.13085154924343      1.88686470260793      0.40656607222149       h
   -3.85320316024921     -7.39486531549080     -1.56020853420964       h
$end
