$coord
   -3.41133624810531      2.25963094436883      0.00000018897261       y
    3.66417215512114      1.82205541128425      0.00000037794523       y
   -0.25275918413512     -4.08431647647511     -0.00000056691784       y
   -3.29001469698635     -1.63763269228682     -0.00000000000000       o
    0.22787734920790      3.66289356642435      0.00000000000000       o
    3.06250678923606     -2.03133124137178     -0.00000000000000       o
   -7.20926548608955      4.80042308962733     -0.00000000000000       c
   -8.97397470143916      3.70032545049894     -0.00000000000000       h
   -7.33592891502122      6.06854950669306     -1.64811216851804       h
   -7.33592891502122      6.06854950669306      1.64811216851804       h
    7.76061084674873      3.84409373545927     -0.00000000000000       c
    7.68838589216175      5.92239941092364     -0.00000000000000       h
    8.92243525594421      3.32051449871328     -1.64814845125966       h
    8.92243525594421      3.32051449871328      1.64814845125966       h
   -0.55201734726955     -8.64276467102265      0.00000000000000       c
    1.28451449997483     -9.61835033441372      0.00000000000000       h
   -1.58585608616307     -9.38777710191459     -1.64814675050615       h
   -1.58585608616307     -9.38777710191459      1.64814675050615       h
$end
