$coord
    0.62720217988753     -0.68877266960402      0.00000094486306      ag
    0.85253501286690     -0.73854711089737      4.02195116795007       c
    0.85253274519555     -0.73854446528079     -4.02194908925133       c
   -2.81972630390880      1.40624253118346     -0.00000170075351       c
   -0.97062739998191     -1.33038325531115     -4.80071599717684       h
    1.32562114547386      1.13471288641232     -4.77157793209625       h
    2.32148734964817     -2.07785289708460     -4.63642774313312       h
   -0.97062456539272     -1.33038646784556      4.80071864279342       h
    2.32148999526474     -2.07785592064641      4.63642793210574       h
    1.32562360211783      1.13470948490529      4.77158152257589       h
   -2.43275517983207      2.65334177667361      1.65092408099339       h
   -2.43275877031171      2.65333610749523     -1.65093239578835       h
$end
