$coord
   -0.00000000000000      0.00000000000000     -2.79325747698104       p
   -2.27966922226273     -0.00000000000000      7.31859483521349       c
   -0.00000000000000     -0.00000000000000      8.63469799710899       c
    2.27966922226273      0.00000000000000      7.31859483521349       c
    2.23224937972226     -0.00000000000000      4.71079186769462       c
   -0.00000000000000     -0.00000000000000      3.49634123150918       n
   -2.23224937972226     -0.00000000000000      4.71079186769462       c
    0.00000000000000     -0.00000000000000      1.51465290649238       h
   -2.55656153183398     -0.00000000000000     -4.84022676896255       c
    2.55656153183398      0.00000000000000     -4.84022676896255       c
   -2.31762437150158      0.00000000000000     -7.45198814579736       c
    0.00000000000000      0.00000000000000     -8.70224172213686       c
    2.31762437150158     -0.00000000000000     -7.45198814579736       c
   -4.07871362748441     -0.00000000000000      8.29859433191683       h
   -0.00000000000000     -0.00000000000000     10.68650083057534       h
    4.07871362748441      0.00000000000000      8.29859433191683       h
    3.91379137032545     -0.00000000000000      3.53740875967740       h
   -3.91379137032545     -0.00000000000000      3.53740875967740       h
   -4.44479666382842      0.00000000000000     -4.02778664222687       h
    4.44479666382842     -0.00000000000000     -4.02778664222687       h
   -4.03145856906212     -0.00000000000000     -8.58642059685259       h
   -0.00000000000000     -0.00000000000000    -10.75462848097612       h
    4.03145856906212     -0.00000000000000     -8.58642059685259       h
$end
