$coord
    0.00000000000000      0.00000000000000      0.00000000000000      tl
    0.00000000000000      0.00000000000000     -4.06163107022404       c
    0.00000000000000      0.00000000000000      4.06163107022404       c
   -1.96297096568491      0.00000000000000      4.69727957000393       h
    0.98148538835615     -1.69998269403025      4.69727957000393       h
    0.98148538835615      1.69998269403025      4.69727957000393       h
   -1.96297096568491      0.00000000000000     -4.69727957000393       h
    0.98148538835615      1.69998269403025     -4.69727957000393       h
    0.98148538835615     -1.69998269403025     -4.69727957000393       h
$end
