$coord
    0.06240593763675      0.00482069134719      0.01467353439506      zr
   -2.33520411570568      2.75032063172907      0.58423453209970       o
    2.26312183544122      0.88028828664243     -2.81448344774508       o
    2.08510925643548     -0.52255235956917      3.05773371898724       o
   -1.76328303904239     -3.10299209278490     -0.76634252556551       o
   -2.94929556470428     -5.05824560594421     -2.09705610500347       c
    3.47506499403019      2.23625011890342     -4.73523982150333       c
    3.23667717708260     -1.80452007564411      5.06743477717666       c
   -3.78516432697635      4.62540553755854      1.75977910885973       c
    2.95472569272707     -0.76537819832346      6.84330849447814       h
    5.28022549785838     -1.98497984998290      4.74347392515175       h
    2.44195417764037     -3.71047479157597      5.29672696433503       h
   -5.77601196555280      4.04462032255646      1.87427950455461       h
   -3.69145772168051      6.39650901920039      0.67922048198278       h
   -3.10413840065287      5.00278554565584      3.68569972617487       h
   -2.85257295651149     -6.82827307752996     -1.01536817779367       h
   -2.03617649915861     -5.37168805337970     -3.93626966259312       h
   -4.95064289958150     -4.61306430314808     -2.42884854901198       h
    3.47374993361917      1.14568954958726     -6.50278362604181       h
    5.44885993301907      2.62755873135695     -4.22043930747524       h
    2.52205286510355      4.04791978437229     -5.08973335648976       h
$end
