$coord
    0.71068593376005      0.81107876803457     -0.38552567256302       y
   -3.02733936397814     -2.16926972123368      1.58708913246023       c
   -3.14037786754202     -2.65852038214904     -1.03775292861811       c
   -4.07691385232210     -0.46265484439195     -2.24731862276809       c
   -4.53058267104013      1.38513825878194     -0.37465993631167       c
   -3.87618336377592      0.33441273825469      1.99809946258463       c
    0.95738967949731      4.39561408475770     -2.58714278075693       n
    3.71206310638479      0.52219482338615      2.40654713510969       n
    5.05659776476241     -1.66999822061785      1.23892051081721       c
    3.95212295300859     -2.22432424629543     -1.42003318553250       c
   -4.34313242181638     -0.22071585410855     -4.26376751500789       h
   -2.56272544051146     -4.39086765964726     -1.96155197033696       h
   -5.20444162205848      3.29087206572967     -0.70070629008913       h
   -3.99929807601575      1.28055250017925      3.81128506635171       h
   -2.33982014971343     -3.45615941797616      3.02373168783117       h
    3.58295852924367     -4.24301775522759     -1.69610743266385       h
    4.86871174469403     -3.38710240026666      2.42775383066724       h
    4.45862246708340      0.94977408320990      4.11173923715122       h
   -0.41353349244771      5.27633077231288     -3.59362074199127       h
    2.51890514829563      5.49820521750923     -2.72326202127742       h
    5.24627826875996     -1.59416332221256     -2.91465971940558       h
    7.11231592178904     -1.27014615634910      1.12102371035624       h
$end
