$coord
    0.00000000000000      0.00000000000000      3.71039674588697      tl
    0.00000000000000      0.00000000000000     -3.71039674588697      tl
    0.00000000000000      3.53954320533662      0.00000000000000      cl
    0.00000000000000     -3.53954320533662      0.00000000000000      cl
   -3.12497149735533      0.00000000000000      4.28439614334353       h
    3.12497149735533      0.00000000000000      4.28439614334353       h
    3.12497149735533      0.00000000000000     -4.28439614334353       h
   -3.12497149735533      0.00000000000000     -4.28439614334353       h
$end
