$coord
   -0.06142309107867     -1.43008029242612     -0.23612657066533      mo
   -0.35582106758988      1.85079361031660     -2.73104296860084       c
   -0.33777021466259      2.00224873423929      2.04665162901974       c
    0.22715018259466     -5.05392569202038     -0.11016895444169       c
    0.57203710584742      3.20837210327831     -0.38617970677520       c
    3.85413951954459     -1.08921678506802     -0.27404694894347       c
   -3.93146824645241     -1.72094844950674     -0.21559450733473       c
    0.34573087494059     -6.10658761490884      1.67341333367260       h
    2.27797243717427      4.77593790821394     -0.44240737381591       o
   -6.08860668184822     -1.94670647086444     -0.20600811567061       o
    0.88901334113836      2.19896865702845     -4.33397575387330       h
    6.01664156460356     -1.04002305661317     -0.29794404758648       o
    0.91994532323028      2.44958300201066      3.61455021472615       h
   -2.31885496115478      2.38279289976180      2.48979901958656       h
    0.33723107579887     -6.24863965060162     -1.80175880782894       h
   -2.34059758304163      2.20247447693723     -3.18164117133689       h
$end
