$coord
   -0.75351468667762      2.61423465038840     -2.86580670857122      se
   -0.46770759410740      5.46532549469933     -1.78825633671410       o
    2.15034354716488      1.94922018455712     -4.72184525375028       n
   -0.43555730558211      0.33054031147748     -0.03877453448705       c
    1.54579993941743      1.45164036676921     -6.48177383994657       h
    3.08564176133249      3.62764979623094     -4.85681856434802       h
    0.73315591123277      1.19442407459352      2.14431626568629       c
    0.93244510566271     -0.45636942632457      4.18097974726755       c
   -0.03507690737649     -2.89706183383067      4.00248094172961       c
   -1.22149307853887     -3.70765267457954      1.79749388493538       c
   -1.43901283885067     -2.08296139372077     -0.25775316336806       c
    1.43780965022630      3.11849389414094      2.24756731072626       h
    1.83428458493545      0.17247454762115      5.91316507523678       h
    0.12308447662181     -4.17393541518800      5.60121173198850       h
   -1.99275834066236     -5.60508208006697      1.67800914761080       h
   -2.38974841471343     -2.65613157935328     -1.98311658002276       h
   -3.10769543213967      1.65519146053092     -4.57107931294572       o
$end
