$coord
   -3.57662189959828      1.68622076351832      1.24911085895117      tc
    2.36278334570502      1.46548147680581      1.31990056654551      tc
   -6.80245960762268      3.33027455620836      1.64479872272887       c
   -8.72334013638740      4.30188102329610      1.84119266776132       o
   -2.40887471077897      3.98756779006179      3.84134664059003       c
   -1.92859325697500      5.36162998607456      5.44560865921945       o
   -2.78939260910834      4.09701127864374     -1.35598148541270       c
   -2.32594181207216      5.42353968163065     -3.00611301526888       o
   -1.58322766609455     -1.62302662111445     -1.14846215575920       c
   -4.23222004911676     -1.78668408457735     -1.42536599265981       c
   -5.79309868021065     -2.03987544907746      0.72374186259133       c
   -4.66452797062537     -2.17840182273713      3.16552974433263       c
   -2.04549077026060     -2.02928977023796      3.41803041393372       c
   -0.33392651172250     -2.26068578949231      1.25577478916157       c
    0.03628576517923     -0.99266614195269     -3.33917724496013       c
   -0.35626496425685     -1.88295183569163     -5.77192184232589       c
    1.24785645874879     -1.07026793428571     -7.69269201108486       c
    3.18236909384059      0.60092742783291     -7.11279175482754       c
    3.47723610037625      1.39478493270947     -4.62723857190067       c
    1.94474588000881      0.61113591733768     -2.77293479530519       n
    2.64658865139006      5.07750248208504      0.82118861383557       c
    2.87894975377691      7.21020619175502      0.49419758596776       o
    5.91028494364828      1.05456166456284      1.08176446111789       c
    8.06075075609350      0.80251093875232      0.90081600360294       o
    2.72986642511485      1.91587143172278      4.91464172715683       c
    2.99789440737470      2.19998438482112      7.05068703953525       o
    2.21291691453639     -2.97887658158879      1.42364464113172       c
    3.76027852362427     -4.51216842377883      4.23124835194282      si
    6.50028729782948     -3.97386179544319      4.11700779359026       h
    2.67966320496354     -3.49355294061040      6.60669437447232       h
    3.31189243429121     -7.27842209236588      4.12208340899183       h
   -5.08120162097651     -1.51728491704054     -3.27357974886933       h
   -7.82904085332965     -2.13677493563563      0.51366554451687       h
   -5.85037306655250     -2.25576796622225      4.83668995754530       h
   -1.23215018902592     -2.04917687004179      5.30203274837874       h
   -1.87051913853667     -3.21153928426533     -6.15523011025277       h
    0.98447134460769     -1.74157575503409     -9.61283101131778       h
    4.46747753473679      1.28874880930515     -8.55315310224166       h
    4.96961763961174      2.69903214186364     -4.09148628636942       h
    3.06504865984802     -3.49602205676651     -0.38243823801851       h
$end
