$coord
    0.08266625835045      0.06873349659674     -0.60540872436789      sr
   -2.17531627791875      0.10086734450474     -5.38878705125737       c
    2.14597998056754      0.34974295247851     -5.46747165666053       c
    1.47073094701097     -2.22178898972491     -5.16162798694992       c
   -1.20008323742278     -2.37485113674506     -5.11294788605608       c
   -0.10824672502641      1.78476639050477     -5.60882846211158       c
   -2.46137205844714     -1.57912015738727      3.71580287438796       c
    2.97307020909432      1.06806413567767      3.97362557967745       c
    2.34858110900576     -1.67942814295875      3.92828216820413       c
   -0.02307034346292     -2.71463069719734      4.03611863368861       c
   -2.98332216229998      1.06056400165656      3.73116048964060       c
   -1.39211172613176      3.10927146372867      3.51752638418889       c
    1.39917268780122      3.06706159611734      3.81702718815789       c
   -4.15786234962409      0.60758379913881     -5.50185522352142       h
    4.05126478858776      1.07900073665875     -5.66405986553871       h
    2.76847693137418     -3.80550892947526     -5.07610068324485       h
   -2.30549025107452     -4.09486492770993     -4.97646449531113       h
   -0.23134027233363      3.80581317538153     -5.92622289379419       h
   -4.07474501364739     -2.83236838271851      3.87145659181719       h
    4.96667552500632      1.48565241347375      4.25453091164968       h
    3.94551911608899     -2.94384219305013      4.16852418442647       h
   -0.06693069787263     -4.76468156557236      4.24557096419630       h
   -4.99174689946396      1.52525427005872      3.74057605006294       h
   -2.24687963938904      4.97309397979296      3.51188460683999       h
    2.26638085711796      4.92561517779737      3.97768849084816       h
$end
