$coord
    0.00000000000000      0.00000000000000      0.00000000000000      zn
    2.51862622471944     -2.51862622471944      2.51862622471944       b
   -2.51862622471944      2.51862622471944      2.51862622471944       b
    2.51862622471944      2.51862622471944     -2.51862622471944       b
   -2.51862622471944     -2.51862622471944     -2.51862622471944       b
    3.46539639927960     -0.69480637615143      3.46539639927960       h
    3.46539639927960     -3.46539639927960      0.69480637615143       h
    0.69480637615143     -3.46539639927960      3.46539639927960       h
    0.69480637615143      3.46539639927960     -3.46539639927960       h
    3.46539639927960      0.69480637615143     -3.46539639927960       h
    3.46539639927960      3.46539639927960     -0.69480637615143       h
   -3.46539639927960     -3.46539639927960     -0.69480637615143       h
   -0.69480637615143     -3.46539639927960     -3.46539639927960       h
   -3.46539639927960     -0.69480637615143     -3.46539639927960       h
   -3.46539639927960      0.69480637615143      3.46539639927960       h
   -0.69480637615143      3.46539639927960      3.46539639927960       h
   -3.46539639927960      3.46539639927960      0.69480637615143       h
$end
