$coord
    4.13442823388194     -2.97405626818682      0.00000000000000       f
   -0.33766004362945      0.24013090032613      0.00000000000000       n
   -0.29160760691369     -1.43460921005947      2.31192665825936       c
   -2.62595435387605      1.88019094582168      0.00000000000000       c
    2.04209417652189      1.81741367700118     -0.00000000000000       c
   -0.29160760691369     -1.43460921005947     -2.31192665825936       c
   -2.60978510125233      3.06850307920618     -1.68958938931037       h
   -4.31387398118156      0.68915911859677      0.00000000000000       h
   -2.60978510125233      3.06850307920618      1.68958938931037       h
    3.59851532162998      0.40372978227912     -0.00000000000000       h
    2.03005832185337      2.99968019856368     -1.69516653802576       h
    2.03005832185337      2.99968019856368      1.69516653802576       h
    1.47359274825604     -2.55772635901799      2.10132972063721       h
   -0.27600924055261     -0.22066237485919      3.98451078010791       h
   -1.99631612803961     -2.60291367911331      2.29409576945313       h
   -1.99631612803961     -2.60291367911331     -2.29409576945313       h
   -0.27600924055261     -0.22066237485919     -3.98451078010791       h
    1.47359274825604     -2.55772635901799     -2.10132972063721       h
$end
