$coord
    2.91668229327813     -0.20747492108954      1.89468816876919       b
    1.15998022546922     -2.50568575815445      1.07052437012099       n
    1.62397885410930     -2.28583086326886     -1.92807622790695       b
    0.00006387274306      0.00002116493261     -2.79246303611771       n
    1.16772583491409      2.54916457685934     -1.92793393152967       b
    1.59012252083753      2.25759854392041      1.07041797854010       n
   -1.63800704703236     -2.42194840303584      1.89459254862722       b
   -2.79134242852505     -0.26328987194435     -1.92784057905905       b
   -1.27845452623427      2.62965765016499      1.89484312631152       b
   -2.75000107904118      0.24834365006932      1.07032821654912       n
    5.06293817386006     -0.29472867858324      1.03824898172616       h
    3.24186655399696     -0.38216271594936      4.18387556358289       h
    1.92861650060635     -4.16804173734652      1.65292794657730       h
    0.97643963062736     -4.33235814830952     -2.82986789710871       h
    3.83520295198210     -1.99776271338899     -2.57888543347716       h
   -0.00013133596575     -0.00017385480358     -4.72171996490813       h
   -0.18759386840932      4.32023196473218     -2.57897028218022       h
    3.26345421834149      3.01203390516658     -2.83004798800850       h
    2.64516323097329      3.75421949474677      1.65293380472830       h
   -1.95216078738165     -2.61668997154379      4.18374781809678       h
   -2.78674075643585     -4.23710688087836      1.03817112500978       h
   -4.24024873953530      1.32016040388783     -2.82977303285718       h
   -3.64747642479874     -2.32256921785525     -2.57891925957482       h
   -2.27621083447970      4.53196708439997      1.03827676070022       h
   -1.29017460766715      2.99861231432993      4.18403203290612       h
   -4.57369204828740      0.41381241602390      1.65294967842775       h
$end
