$coord
    0.13492323285540      0.02299532133572     -0.07026776523837      rh
   -3.54466455211044      1.49319676708621     -0.16889276072211       n
   -2.09333769090552     -2.88704099413021      1.43423768990311       n
    2.08036642180467      2.88711185885993     -1.53313915231907       n
    3.56469772774380     -1.50300520157012      0.17161680093260       n
   -4.14333167852415      3.80145508898996     -1.04281002470366       o
    0.89673041571873      4.84183360308741     -2.29266392396753       o
    3.80726146148442     -3.65898958122083      1.19053199466460       o
   -1.19018050560519     -5.12018459225525      2.24659145615484       o
   -4.48576252473107     -2.41543395016200      1.63218026549574       c
   -5.30450639987755      0.05082512901935      0.72660441972686       c
    4.52063420785029      2.41035852373303     -1.66493469946349       c
    5.34259798734270      0.00115500060815     -0.70292331678004       c
   -7.27158203968054      0.64575532201908      0.80927256780343       h
   -5.80318849491471     -3.77549478736269      2.43535997832402       h
    5.80222756917969      3.79705467273317     -2.47160643719983       h
    7.30924787184952     -0.58697482395488     -0.66835512367665       h
   -2.47989553187851      4.52256947637583     -1.58773806441186       h
    0.67102398388427     -4.99481165729496      1.93441021193577       h
   -0.14733930042045     -1.40094090453723     -3.81905807682540       o
   -1.68392304552183     -2.32682412520034     -4.18078245986000       h
   -0.04109587406012     -0.06458913823001     -5.07035308123290       h
    0.68655243037869      1.47555182733077      3.62428646167205       o
    1.48698882778999      3.12572927753182      3.60294880809398       h
    1.79374863672644      0.38985163361045      4.60605020668654       h
$end
