$coord
   -0.15176296030859      0.00839265167038     -0.00000000000000      os
   -3.69125854454684     -0.53667673955205     -2.18781171398109       c
   -3.76594335563190     -2.12449020403633      0.00000000000000       c
   -3.69125854454684     -0.53667673955205      2.18781171398109       c
   -3.57036331564189      2.03233657567076      1.35209053931945       c
   -3.57036331564189      2.03233657567076     -1.35209053931945       c
   -3.73503726278790     -1.16707236761975     -4.13150917393525       h
   -3.87630128268618     -4.16533470467116      0.00000000000000       h
   -3.73503726278790     -1.16707236761975      4.13150917393525       h
   -3.50611206044318      3.68457571707518      2.55350282112658       h
   -3.50611206044318      3.68457571707518     -2.55350282112658       h
    3.18742618992613      1.19233252571737      2.32390128580140       c
    3.25530590825919      2.53184655972368      0.00000000000000       c
    3.18742618992613      1.19233252571737     -2.32390128580140       c
    3.05208476067907     -1.48830294333795     -2.32481553530111       c
    2.98461643572362     -2.82932195523093     -0.00000000000000       c
    3.05208476067907     -1.48830294333795      2.32481553530111       c
    3.13022002269743      2.22028193313950      4.09592770968314       h
    3.24771960272673      4.58125945655860     -0.00000000000000       h
    3.13022002269743      2.22028193313950     -4.09592770968314       h
    2.89629668372229     -2.50443154692469     -4.09768458806240       h
    2.77985289367953     -4.86843867926884     -0.00000000000000       h
    2.89629668372229     -2.50443154692469      4.09768458806240       h
$end
