$coord
   -0.07790981769154      0.24438297308203      0.00009618705981      mo
   -0.06952585876134      0.27945213258141      4.60554980720840       p
   -0.06845343918488      0.27865069973141     -4.60578980242639       p
   -6.04115452499100      1.04720344897378      0.00049850975201       o
    5.77931445093044     -1.13083668018285     -0.00043029063887       o
   -1.12064028492529     -5.48415567068094     -0.00048339194301       o
    3.67441220305221     -0.54627560340859      0.00063589284137       c
    0.35416869106538      2.52908189040148      6.01500714047726       h
   -0.72775412910186     -3.31462856874891      0.00028308097366       c
    0.35484653582675      2.52914236163751     -6.01411632358151       h
    1.69365815863206     -1.23478881361553     -5.93152433146781       h
   -2.25453813245950     -0.49610242990268     -5.93807109865840       h
   -2.25434311272331     -0.49565324200255      5.93961689462940       h
   -3.86627685250607      0.84084252143546     -0.00030897022159       c
    1.69343158046956     -1.23464387162167      5.92903858572179       h
$end
