$coord
    0.00000000000000      0.00000000000000      0.00000000000000      li
   -2.80295763015794     -2.80295763015794     -2.80295763015794       p
    2.80295763015794      2.80295763015794     -2.80295763015794       p
   -2.80295763015794      2.80295763015794      2.80295763015794       p
    2.80295763015794     -2.80295763015794      2.80295763015794       p
   -4.52046545530724     -1.69431635024171     -4.52046545530724       h
   -1.69431635024171     -4.52046545530724     -4.52046545530724       h
   -4.52046545530724     -4.52046545530724     -1.69431635024171       h
    4.52046545530724      1.69431635024171     -4.52046545530724       h
    4.52046545530724      4.52046545530724     -1.69431635024171       h
    1.69431635024171      4.52046545530724     -4.52046545530724       h
   -4.52046545530724      4.52046545530724      1.69431635024171       h
   -1.69431635024171      4.52046545530724      4.52046545530724       h
   -4.52046545530724      1.69431635024171      4.52046545530724       h
    4.52046545530724     -4.52046545530724      1.69431635024171       h
    1.69431635024171     -4.52046545530724      4.52046545530724       h
    4.52046545530724     -1.69431635024171      4.52046545530724       h
$end
