$coord
    3.47442210920216      4.52274465398770      2.01476779187820      hg
   -4.15987736459215     -3.67143229392426     -2.17232994372198      hg
    1.31740026990832      0.95652380698642      6.77916948901131       c
   -1.18411353987796      1.16292385185554      6.64730893528817       c
    1.11289694315177     -0.60625532167229     -6.24933336906244       c
   -0.57214368640092     -2.34835264111713     -6.93263169105232       c
   -1.22780476379940      1.42166401917916     -0.51194003559130       c
   -2.14109617236775     -0.80712848454098      0.76957584696694       c
    0.53271228311250     -0.59630459081110      0.25408747262902       c
    1.44754306258302      1.65143997622576     -1.01119396175416       c
    2.94946129368552     -1.11819630212666     -5.48972790610841       h
    0.73195612411543      1.40090575563129     -6.44478131719625       h
   -0.16438897644623     -4.35644403059250     -6.78633117308328       h
   -2.38674186044711     -1.83062418542957     -7.74456839474806       h
   -2.17372172701371      2.75193785934762      7.49287312642182       h
   -2.32810762718506     -0.24084805139091      5.67744441774329       h
    2.46372382261083      2.34055468625858      7.77469781015430       h
    2.30787962078812     -0.63310908581189      5.93291309119774       h
$end
