$coord
    0.00000000000000      0.00000000000000      0.00000000000000      rn
    3.42348718709489     -3.42348718709489     -3.42348718709489       b
   -3.42348718709489     -3.42348718709489      3.42348718709489       b
    3.42348718709489      3.42348718709489      3.42348718709489       b
   -3.42348718709489      3.42348718709489     -3.42348718709489       b
    4.36232353548804     -4.36232353548804     -1.60282620471895       h
    4.36232353548804     -1.60282620471895     -4.36232353548804       h
    1.60282620471895     -4.36232353548804     -4.36232353548804       h
    1.60282620471895      4.36232353548804      4.36232353548804       h
    4.36232353548804      4.36232353548804      1.60282620471895       h
    4.36232353548804      1.60282620471895      4.36232353548804       h
   -4.36232353548804      1.60282620471895     -4.36232353548804       h
   -1.60282620471895      4.36232353548804     -4.36232353548804       h
   -4.36232353548804      4.36232353548804     -1.60282620471895       h
   -4.36232353548804     -4.36232353548804      1.60282620471895       h
   -1.60282620471895     -4.36232353548804      4.36232353548804       h
   -4.36232353548804     -1.60282620471895      4.36232353548804       h
$end
