$coord
    0.00001511780901     -2.86063679583596      0.00000000000000      cu
   -0.00001965315171      2.86060467049182      0.00000000000000      cu
    0.00000075589045     -0.00002551130270      3.41594774677036      cl
    0.00000075589045     -0.00002551130270     -3.41594774677036      cl
   -3.30903989270415     -5.11278347988313      1.28078115704048       c
    3.30903327866271     -5.11277913351304      1.28072729984590       c
    3.30903705811496      5.11279481823988      1.28071123717382       c
   -3.30902893229262      5.11279689693862      1.28077227532769       c
    3.30903838092325      5.11279292851376     -1.28071123717382       c
    4.34825036708318      3.70614202751449      2.35468851487208       h
    4.34824980016534      3.70614278340494     -2.35468794795424       h
    2.48289528313078      6.65712606251226     -2.35386421633596       h
   -3.30903649119712      5.11278461371881     -1.28077227532769       c
   -4.34824753249399      3.70614750772025      2.35468303466631       h
   -4.34824413098696      3.70615204306295     -2.35468038904974       h
   -2.48289717285690      6.65712096025172     -2.35385986996587       h
    3.30903838092325     -5.11277119666331     -1.28072729984590       c
    4.34821465125940     -3.70613446860998      2.35467868829622       h
    4.34821238358805     -3.70613749217178     -2.35467698754271       h
    2.48287657484213     -6.65712889710145     -2.35387423188442       h
   -3.30904593982775     -5.11277403125250     -1.28078134601310       c
   -4.34820917105363     -3.70613994881575      2.35467226322739       h
   -4.34820652543706     -3.70614335032277     -2.35467018452866       h
   -2.48287978737654     -6.65712228306001     -2.35386742887037       h
   -2.48288186607528     -6.65711831463514      2.35386535017163       h
    2.48287846456826     -6.65712549559442      2.35387253113091       h
    2.48289585004862      6.65712511764920      2.35386364941812       h
   -2.48289981847348      6.65711585799118      2.35385722434929       h
$end
