$coord
    1.40075212089725      8.44924027511240      8.60704922518822      tl
    7.04286225056571     16.34511904076189      8.09257468891686      cl
   10.12536555474829      6.93462761978650      9.96221548275020      tl
    3.34698880584679      2.43840319327718     10.21707925487174      tl
   10.92593139839921      0.65630282839084      7.53243340903203      tl
    6.59064039514228      4.89800835779659      4.29423594728113      tl
    0.01160461916659      5.27592353633275     11.35074768965427       f
    2.36689633461805      4.68844869084495      6.14548328084057       f
   11.35806092976153      4.84579163445812      5.76713516604897       f
    5.37091969073691      6.73462373093574     10.62959418493760       o
   17.02024656492857      5.73455704352877      5.88177955887464       o
   16.07104695846095      4.33734362377489      7.19894947116821       c
    7.03765114180091     13.05190522641700      7.07180057159480       c
    6.91028473475040      7.89203203914759      5.61604268056985       h
    8.91257031864914     12.60099635270585      6.35059982372497       h
    6.58489713950043     11.86487621707198      8.69475954051394       h
    5.61124504388139     12.84209781637025      5.60198633072751       h
    6.22939505768060      4.14092813586461      1.11028288500181       h
    5.09229525819865      7.05464072453588     12.40681981230955       h
   10.18144827979514      2.90923015830062     10.66002576755138       h
    6.99418214967187      2.06940487643873      6.20470465200994       h
$end
