$coord
   -3.17394526168913      1.04607698323012     -0.93736122817926      pt
    3.17760925167465     -1.05053257948979     -0.93453608762103      pt
    6.56736860687434      0.30395205385857      0.00327376154052       n
   -6.57672388503326     -0.30314268415885     -0.03681167596007       n
    4.91083241723223     -4.28777327290314     -0.17642161858034       n
    7.23477962337849     -3.95770501501191      0.49307678940249       c
    8.21515838811530     -1.41020698762301      0.61791644365005       c
   -7.11569002778684     -2.14288744376250     -0.01793633552405       h
   -8.22065257785377      1.41226168683971      0.58474400226325       c
   -7.22578093653953      3.95559778140891      0.50039494279768       c
   -4.89590754926242      4.28153698771503     -0.14974227616216       n
   -0.91075615199783     -3.12778529955681     -1.95154624844550      br
    0.91738096487743      3.12812847382127     -1.92277573509640      br
  -10.15250466753290      0.91473478138332      1.11293265897555       h
   -8.41341824872447      5.58022575644245      0.97941538235783       h
    8.42935317530857     -5.58188739262496      0.95667819761090       h
   10.13916981512543     -0.90881767093788      1.17031022436388       h
    7.09354205964598      2.14688969472456      0.05252474869699       h
$end
