$coord
   -0.78466795569889     -6.40663171513904      0.00000000000000      kr
   -2.29680695952597      0.43222741917564      2.64428148476294       c
   -4.53620422831948      0.46988984983760      1.33383389521706       c
   -4.53620422831948      0.46988984983760     -1.33383389521706       c
   -2.29680695952597      0.43222741917564     -2.64428148476294       c
    0.04443256348063      0.38442188353288     -1.35165268977608       c
    0.04443256348063      0.38442188353288      1.35165268977608       c
    2.38466958677744      0.30560613113658     -2.64434176702636       c
    2.38466958677744      0.30560613113658      2.64434176702636       c
    4.62291450057937      0.22420976874274      1.33380290370859       c
    4.62291450057937      0.22420976874274     -1.33380290370859       c
   -2.29277031554842      0.42808532848027      4.69897408742103       h
   -6.32055091065169      0.49865223736437      2.34768972519217       h
   -6.32055091065169      0.49865223736437     -2.34768972519217       h
   -2.29277031554842      0.42808532848027     -4.69897408742103       h
    2.38039143580100      0.30222087575463     -4.69901301577923       h
    2.38039143580100      0.30222087575463      4.69901301577923       h
    6.40625849422917      0.15800245803111      2.34761564792803       h
    6.40625849422917      0.15800245803111     -2.34761564792803       h
$end
