$coord
   -1.49909894869526      1.00309478455113      2.84735126528038      in
   -1.41693649132998      1.70422040486759     -6.08785457085011       h
    1.05800304481073      3.62574967661134     -5.01372800478791       h
   -4.32313647378770     -2.44322766407662     -0.98900933292645       c
   -6.66262044122334     -1.19370465585739      0.14528630195727       c
   -6.13139291592796     -0.52470891502406      2.80627863485161       n
   -0.63375159269470     -1.75282227109982      5.80085846260147       c
   -2.01950004404270     -1.36091537135483      8.31055289678680       c
   -2.25534674626878      5.04996104660823      2.50109183394237       c
   -5.00178531361740      5.84555483184927      2.92942396065468       c
   -2.23916596631570     -0.83737789755622     -0.77173542598362       o
   -4.72835630511710     -2.88491656401946     -2.98756100697301       h
   -3.99828858431929     -4.27701392823267     -0.02362516705349       h
   -7.03508886214679      0.56522615494442     -0.88581686939639       h
   -8.32123589652179     -2.43616027733834     -0.06112092387114       h
   -1.64856740354177      5.55024865296195      0.58306498060038       h
   -1.00171944187669      6.06639502993691      3.80127877754241       h
   -5.27236442614721      7.89173251755664      2.70436343721005       h
   -6.27704374605491      4.92396525791684      1.57966666618289       h
   -5.65676797933667      5.35609044290907      4.83462921120500       h
   -1.56027354078837     -2.82759398966140      9.70684583094475       h
   -1.54176972050871      0.46461732497370      9.16533177045561       h
   -4.08077626355084     -1.38255046782512      8.07717172023719       h
   -6.17703225851260     -2.09451688000808      3.91042841371178       h
   -7.43934228753539      0.69304817496389      3.49668119323923       h
    1.49909894869526     -1.00309478455113     -2.84735126528038      in
    4.32313647378770      2.44322766407662      0.98900933292645       c
    6.66262044122334      1.19370465585739     -0.14528630195727       c
    6.13139291592796      0.52470891502406     -2.80627863485161       n
    0.63375159269470      1.75282227109982     -5.80085846260147       c
    2.01950004404270      1.36091537135483     -8.31055289678680       c
    2.25534674626878     -5.04996104660823     -2.50109183394237       c
    5.00178531361740     -5.84555483184927     -2.92942396065468       c
    2.23916596631570      0.83737789755622      0.77173542598362       o
    4.72835630511710      2.88491656401946      2.98756100697301       h
    3.99828858431929      4.27701392823267      0.02362516705349       h
    7.03508886214679     -0.56522615494442      0.88581686939639       h
    8.32123589652179      2.43616027733834      0.06112092387114       h
    1.64856740354177     -5.55024865296195     -0.58306498060038       h
    1.00171944187669     -6.06639502993691     -3.80127877754241       h
    5.27236442614721     -7.89173251755664     -2.70436343721005       h
    6.27704374605491     -4.92396525791684     -1.57966666618289       h
    5.65676797933667     -5.35609044290907     -4.83462921120500       h
    1.56027354078837      2.82759398966140     -9.70684583094475       h
    1.54176972050871     -0.46461732497370     -9.16533177045561       h
    4.08077626355084      1.38255046782512     -8.07717172023719       h
    6.17703225851260      2.09451688000808     -3.91042841371178       h
    7.43934228753539     -0.69304817496389     -3.49668119323923       h
    1.41693649132998     -1.70422040486759      6.08785457085011       h
   -1.05800304481073     -3.62574967661134      5.01372800478791       h
$end
