$coord
    0.00000623609622     -0.00000812582234      1.02152547242972       v
   -2.01539348019849     -3.69260762002812     -0.29229981359361       c
    1.91529166374735     -2.66250014537021     -1.79487888192234       c
    2.22457822548675     -3.84198687980149      0.58306687032650       c
   -0.19003029230345     -4.40220979585496      1.55298618992903       c
   -0.72188747434398     -2.64041245949276     -2.36350257546854       c
    2.01539348019849      3.69261895838488     -0.29228866420947       c
    0.72190070242686      2.64043041189095     -2.36349974087935       c
   -1.91528637251420      2.66247822454715     -1.79489494459441       c
   -2.22459013076134      3.84197894295176      0.58304665025696       c
    0.18999703312363      4.40219978030649      1.55299488266921       c
   -4.03931964077329     -3.89955001629538     -0.11621758982549       h
    3.42778763683962     -2.01892896880745     -3.00837293874286       h
    4.00405054824979     -4.19423069583503      1.51412642879370       h
   -0.59114185903512     -5.20364774811299      3.38859906335838       h
   -1.56919663858229     -1.97192505498729     -4.09664864020018       h
    4.03929847584068      3.89958781081790     -0.11620020434513       h
    1.56923840152968      1.97194489711162     -4.09664127026829       h
   -3.42775097615278      2.01892462243736     -3.00840978840231       h
   -4.00407738236078      4.19421047576548      1.51409222475082       h
    0.59110349759477      5.20363792153714      3.38859547287874       h
    3.43328673986601      0.30614092363021      4.12240995366639      br
   -3.43325877191935     -0.30614508102769      4.12241146544729      br
$end
