$coord
    0.00000000000000      0.00000000000000      0.00000000000000      hg
    2.74067641444550     -2.74067641444550      2.74067641444550       b
   -2.74067641444550      2.74067641444550      2.74067641444550       b
    2.74067641444550      2.74067641444550     -2.74067641444550       b
   -2.74067641444550     -2.74067641444550     -2.74067641444550       b
    3.70447264345486     -0.93722970324090      3.70447264345486       h
    3.70447264345486     -3.70447264345486      0.93722970324090       h
    0.93722970324090     -3.70447264345486      3.70447264345486       h
    0.93722970324090      3.70447264345486     -3.70447264345486       h
    3.70447264345486      0.93722970324090     -3.70447264345486       h
    3.70447264345486      3.70447264345486     -0.93722970324090       h
   -3.70447264345486     -3.70447264345486     -0.93722970324090       h
   -0.93722970324090     -3.70447264345486     -3.70447264345486       h
   -3.70447264345486     -0.93722970324090     -3.70447264345486       h
   -3.70447264345486      0.93722970324090      3.70447264345486       h
   -0.93722970324090      3.70447264345486      3.70447264345486       h
   -3.70447264345486      3.70447264345486      0.93722970324090       h
$end
