$coord
   -3.04988984378382     -1.76085474097060      1.37899627092751      li
    0.00000000000000      3.52170948194120      1.37899627092751      li
   -3.04988984378382      1.76085474097060     -1.37899627092751      li
    0.00000000000000     -3.52170948194120     -1.37899627092751      li
    3.04988984378382     -1.76085474097060      1.37899627092751      li
    3.04988984378382      1.76085474097060     -1.37899627092751      li
    3.23674350646962      1.86873467015597      2.45283106327587       n
    4.88785107986984      2.82200210108223      2.71100941502226       h
    2.67573162975859      1.54483428936709      4.26662478091027       h
    3.23674350646962     -1.86873467015597     -2.45283106327587       n
    4.88785107986984     -2.82200210108223     -2.71100941502226       h
    2.67573162975859     -1.54483428936709     -4.26662478091027       h
    0.00000000000000      3.73746952928456     -2.45283106327587       n
    0.00000000000000      3.08966876770680     -4.26662478091027       h
    0.00000000000000      5.64400420216445     -2.71100941502226       h
   -3.23674350646962     -1.86873467015597     -2.45283106327587       n
   -4.88785107986984     -2.82200210108223     -2.71100941502226       h
   -2.67573162975859     -1.54483428936709     -4.26662478091027       h
   -3.23674350646962      1.86873467015597      2.45283106327587       n
   -2.67573162975859      1.54483428936709      4.26662478091027       h
   -4.88785107986984      2.82200210108223      2.71100941502226       h
    0.00000000000000     -3.73746952928456      2.45283106327587       n
    0.00000000000000     -3.08966876770680      4.26662478091027       h
    0.00000000000000     -5.64400420216445      2.71100941502226       h
$end
