$coord
    0.00000000000000      0.00000000000000      0.00000000000000      br
    7.87580836241145     -2.26860052942545      0.00000000000000       c
    9.20283338542425     -0.00000000000000     -0.00000000000000       c
    7.87580836241145      2.26860052942545     -0.00000000000000       c
    5.25908305298911      2.20826970004755     -0.00000000000000       c
    4.02420315457431     -0.00000000000000     -0.00000000000000       n
    5.25908305298911     -2.20826970004755     -0.00000000000000       c
   -5.25908305298911     -2.20826970004755     -0.00000000000000       c
   -4.02420315457431      0.00000000000000      0.00000000000000       n
   -5.25908305298911      2.20826970004755      0.00000000000000       c
   -7.87580836241145     -2.26860052942545      0.00000000000000       c
   -9.20283338542425      0.00000000000000      0.00000000000000       c
   -7.87580836241145      2.26860052942545     -0.00000000000000       c
    8.84350800970649     -4.07521933490499     -0.00000000000000       h
   11.25419666859372     -0.00000000000000      0.00000000000000       h
    8.84350800970649      4.07521933490499      0.00000000000000       h
    4.11161092474728      3.90952380181531     -0.00000000000000       h
    4.11161092474728     -3.90952380181531     -0.00000000000000       h
   -4.11161092474728     -3.90952380181531      0.00000000000000       h
   -4.11161092474728      3.90952380181531      0.00000000000000       h
   -8.84350800970649     -4.07521933490499     -0.00000000000000       h
  -11.25419666859372      0.00000000000000     -0.00000000000000       h
   -8.84350800970649      4.07521933490499     -0.00000000000000       h
$end
