$coord
    1.97401339132903     -0.48967169189621      1.62875381408424      ag
   -1.97401339132903      0.48967169189621     -1.62875381408424      ag
   -0.60993801994646      4.13389174063479      1.99802935374536       i
    0.60993801994646     -4.13389174063479     -1.99802935374536       i
    7.84195543064671     -5.29409344200596     -1.17881985008145       c
    6.05154423923124     -5.27449055701147     -2.14773629202896       h
    7.48506232142561     -1.99929584819494      4.14067396770067       c
    9.37248883961077     -2.67559783714887      4.41586344505987       h
    9.70844529513772     -5.25816974835246     -0.06101226461890       n
    5.45834201180104     -1.31061634208893      3.78434872118040       n
   -7.84195543064671      5.29409344200596      1.17881985008145       c
   -6.05154423923124      5.27449055701147      2.14773629202896       h
   -7.48506232142561      1.99929584819494     -4.14067396770067       c
   -9.37248883961077      2.67559783714887     -4.41586344505987       h
   -9.70844529513772      5.25816974835246      0.06101226461890       n
   -5.45834201180104      1.31061634208893     -3.78434872118040       n
$end
