$coord
   -5.99378627197377      2.34953901117898     -0.00000000000000       f
   -3.84043144622726      0.27535539531305     -0.00000000000000      si
   -1.16022702370126      1.81341652829966     -0.00000000000000       o
    0.56614966410215     -0.41330162305207     -0.00000000000000       n
   -4.24267023459303     -1.42519705114416     -2.42574335104189       f
   -4.24267023459303     -1.42519705114416      2.42574335104189       f
    2.07875240672054     -0.16796830670131      2.29516762211175       c
    2.07875240672054     -0.16796830670131     -2.29516762211175       c
    0.83836905890926     -0.28101550300537      3.94224818913766       h
    3.13982304395145      1.62104977861414      2.34016672548493       h
    3.39987316942555     -1.75937357363311      2.34992508222650       h
    0.83836905890926     -0.28101550300537     -3.94224818913766       h
    3.13982304395145      1.62104977861414     -2.34016672548493       h
    3.39987316942555     -1.75937357363311     -2.34992508222650       h
$end
