$coord
    2.12653772229375      2.12653772229375     -2.12653772229375      hg
   -2.75026696350709      2.75026696350709     -2.75026696350709       s
   -2.12653772229375     -2.12653772229375     -2.12653772229375      hg
    2.75026696350709     -2.75026696350709     -2.75026696350709       s
    2.75026696350709      2.75026696350709      2.75026696350709       s
   -2.12653772229375      2.12653772229375      2.12653772229375      hg
   -2.75026696350709     -2.75026696350709      2.75026696350709       s
    2.12653772229375     -2.12653772229375      2.12653772229375      hg
$end
