$coord
    1.98633572847824      1.98633572847824     -1.98633572847824      au
   -1.59610841731396      1.59610841731396     -1.59610841731396       h
   -1.98633572847824     -1.98633572847824     -1.98633572847824      au
    1.59610841731396     -1.59610841731396     -1.59610841731396       h
    1.59610841731396      1.59610841731396      1.59610841731396       h
   -1.98633572847824      1.98633572847824      1.98633572847824      au
   -1.59610841731396     -1.59610841731396      1.59610841731396       h
    1.98633572847824     -1.98633572847824      1.98633572847824      au
$end
