$coord
   -0.05377895992676     -1.34410039931389     -0.24012182964072      cr
   -0.39704733275268      1.78196959583843     -2.66584836212009       c
   -0.37766913619456      1.92838387532025      1.98551766603834       c
    0.23159028310009     -4.73275350883947     -0.12222276150840       c
    0.60039471403802      3.11990476366655     -0.38394246001474       c
    3.61121371427825     -1.06043512233477     -0.27160750148754       c
   -3.63607551810853     -1.67387197020335     -0.21895878675668       c
    0.34951372869944     -5.77640843009402      1.66572195936754       h
    2.40919123990506      4.57557742804322     -0.43745818109216       o
   -5.78746786327328     -1.94929445079387     -0.20656331720640       o
    0.83505655798316      1.97830099093611     -4.30674083197410       h
    5.77188707136517     -1.09323188616774     -0.28773990445180       o
    0.86820273217680      2.22648854962743      3.60045304679949       h
   -2.36632261376623      2.27372187619927      2.40754056413408       h
    0.33581132456048     -5.92023661937254     -1.81826291992217       h
   -2.38918055201260      2.10102868726535     -3.09224692106037       h
$end
