$coord
    3.61589966815266      3.22779603120867     -5.40395229239039      sr
   -0.59336984613757      3.15474224274288     -5.03440482113975       o
   -1.30956867792473      0.29412037574331     -8.21508090934414      sr
    3.11285948672394     -0.01689112800381     -8.20754128004699       o
    3.85212393765870     -0.21994881427405     -2.35250531427882       o
   -1.18501475026740      0.11736351974824     -1.70188810488300      sr
   -1.01332273823499     -2.79875261158257     -5.18785266126220       o
    3.14652684738311     -3.43962015697699     -5.57581192313017      sr
   -2.44416534618030      0.02243520651200      6.64445847239985       c
   -1.84291685387860      0.03674345684693      3.83010976212755       c
   -3.73081996099272      0.21223986551602      2.33958960312607       o
    0.50645982982617     -0.12480412739639      2.97479439521160       n
   -3.46698093463617      1.75675176760603      7.11961933532044       h
   -0.76552843155047     -0.12906753850905      7.84189344762978       h
   -3.71598239836993     -1.55820353479005      7.04923875343236       h
    1.74568401963181     -0.24975244089619      4.42845072181193       h
    4.08811577085125     -0.28515173554976     -0.54911718458412       h
$end
