$coord
    0.00000000000000      0.00000000000000      2.83438377563179      se
    0.00000000000000      0.00000000000000     -2.16728172934923       p
    1.18614820799772      2.05446885908478     -3.37562193610655       h
    1.18614820799772     -2.05446885908478     -3.37562193610655       h
   -2.37229622702284      0.00000000000000     -3.37562193610655       h
    3.03466148579820      0.00000000000000      3.15325446136395       o
   -1.51733083738540      2.62809409076841      3.15325446136395       o
   -1.51733083738540     -2.62809409076841      3.15325446136395       o
$end
