$coord
   -0.68693169841216      0.79347974862400      2.57830377577561      ca
    0.44062441721612     -2.37605356947898     -3.50335740666945      ca
    2.69769912905443     -1.61523546926995      3.47321041681023       o
    3.64827370025126     -3.57147107309689     -0.53801825612883       n
    0.69228585944470      3.68465319584634     -0.36407595822568       n
    3.22136642703789     -2.64484292239495      1.44754740895311       c
    0.94668060154179      2.36965722448801     -2.13170404454937       c
   -2.11433028049300     -1.73054391185626     -0.00617052271893       h
   -3.73653978403061      4.84870445830860      2.40055519150966       h
   -0.60031666834902     -4.03522838371070     -6.79437687103694       h
   -4.50881170326138      4.27688070254079      3.43808664422582       h
$end
