$coord
    0.00044049515995      0.00000000000000      0.00000000000000      co
    1.69138292837647      2.93048995516230     -0.00000000000000       b
    1.69138292837647     -2.93048995516230     -0.00000000000000       b
   -3.38260163955259      0.00000000000000     -0.00000000000000       b
    0.00022374357331     -0.00000000000000      3.36327314279158       b
    0.00022374357331     -0.00000000000000     -3.36327314279158       b
    2.88032037213603      4.99083151612857     -0.00000000000000       f
    2.88032037213603     -4.99083151612857     -0.00000000000000       f
   -5.76160733918546     -0.00000000000000     -0.00000000000000       f
   -0.00004270781045     -0.00000000000000      5.74347485008954       f
   -0.00004270781045     -0.00000000000000     -5.74347466111692       f
$end
