$coord
    4.39012745392374     -2.53464127569129     -2.24269843136285      se
    2.23851760128190      3.87722611465220      0.00000000000000       h
    4.47703520256379      0.00000000000000      0.00000000000000       h
    4.39012745392374      2.53464127569129      2.24269843136285      se
    2.23851760128190     -3.87722611465220      0.00000000000000       h
    0.00000000000000     -5.06928255138257      2.24269843136285      se
   -2.23851760128190     -3.87722611465220      0.00000000000000       h
    0.00000000000000      5.06928255138257     -2.24269843136285      se
    0.00000000000000      7.50826570160779     -0.93396123293353       h
    6.50234880006023      3.75413294529020      0.93396123293353       h
    6.50234880006023     -3.75413294529020     -0.93396123293353       h
    0.00000000000000     -7.50826570160779      0.93396123293353       h
   -4.39012745392374     -2.53464127569129     -2.24269843136285      se
   -2.23851760128190      3.87722611465220      0.00000000000000       h
   -6.50234880006023     -3.75413294529020     -0.93396123293353       h
   -4.39012745392374      2.53464127569129      2.24269843136285      se
   -4.47703520256379      0.00000000000000      0.00000000000000       h
   -6.50234880006023      3.75413294529020      0.93396123293353       h
$end
