$coord
   -2.67997557669215      4.29853564113541      3.40486695968587       i
   -0.35401902475621      4.37275917007314      0.00000000000000       c
    0.48730121944388     -4.82793410051352     -0.00000000000000       c
    1.08955277837321      2.29119201628806     -0.00000000000000       f
    2.16438704686956      7.64084491817662     -0.00000000000000       i
   -2.67997557669215      4.29853564113541     -3.40486695968587       i
    0.43501457623875     -7.36210426748162     -0.00000000000000       f
   -3.41062457724629     -3.48510208537534      0.00000000000000       i
    2.47416947274440     -3.61336327774647      3.40430986842395       i
    2.47416966171701     -3.61336327774647     -3.40430986842395       i
$end
