$coord
    1.65245778271718     -2.39720414017059      0.73398568997465      as
   -4.46004807647278     -1.15179619956313      1.31908004746164      as
   -0.09132573934981      3.27283481883050      1.03754619257994      as
    4.96084987730537      0.15425947749353      0.65377494175221      cl
   -2.84971039937596      4.90030531990264      0.99686605826752       f
    1.23561519085039      4.41875491500512      3.71733789892004       f
    2.10139151468152     -2.24325854618657     -4.05965233799760       o
   -0.84264248557039     -0.10717714003915      1.17496839926424       c
   -3.73691791822841     -3.89576338308429      0.83733367796487       h
    1.24249851826401     -3.56454484890022     -4.98591482669418       h
    3.84977746472816     -2.35626227878973     -4.58405455047143       h
    1.43607658239623      4.48125004771502     -1.00842645784276       h
   -4.49802231194551     -1.51139823118573      4.16715526682086       h
$end
