$coord
    0.00000000000000      0.00000000000000      0.00000000000000      sr
   -8.32031465503541      1.30027443791967      0.00000000000000       c
   -8.32031465503541     -1.30027443791967      0.00000000000000       c
   -5.68773303163580     -2.14179801665091      0.00000000000000       c
   -4.67192832710704     -4.67192832710704      0.00000000000000       c
   -4.28935913106800      0.00000000000000      0.00000000000000       n
   -5.68773303163580      2.14179801665091      0.00000000000000       c
   -4.67192832710704      4.67192832710704      0.00000000000000       c
   -2.14179801665091      5.68773303163580      0.00000000000000       c
    0.00000000000000      4.28935913106800      0.00000000000000       n
   -1.30027443791967      8.32031465503541      0.00000000000000       c
    2.14179801665091      5.68773303163580      0.00000000000000       c
    1.30027443791967      8.32031465503541      0.00000000000000       c
    4.67192832710704      4.67192832710704      0.00000000000000       c
    5.68773303163580      2.14179801665091      0.00000000000000       c
    8.32031465503541      1.30027443791967      0.00000000000000       c
    4.28935913106800      0.00000000000000      0.00000000000000       n
    5.68773303163580     -2.14179801665091      0.00000000000000       c
    8.32031465503541     -1.30027443791967      0.00000000000000       c
    4.67192832710704     -4.67192832710704      0.00000000000000       c
    2.14179801665091     -5.68773303163580      0.00000000000000       c
    1.30027443791967     -8.32031465503541      0.00000000000000       c
    0.00000000000000     -4.28935913106800      0.00000000000000       n
   -1.30027443791967     -8.32031465503541      0.00000000000000       c
   -2.14179801665091     -5.68773303163580      0.00000000000000       c
    9.97704151804362      2.50325141295906      0.00000000000000       h
    9.97704151804362     -2.50325141295906      0.00000000000000       h
    6.12703917590648     -6.12703917590648      0.00000000000000       h
    2.50325141295906     -9.97704151804362      0.00000000000000       h
   -2.50325141295906     -9.97704151804362      0.00000000000000       h
   -6.12703917590648     -6.12703917590648      0.00000000000000       h
   -9.97704151804362      2.50325141295906      0.00000000000000       h
   -9.97704151804362     -2.50325141295906      0.00000000000000       h
   -6.12703917590648      6.12703917590648      0.00000000000000       h
    2.50325141295906      9.97704151804362      0.00000000000000       h
   -2.50325141295906      9.97704151804362      0.00000000000000       h
    6.12703917590648      6.12703917590648      0.00000000000000       h
$end
