$coord
    0.87771750322075     -1.09252475065142      3.02823981847714       s
    0.87771769219336     -1.09252493962404     -3.02823962950452       s
   -3.14342372811176      1.76762241714531     -0.00000000000000       s
   -0.99169009840866      1.62507206067314      2.40958298013096       o
   -0.99169028738127      1.62507206067314     -2.40958298013096       o
    0.89117632166208     -2.39463052215971     -0.00000018897261       o
    4.04484463304760      0.30530094036725      4.01348802949519       s
    4.04484463304760      0.30530094036725     -4.01348802949519       s
   -5.39901122548898     -1.08289092686155     -0.00000000000000       s
$end
