$coord
    5.82807864463688      0.64446407215725     -0.66906395994648      sc
   -6.05349897193588     -4.66481218543471      0.30713945491514      cl
    1.71158164401846      2.24363705832959      2.08353700429872       p
    0.23080188936036     -1.09933985895190     -1.97509677131702      sc
   -4.07921383798994      3.14475692989358     -1.26171967858106      sc
    2.97999737815406     -2.63056547459588      3.21126924240193      sc
   -4.62934372680493      5.93170517825806     -3.34589333161161       f
    6.48173264391703     -1.24173110048428      2.73773373292223       f
    4.21678268742161      3.60341349174834      0.93913209053185       o
   -0.55300435122511      2.52309788365118     -0.09424139778947       o
   -3.12335993891515     -3.95677848229237      1.04216298247814       c
   -0.93152972232732     -3.48240960359115      1.67680633693166       c
   -6.58429299405797      2.79542253620350      1.15108641843024       h
    2.88648560362180     -4.33194032986308      6.30011730205225       h
   -3.35911801298593      0.03545730924563     -3.08746383526309       h
   -0.03290372233169     -3.15492535720448     -4.79504360626471       h
    3.28289439791654      0.53402715455091     -3.31761906034316       h
    8.96515591652739      1.04056219547689     -2.25463828794418       h
    3.59688581079161     -2.82136809796698     -0.56498710458949       h
$end
