$coord
    0.00000000000000     -4.75852786141595     -0.68779832681350      sn
    0.00000000000000      0.00000000000000      1.75032953336713      sn
    0.00000000000000      4.75852786141595     -0.68779832681350      sn
    0.00000000000000     -7.61595590229012      1.52887290661722       f
   -2.89551244738004     -5.09639860950845     -2.83741338455684       f
    2.89551244738004     -5.09639860950845     -2.83741338455684       f
    2.88649202869063      0.00000000000000      3.95858751711271       f
   -2.88649202869063      0.00000000000000      3.95858751711271       f
    2.89551244738004      5.09639860950845     -2.83741338455684       f
    0.00000000000000      7.61595590229012      1.52887290661722       f
   -2.89551244738004      5.09639860950845     -2.83741338455684       f
$end
