$coord
   -0.94896981577071     -0.41967377954863     -1.52480413729553      cr
   -3.35888463180938     -0.68901606632904     -4.02356083666412       c
    2.19438758295402     -0.22634478131979      1.40158303347481       c
    0.69119529849743      2.51625272870530     -2.58085981933351       c
   -1.83097794216034     -3.18692711325628      0.47238391037857       c
   -3.16439496379402      1.57617596408311      0.38265480063254       c
    1.28990966806429     -2.42397362252497     -3.40782759360733       c
   -2.25169503950308     -4.84811524170254      1.84599540671031       o
   -4.58656883108195      2.80606358401848      1.51634534521074       o
    1.81082854837023      4.34097208690924     -3.07078152199619       o
    2.67526486740549     -3.66572116362654     -4.57036820900454       o
   -4.87722382705557     -0.86715771362918     -5.61747169146626       o
    1.58487116090625      1.36469123312700      3.72436144401220       c
    3.88037893372066      0.51647934671834      0.45567514094591       h
    2.64257392823557     -2.16710900838132      1.96882495927774       h
    1.15764698062156      3.32628250976738      3.20901801166814       h
    3.16369047389428      1.41473571628374      5.08746681897434       h
   -0.07203258046735      0.63238550967828      4.73136493808216       h
$end
