$coord
   -3.09782047929612      1.13535955069260      0.92422989927555      ag
    1.14213421885398     -2.02446170895888     -2.47796933403837      ag
   -0.20475277060517      3.20422037497969      0.89627347994149       h
    4.69924072777740     -2.11499149566446     -3.21954869947737       f
   -2.57546918658675     -2.00724705984231     -1.75979857303883       f
    0.48835322997817     -1.49978662003248      3.25727689260851       f
    2.23744688245896     -0.48074878307490      1.55815496882862       c
    1.73611784803724      1.95337607025322      0.35109335076808       b
   -5.77208246904659      2.63426650321347      2.74930603777207       h
    0.68444784239227     -3.63746106530404     -4.96078033538394       h
   -6.45954858200716      1.45722412952604      2.14718052357533       h
    3.98517653062207     -1.56306372141327      1.63392297092905       h
    3.13675582947649      2.94331382562533     -1.09934099278757       h
$end
