$coord
   -2.19846391118022      0.72274900048478      0.47863701412920       w
   -7.68548081618840      4.96088067984122      4.54901146919259       o
   -3.94791113141916      3.15059316006084      2.82589436998376       n
   -0.39405570732276     -1.93136586314693      2.31074898093769       n
   -0.16693670520918      2.50756490181405     -2.02588712937565       n
   -4.31465500498940     -0.87727039401936     -1.28067155292518       n
    1.98469809181753      3.99340061872202     -1.12712091170148       c
   -5.88103878623328      4.02948512806884      3.65824219453804       c
   -0.32815472121614      2.43534353770672     -4.77657814742540       c
    1.85697414858400      5.95141218716209     -1.81303650437574       h
    1.67331091051657     -1.51642471370803      4.10023704114066       c
    1.40074493993797      1.61959053209972     -5.59829040437046       h
    1.03433082357671     -2.51313468059755      6.73081631073726       c
    3.42223505456387     -2.40561058684169      3.40629181318481       h
   -1.94857427616729      1.29668830465054     -5.34938172618949       h
   -0.80055696193813     -3.78395962657108      2.06945816671548       h
    3.78787343835045      3.18943459085275     -1.78117515497510       h
    2.05580130497616      0.52319713412333      4.21536577077241       h
   -0.65428044349089     -1.57586869461504      7.46957261431677       h
    2.60415296150668     -2.18331907908936      8.03811977395486       h
    0.66801705167273     -4.54989245951249      6.67425208347352       h
    2.02499725734296      4.07002523367532      0.94518280461439       h
   -0.54625576128427      4.35697523260649     -5.54136278277271       h
$end
