$coord
   -0.45023480840203     -0.04340795397516      0.23392277205730      fe
    2.72599116374846      0.66770127843709     -1.72364716738715       o
   -3.71090319248871     -0.23145913610695      2.66039839197297       p
   -2.34411266260843     -0.34502657401347     -3.45940653437831       p
    0.53821006333061     -4.00793695900034      0.55318179650834       p
   -0.01308994390155      4.03969645216279      0.10104063239049       p
    5.03276812934210      0.60627554174184     -0.44816385754065       c
   -6.24526403282291     -0.58979429533474      1.81056115212342       h
   -4.27154676157781      1.87162141578591      4.23618072610405       h
   -3.84093978255513     -2.07420345799025      4.61277196251640       h
   -4.69861144897747      0.84311019278655     -3.97812067121315       h
   -1.02757864315623      0.59764894197707     -5.59744437398389       h
   -3.02858941781043     -2.71630745118885     -4.53338078851476       h
    0.38865222443834     -5.30612117085214      2.89478150131454       h
   -0.68385068893648     -5.92164918965165     -0.89636626549427       h
    3.04493101345683     -4.70355667327636     -0.07722290224477       h
   -1.59863517011691      5.79299077684886      1.40594357651035       h
   -0.07517273837077      5.27294835152012     -2.27277417854713       h
    2.31961708770135      4.98652653104114      0.97945752325043       h
    0.99005416250146      0.17379660001884      2.72564099749733       h
    6.56535264704322      1.06445343596890     -1.78626985661055       h
    5.15331054637935      1.97772594727599      1.13195502010417       h
    5.47961541469084     -1.26056751256210      0.38256201507976       h
$end
