$coord
    1.70894604299065      2.64175983422053     -0.00000000000000      sc
    6.34877094678032     -9.20950600837483     -0.00000000000000       s
    2.96035461993831     -6.87661113799501     -0.00000000000000      sc
    2.83769608758528     -1.92838727682728      0.00000000000000       s
    1.86070522384699      6.96108775397408     -0.00000000000000       s
   -2.96035461993831      6.87661113799501      0.00000000000000      sc
   -2.83769608758528      1.92838727682728      0.00000000000000       s
   -1.86070522384699     -6.96108756500146     -0.00000000000000       s
   -1.70894604299065     -2.64175983422053      0.00000000000000      sc
   -6.34877094678032      9.20950600837483     -0.00000000000000       s
$end
