$coord
    0.02761211123393      2.09604963686881      0.00000000000000      hf
    3.49313001990342     -0.06821193218599      0.00000000000000       c
   -3.51309044108093      0.00363356539490     -0.00000000000000       c
    4.55072960818627      0.55026500423300     -1.69366231602953       h
    4.55072960818627      0.55026500423300      1.69366231602953       h
    3.43372005406668     -2.13793617234000      0.00000000000000       h
   -5.06567449729037      1.39943554870533     -0.00000000000000       h
   -3.73857860954785     -1.19675032745452     -1.68090798748795       h
   -3.73857860954785     -1.19675032745452      1.68090798748795       h
$end
