$coord
    3.33357042754456      0.07609568061067     -2.81707652993505      cl
    2.36091270581298      1.71002696633467     -0.00000000000000       c
    0.29822316013527      1.76561855156140      0.00000000000000       h
    3.25882023193554      3.56281537154978     -0.00000000000000       h
    3.33357042754456      0.07609568061067      2.81707652993505      cl
   -2.95884831924335     -1.28144426193806      0.00000000000000       n
   -2.37653412683280     -2.27769313565287      1.53147090209512       h
   -2.37653412683280     -2.27769313565287     -1.53147090209512       h
   -4.87318038006397     -1.35382171742340     -0.00000000000000       h
$end
