$coord
   -1.24630102517456      0.21018327657319      0.00000037794523      os
    2.54551287009363      1.84865066088983      1.34211278537466       c
    2.42498065757747     -0.73308807006485      2.18493762951620       c
    2.35979001952158     -2.29559356638053     -0.00001171630198       c
    2.42498235833098     -0.73307314122845     -2.18492137787151       c
    2.54551041344967      1.84862874006677     -1.34211297434727       c
    2.64897443062402      3.49914388432651      2.54321817565894       h
    2.41941220160226     -1.37537725642379      4.12387222374262       h
    2.17191458191950     -4.33126116229343     -0.00000359047964       h
    2.41940936701307     -1.37537347697154     -4.12388375107198       h
    2.64897329678835      3.49915919110813     -2.54322138819336       h
   -3.35016335676571      1.55340268556718     -2.54122300281521       c
   -3.28007398167362     -3.02107775645995      0.00001360602811       c
   -3.35015541991598      1.55339966200538      2.54121487699287       c
   -4.54731884150162      2.41328741025558     -4.14140189020437       o
   -4.28815386374490     -4.97432230177480     -0.00000548020577       n
   -4.54729389711676      2.41331084285954      4.14141530725987       o
$end
