$coord
   -1.13594347606551     -0.76751982494195     -0.49453414619079      ti
    0.99497614316900     -4.06956584125412     -3.05652561707495       c
   -1.64732717628534     -4.36207276883113     -3.41535342790376       c
   -2.54155653947643     -2.19214825749482     -4.69211494850182       c
   -0.47978842425772     -0.53857364663723     -5.08111015823201       c
    1.71490189282168     -1.73545285341354     -4.10251491701283       c
   -4.15183884759776      2.19599649577762      1.31944155206953       c
   -5.50846378475633      0.69529940569768     -0.42772760332463       c
   -5.54996594993352     -1.81967492328344      0.49455965749349       c
   -4.16153881180205     -1.88696788165441      2.77317989278372       c
   -3.30532110066098      0.60304675568312      3.29051793105368       c
    1.93357570887857      1.19033848670931      1.28590288175953       c
    1.02767256254468      2.55569849391228     -0.54308026550230       c
    1.73949573348730      4.96927843377214     -1.80808391014496       c
    3.82892622665489      1.08544545863855      3.20715474170800       c
    5.61807791560745     -1.13218424388324      3.04084183509298       c
    3.96373550902490      2.72613081450916      5.16669585447438       c
    2.16474099257294      4.65441736893393     -3.81914424833674       h
    0.15972399853182      6.31982922424420     -1.76496602913013       h
    3.39164265625677      5.88595679847596     -0.93282758623060       h
    0.15501102157380     -3.02685805073387      1.43870934883485       h
    2.65316603214390      4.30007992532550      5.31018219229672       h
    5.33336648624503      2.47448864748706      6.67853760438186       h
    6.94096009203442     -1.17829318341016      4.63298390624127       h
    6.70160397941991     -1.04780154729263      1.27394280510866       h
    4.51551550669304     -2.88431638700187      2.98236671677072       h
   -6.34347328855895      1.35693504121583     -2.17343373275212       h
   -6.37328315127731     -3.43150548401973     -0.45554153730881       h
   -3.80400149494462     -3.53668348279028      3.91971660659323       h
   -2.07825540874942      1.14491684057438      4.83226951019158       h
   -3.73927327287174      4.18671487708707      1.12454086862178       h
   -2.77364646616421     -5.93609614588422     -2.75836878632670       h
   -4.48539251635562     -1.82051906394389     -5.20425888554211       h
   -0.55739380707037      1.30398529311312     -5.96164392029820       h
    3.57621636437166     -0.90055635523324     -3.99181173699535       h
    2.22315488376872     -5.38176879739836     -2.08850263763977       h
$end
