$coord
   -1.82682904845091     -2.73270403786552      5.67840742217706      in
   -1.87309804778069      2.89785495188571     -4.28328158287447      cl
   -1.94588632972580     -2.87987080629068     -0.57277372109130       p
    3.80184191592793      6.13384143406930      2.77456222744483      in
   -1.71051205903119     -4.13887646020971     -6.93221557335939      in
    3.06500255053055      0.21612873291052      0.87121911301898      in
   -4.24195761887095     -1.26665658808500     -7.07662523136685       f
    0.63196202205347      0.12268309879267      4.42060174434797       f
   -2.11795194061330     -4.38403384305814      1.93824541110830       o
   -1.76591391575488     -4.74313226266818     -2.78035688363731       o
   -0.12341139924160      3.98397107432635     -1.95245312801333       c
    1.20274038132842      4.70544791118317     -0.18632605115144       c
   -3.16547078487750     -6.86328233271114     -7.97450252187140       h
    1.28342356108234     -2.96563375884365     -7.45014452898892       h
    2.17497726105176      7.00562330752857      5.46746768823566       h
    6.03303758436239      8.08044000157195      1.36486735560194       h
   -4.65310930050958     -1.27212432165770      6.28340720981130       h
    0.04747124309109     -4.82729310541161      7.29240757747850       h
    5.18368411440106      2.92761681556047      3.11749328415727       h
$end
