$coord
   -0.00000170075351      0.00000037794523      2.99598994138501      mo
    0.00000094486306     -0.00000170075351      6.46999990131911       n
   -0.00000018897261      0.00000113383568      8.66412292261550       o
   -3.58526815251476     -1.48053201156299      2.55274352916919       c
    3.58534393053241      1.48056130231794      2.55273597026469       c
    1.48053786971398     -3.58528421518683      2.55274598581316       c
   -1.48060023067613      3.58543728300303      2.55272406499010       c
   -5.57481736027011     -2.30125613071681      2.31927844877959       o
    5.57474158225246      2.30122646201663      2.31928487384842       o
   -2.30118772263105      5.57464879669967      2.31929488939689       o
    2.30125027256582     -5.57479940787191      2.31927372446428       o
   -0.00000075589045     -0.00000188972613     -2.99596764261672      mo
   -0.00000056691784      0.00000170075351     -6.47010081269423       n
    0.00000075589045     -0.00000075589045     -8.66413256021874       o
   -3.58539986642573      1.48058397903145     -2.55277584348595       c
    3.58554027307689     -1.48063991492478     -2.55275732416991       c
   -1.48060268732010     -3.58544710957888     -2.55276677280054       c
    1.48059134896334      3.58542216519402     -2.55277319786937       c
   -5.57493811376955      2.30130866510311     -2.31922270185888       o
    5.57479940787191     -2.30125216229195     -2.31923970939401       o
    2.30130072825338      5.57491619294649     -2.31922534747545       o
   -2.30128957886924     -5.57489238239730     -2.31923196151689       o
$end
