$coord
   -1.86360803214900     -0.00758725039552     -1.38265156817286      ru
    4.26505706411621      6.28727415638274      1.49896666786645       c
    2.65511963101286      4.20156585676535      1.55655342593691       c
    3.34088725813146      1.98333465441769      0.24042607554700       c
    5.70245796658148      1.87863494532960     -0.98312151323596       c
    7.30237531587482      3.95715019142134     -0.93704262035443       c
    6.58144101938875      6.18370355865489      0.26670082760162       c
    6.32230854492140     -0.52832981925391     -2.36511526774439       c
    5.35216245818376     -2.77701962729896     -0.92182749045169       c
    2.99860059802795     -2.47799824684810      0.26876724312030       c
    1.89734814726402     -4.54691651880941      1.54137231110443       c
    3.12638916989499     -6.87553758458288      1.51277470769584       c
    5.45531996178049     -7.16522201721824      0.32891382420092       c
    6.57015330729348     -5.10076992398290     -0.86219718254867       c
    3.71489334920356      7.99517404699009      2.50203386241613       h
    9.12176375667758      3.84200521014491     -1.88712359508718       h
    7.82617262701574      7.81376978753357      0.26818331774739       h
    8.35292887132461     -0.68185305944878     -2.73244986970158       h
    2.27032036917264     -8.47211030760598      2.48406162209569       h
    6.39947040901230     -8.98585692137364      0.34704971480386       h
    8.38780452286869     -5.30822368013983     -1.79988249875852       h
    1.76008751216348     -0.14680205128286      0.21686818274359       n
    0.26140846061340      4.27907297381946      3.07300365094764       c
    0.21014491513284      2.69017310578539      4.40898673168769       h
    0.10261080582850      6.04751572107603      4.13091069767117       h
   -0.49269166321803     -4.19729583161125      3.03386742288009       c
   -0.20840485531610     -2.74239908878187      4.48846332131022       h
   -1.04649744729314     -5.95736142295167      3.97316089602309       h
   -2.49286642303413      3.78798549910971      0.94814457237153       p
   -3.18648075994534     -3.00335798354992      1.12691398669069       p
   -4.28072383856305     -5.18755030508206      0.05413706302762       h
   -5.03507737466796     -2.49342162456992      3.00101963644172       h
   -2.66380405639708      6.18224336727740     -0.24243523236406       h
   -4.58639611011404      4.07964715219061      2.59283879324564       h
   -4.86109766018753      0.08581095159657     -3.21732411388196       c
   -6.70886033877079      0.12757484384220     -4.39697714421232       o
   -1.03777390457811     -2.50362236619757     -2.93227253381687       h
    5.36850065232313     -0.48986897930376     -4.22275346608903       h
$end
