$coord
   -3.95366345774643      0.45038598649211      0.00196361441743      tl
   -7.35436546105080     -1.01953766951788     -2.76989668261257      cl
   -2.89602021679007     -2.49459495552150      3.35792521785526      cl
    0.00000000000000      0.00000000000000     -3.00244751350246      cl
    3.95366345774643     -0.45038598649211      0.00196361441743      tl
    2.89602021679007      2.49459495552150      3.35792521785526      cl
    4.32043813385252     -4.93891336951799      0.91123160709111      cl
    7.35436546105080      1.01953766951788     -2.76989668261257      cl
   -4.32043813385252      4.93891336951799      0.91123160709111      cl
$end
