$coord
    0.46850071216244      0.04815173346903     -0.44592075262920      ir
   -1.24972634275038     -2.58776582346064      1.50011184189875       c
   -3.82621465863683     -2.70910098060770      2.01366343593022       c
   -5.69919459853465     -1.31493738984843      0.80082020078747       c
   -5.22849651283300      0.37452028555096     -1.18997414751224       c
   -2.81038444280537      0.84097782582607     -2.03007230582670       c
    1.16558704288478      3.92591018397089      1.25772952186621       p
    4.38082735576770     -1.84023797812251      0.34507060463220       p
   -0.08983512338169     -3.82822003600164      2.68651686367698       h
   -4.44369759911359     -4.06928257130784      3.43468079082909       h
   -7.65684636312035     -1.67829657495455      1.32049337363121       h
   -2.65140272869581      1.77378745965848     -3.88768499286864       h
   -6.85429290553020      1.10852959710219     -2.22177613958725       h
    5.83892982999707     -2.48246102406704     -1.80813172021595       h
    4.40779790498188     -4.25604779481095      1.51353078711882       h
    6.43221879585644     -0.82704468612714      1.76464742130530       h
    2.44005575877429      6.04439427146125      0.18015552843252       h
    2.46162471483017      3.95896432850221      3.59291492928324       h
   -1.04742908227321      5.22606235661022      1.99409758956780       h
$end
