$coord
    5.22241291751587      2.36259890843513      6.26621901686049      sc
    0.83549365163608      0.09964790423569      6.19924731193093      cl
    4.34571737818401      2.57704899762801     11.13604947942106       s
   11.01275713292540      6.45666920630912      5.78006467220243      sc
    5.06251525315308      8.34801992976734      4.88823715091736      sc
    7.62449198417346      5.97058648227122     10.55334373575722      sc
    0.63212907384300      4.06432506378914      8.78901322152323      sc
    8.82733384379484      8.98046893424345      4.01958220727863       f
    3.00488639404056      5.47212643005386      6.27208415983747       o
    8.39586212609695      4.18743618554933      7.11383866310129       o
    6.06640731315673      2.65511207210836      2.11442004248398       n
    5.76151757719448      4.84547056998933      1.96999961303761       c
    6.17924323807991      8.79857051140501      8.48335436702774       h
   10.95286679870745      7.55186943120960      9.19914180543729       h
    3.04457461110948     10.96455418787835      4.06843049379767       h
   13.82690572120096      5.08286287921379      4.35610898215038       h
    9.48976240839542      6.03212824815060     13.42129225991954       h
   -1.92265422570650      5.97881831824829     10.06845720835702       h
$end
