$coord
   -0.00004894390666     -0.00005442411243      0.00007974644251       y
    2.56705536998376     -2.56710280210952      2.56713738409762       c
   -2.56713625026195      2.56708730635528      2.56715495855059       c
   -2.56717385581185     -2.56715760416717     -2.56709694395853       c
    2.56705593690159      2.56707086573799     -2.56704270881871       c
    3.84679264231229     -3.84674124176166      3.84670684874617       o
   -3.84670023470473      3.84675446984454      3.84667283367591       o
   -3.84668228230654     -3.84668965223843     -3.84675768237896       o
    3.84683780676670      3.84683308245138     -3.84685462532922       o
$end
