$coord
    0.00000000000000     -0.00000000000000      2.55242246470040      ti
    0.00000000000000      0.00000000000000     -2.55242246470040      ti
   -0.00000000000000     -2.32149849903231     -0.00000000000000       o
   -0.00000000000000      2.32149849903231      0.00000000000000       o
    2.83547395863382      0.00000000000000      4.33513944722163       f
   -2.83547395863382      0.00000000000000      4.33513925824902       f
   -2.83547395863382     -0.00000000000000     -4.33513925824902       f
    2.83547395863382     -0.00000000000000     -4.33513944722163       f
$end
