$coord
    2.29907803238409      2.53765595577995     -2.66840100417097      nb
   -1.64370381541152      2.47725407269972     -4.69449241294083      cl
    5.21593096793139     -0.68350335727454     -1.78557462636883      cl
    4.54905190933169      4.45216810750036     -5.89854142961144      cl
   -1.21728635920998     -1.19600747611442      1.57742809661414       c
   -2.28068797361720     -2.29001963019955      2.90506879239876       h
   -0.08052519864980     -0.02848573162193      0.15640280486553       n
    2.32818945232631      4.76049620014870     -0.33223501786720       o
$end
