$coord
    0.05994173476857     -3.75683941104773     -6.18344750076483       k
    4.65550188275759      0.03354093798135      4.99849473351435       s
   -4.06031978926528      3.12421031567181      2.69599365122580       s
   -6.57925309448018     -4.71148350745670     -1.36190369811868       k
    4.10351760569524     -2.69823240976716     -3.31586860703273       o
   -3.19949057945915     -5.23349427151819      2.21157313028825       o
   -1.13855280990016     -5.37501340444346     -1.50707094733001       o
   -1.22170605067326      0.95780617513546     -7.50136064234372       o
   -4.79502244133210     -2.02854465122652     -5.14522799876623       o
    2.97973300546905     -2.91449871473965      1.02849742799864       n
   -2.35220654857831      4.25634656051145     -1.95661732850438       n
   -4.53167247609694      0.41783224143893     -1.61097300302035       n
   -1.60473482810612      3.89052090486579     -4.38939405121428       n
    5.07285885807585     -2.67457568428737      2.86107370051627       c
    6.89680966466439     -2.47532107184553      0.57869820146863       c
    4.52396919651729     -2.71366183461258     -1.06418339410551       c
    0.38167573352671     -2.58339677665754      1.59672125549659       c
   -0.15997589902440     -0.45658561099337      2.89532782113754       c
    1.91889385968856      1.43531086537002      3.29700309317257       c
   -2.71330108589515      0.10939548953835      3.94423769280301       c
   -1.46453755860592     -4.59859221355804      0.72453630345466       c
   -3.64389048050222      2.54452756689158     -0.61482145020103       c
   -1.57920425019988      6.72070249651140     -0.92888070424403       c
   -3.94472335241737     -0.10503041116012     -4.06002536993486       c
   -2.14459764590644      1.62756423148798     -5.43872174132619       c
    5.31735559267066     -4.36719317074189      4.02822997197601       h
    7.82526253491351     -0.64157808241776      0.38992476601152       h
    1.28337480614829      3.01902551388721      4.46271958229698       h
    2.59403574577379      2.19844576980941      1.49132537130372       h
   -4.01648362334998     -1.44579752256052      3.60764534443469       h
   -2.59471548026128      0.46585377277789      5.98547998078734       h
   -3.21907834664464      7.79022512281305     -0.26730081564659       h
   -0.26435794515072      6.46625616489107      0.64534184994273       h
   -0.65899115277755      7.72440841849165     -2.47282927897590       h
    8.27388484001230     -4.00213342109506      0.37580265370000       h
$end
