$coord
   -0.00752715710472      4.83281601898719      2.94589027822539      in
    1.71914848537182      0.39187628618175     -2.45927465141999      in
   -3.25494251392518     -0.71338106116082      0.83935927539923      in
    3.14823345904742     -2.21878942744526      2.89352294371468      in
    0.69282556522626      0.81672829326059      1.58271555031443       o
    2.68166914924619     -3.36425882393885     -1.13411308733995       o
   -2.08083734155525      5.61366748380219     -1.18352318943623       n
   -2.35470722316072      3.65377563786684     -2.21771152766304       c
   -2.36263330145062      1.12890122268470     -2.95790326720779       c
   -3.37481502305079      0.64870461758379     -4.68070856160585       h
   -5.03146384037000      1.24093817140184      2.75862068681928       h
    6.13898621344708     -0.98835567665950      2.96081212263340       h
    1.29832688617431     -4.54741597342449     -1.26143810938830       h
    1.42832889425262     -4.25333490398459      4.72118177090748       h
   -3.06000498081797     -3.96637696820370      0.78859896398600       h
    4.41941291764216      1.72450491407570     -3.59602881999351       h
$end
