$coord
    0.00000000000000      0.00000000000000      0.00000000000000      au
    4.49129488693728      2.59305025359913     -0.27918076790972       o
    4.49129488693728     -2.59305025359913      0.27918076790972       o
    0.00000000000000     -5.18610069617087     -0.27918076790972       o
   -4.49129488693728     -2.59305025359913      0.27918076790972       o
   -4.49129488693728      2.59305025359913     -0.27918076790972       o
    0.00000000000000      5.18610069617087      0.27918076790972       o
    6.67668208229883      1.28200380984395      0.59982685133718       c
    6.63852019702180      1.11956181822524      2.67424384837966       h
    8.39677807635018      2.31011403295939      0.03986963077701       h
    6.67668208229883     -1.28200380984395     -0.59982685133718       c
    6.63852019702180     -1.11956181822524     -2.67424384837966       h
    8.39677807635018     -2.31011403295939     -0.03986963077701       h
    4.44858896621789     -5.14117453622616     -0.59982685133718       c
    6.19900656082249     -6.11676605776821     -0.03986963077701       h
    4.28882906288968     -5.18934611181951     -2.67424384837966       h
    2.22809330505355     -6.42317834607010      0.59982685133718       c
    2.19777151552769     -8.42688027970021      0.03986963077701       h
    2.34969113413211     -6.30890811901736      2.67424384837966       h
   -2.22809330505355     -6.42317834607010      0.59982685133718       c
   -2.34969113413211     -6.30890811901736      2.67424384837966       h
   -2.19777151552769     -8.42688027970021      0.03986963077701       h
   -4.44858896621789     -5.14117453622616     -0.59982685133718       c
   -4.28882906288968     -5.18934611181951     -2.67424384837966       h
   -6.19900656082249     -6.11676605776821     -0.03986963077701       h
   -6.67668208229883     -1.28200380984395     -0.59982685133718       c
   -8.39677807635018     -2.31011403295939     -0.03986963077701       h
   -6.63852019702180     -1.11956181822524     -2.67424384837966       h
   -6.67668208229883      1.28200380984395      0.59982685133718       c
   -8.39677807635018      2.31011403295939      0.03986963077701       h
   -6.63852019702180      1.11956181822524      2.67424384837966       h
   -2.22809330505355      6.42317834607010     -0.59982685133718       c
   -2.34969113413211      6.30890811901736     -2.67424384837966       h
   -2.19777151552769      8.42688027970021     -0.03986963077701       h
    2.22809330505355      6.42317834607010     -0.59982685133718       c
    2.19777151552769      8.42688027970021     -0.03986963077701       h
    2.34969113413211      6.30890811901736     -2.67424384837966       h
    4.44858896621789      5.14117453622616      0.59982685133718       c
    6.19900656082249      6.11676605776821      0.03986963077701       h
    4.28882906288968      5.18934611181951      2.67424384837966       h
   -4.44858896621789      5.14117453622616      0.59982685133718       c
   -4.28882906288968      5.18934611181951      2.67424384837966       h
   -6.19900656082249      6.11676605776821      0.03986963077701       h
$end
