$coord
    3.04075793125299     -5.26117479083788      0.00000000000000      hg
   -2.17412140408934      0.61966727490570      2.51550534202251       b
   -3.17065524850392      0.66889823096524      0.00000000000000       n
    0.44752796469928      0.34393639101143      3.15476473048378       n
   -2.17412140408934      0.61966727490570     -2.51550534202251       b
    2.62780760828773     -0.03448447823602      1.61056312142364       b
    0.44752796469928      0.34393639101143     -3.15476473048378       n
    2.62780760828773     -0.03448447823602     -1.61056312142364       b
   -3.65845459975459      0.82162684132417      4.22068648365251       h
   -5.07250547929031      0.86321536698531      0.00000000000000       h
    0.76366969693302      0.36904537101898      5.04297189453156       h
   -3.65845459975459      0.82162684132417     -4.22068648365251       h
    4.59491102706477     -0.25437376613710      2.74243782816746       h
    0.76366969693302      0.36904537101898     -5.04297189453156       h
    4.59491102706477     -0.25437376613710     -2.74243782816746       h
$end
