$coord
   -2.40366775941164     -0.76970208067215      0.92117232240384      mo
    1.73880806215008      0.87758068704923     -0.95364235258963      mo
    1.93784535608745      4.98600534457562      0.22699314635359       c
    0.18708798872541      5.88427928859399      0.81784663318190       h
    3.10877956801810      6.16057274395594     -0.98606098222481       h
   -5.47468360744744     -0.53504080364485      4.12438963075589       c
   -3.61591459698905     -2.29307739604388      4.94342792523279       c
   -3.67592908621347     -4.40565268788375      3.28481114712605       c
   -2.33634191980609     -2.05694515620017      6.52134564988615       h
   -5.56540633519047     -3.95042182155004      1.43517537200679       c
   -6.68625581279790     -1.56389236631948      1.94078482507630       c
   -8.19962276066160     -0.69363304519986      0.87978391873943       h
   -5.91734174792026      1.25395025858701      5.00774758851725       h
   -6.05417322621760     -5.19581199873191     -0.11066557446757       h
    5.40699380659004     -1.30038819943245     -1.99296035238522       c
    6.03337584533892      1.30417785620535     -2.17856018178648       c
    7.40458039750410      2.28241952966637     -1.02104737171986       h
    4.57665778446940      2.36395346412218     -4.19442590454383       c
    4.60972515708360      4.31059587327095     -4.81163502370495       h
    6.20449432549213     -2.63300246540785     -0.66509459021901       h
    2.67221277073953     -3.64907664488216     -4.21607706368620       h
    3.56105017837557     -1.84007810729226     -3.87963135806525       c
    3.05962627970234      0.43465382752131     -5.23332816459172       c
    1.69149366632744      0.64534638528543     -6.73834649140378       h
    3.24819883727226      3.51410919243541      2.00063207353857       c
    1.80832825173304     -1.22603446836465      2.10735189985525       c
   -2.27485420009391     -1.68049621616511     -2.65494350853793       c
   -3.17600827570078      2.65464871126228     -0.16521289703713       c
   -3.98728244141678      4.63937004671116     -0.68507504249346       o
   -2.52212845414859     -2.37118393422513     -4.74040557684111       o
    4.48475076536326      3.38055695588436      3.86615326441744       o
    2.60919550670105     -2.48625030289471      3.76156599403385       o
   -2.45359394571290     -6.04153209227095      3.38793180106332       h
$end
