$coord
    2.79480289500681      0.91511896270472     -0.54273180000468      ir
    5.54627040152169      3.11386595485859      1.51166751715867       c
    6.04201831880315      0.42283018909673      1.76183343013121       c
    6.90819488662776     -0.51678340365200     -0.66301948196015       c
    6.67524683530620      1.44707762303821     -2.40865777021972       c
    5.79289515670689      3.70518998349225     -1.08246214800358       c
   -0.51945358666791      2.22685440060541      0.83316702082986       c
   -0.95823004070550      4.59633021138532      1.67201021202411       c
    0.43058279052827     -2.18661570631600     -1.25229542541855       n
    1.09282748477679     -4.20506052728999     -2.43820647278747       c
   -2.07258056119332     -1.86060336760880     -0.38862973669744       c
   -2.57083179867377      0.38840259161710      0.66896474932487       c
   -3.40773254038320     -3.39493985040125     -0.66384321357843       h
   -0.26580604228100     -5.71664810903354     -2.79079686459250       h
    3.02300924553324     -4.39975901004227     -3.10254800714531       h
   -2.84632004173347      5.20000473408747      2.23303153736577       h
   -4.45575990994787      0.83601540501944      1.35638928831067       h
    0.52117758381257      6.01209356073634      1.78355809961987       h
    5.46448210992934      5.52998322998772     -1.94552633689881       h
    7.01460139635276      1.32826109287175     -4.42201733818889       h
    7.46919882648906     -2.44196891750416     -1.05718347058992       h
    5.00662603606152      4.37875300339929      3.02268421263958       h
    5.98149284763429     -0.64218808601121      3.50794490581270       h
$end
