$coord
   -3.26989251525246     -4.66181583568947     -7.81212251326962      hf
   -7.03796729298177      1.31499068012518     -2.27600825583901      cl
   -3.84601124055923     -3.53937558662925     -1.59439689236173       s
   -5.20285311827705     -1.42995821611838     -6.23092025563682       n
   -5.47647998110273     -1.08629111107989     -3.97558806025921       c
   -3.02585800766804     -5.55253427671124     -3.94979518836669       c
   -1.78945007670784     -7.92057200590934     -4.51789240421421       b
   -1.53213476288315     -8.21260385633830     -6.85076195226394       h
   -6.10132926299089     -4.37413318993929     -0.66095420027715       h
   -1.02539752126170     -9.66948027625718     -3.32679708219147       h
   -5.43693972958946     -6.79945758869906     -9.60717713972167       h
   -0.11574024500609     -3.90229370965759     -9.21265712668978       h
$end
