$coord
    3.71583311000598      4.60975728242774      1.97997604417411      fe
    4.54589285416701      2.29348085257176     -1.64601835197054       s
    2.74965790477671      5.72718654471989      6.11116207494183       s
    6.68143795603990      3.21730899607295      8.33289626260909       f
    5.99099968182851      2.32761573147448      4.31506129610647       f
    1.62012608048380      6.95712594315111      0.38164152948383       f
    4.68179269748428      2.41366119808328      6.86951918481709       c
    1.91201053227494      1.51321293518444      0.11121057148229       b
    5.78275658706878      6.95701860670716      2.38734827356092       h
    6.17758386956875      6.26561430450020      1.05989352682709       h
    1.37667927772454      2.63944114026404      2.20474857335715       h
    0.30087746945172     -0.04138519112999     -0.20810533372514       h
    0.51020866851474      4.59790454222082      6.52321194340809       h
$end
