$coord
    0.00000000000000      0.00000000000000      0.00000000000000      at
    8.37680234839104     -2.26500797108748      0.00000000000000       c
    9.70784322839401      0.00000000000000      0.00000000000000       c
    8.37680234839104      2.26500797108748      0.00000000000000       c
    5.76087185777726      2.20133138160367      0.00000000000000       c
    4.49795333694192      0.00000000000000      0.00000000000000       n
    5.76087185777726     -2.20133138160367      0.00000000000000       c
   -5.76087185777726     -2.20133138160367      0.00000000000000       c
   -4.49795333694192      0.00000000000000      0.00000000000000       n
   -5.76087185777726      2.20133138160367      0.00000000000000       c
   -8.37680234839104     -2.26500797108748      0.00000000000000       c
   -9.70784322839401      0.00000000000000      0.00000000000000       c
   -8.37680234839104      2.26500797108748      0.00000000000000       c
    9.34134860969978     -4.07333282131350      0.00000000000000       h
   11.75902358607449      0.00000000000000      0.00000000000000       h
    9.34134860969978      4.07333282131350      0.00000000000000       h
    4.63272085636454      3.91557735048704      0.00000000000000       h
    4.63272085636454     -3.91557735048704      0.00000000000000       h
   -4.63272085636454     -3.91557735048704      0.00000000000000       h
   -4.63272085636454      3.91557735048704      0.00000000000000       h
   -9.34134860969978     -4.07333282131350      0.00000000000000       h
  -11.75902358607449      0.00000000000000      0.00000000000000       h
   -9.34134860969978      4.07333282131350      0.00000000000000       h
$end
