$coord
    5.50620178258362      0.90411074110346     -0.61161723058194       k
    0.19124576414763      3.59395824707736      3.75886160697506       k
    4.71919321210518      1.10682695386274      4.75612960998956       o
    0.02611147971734      3.04660701155790      9.51525916020401       n
    1.94030124416068      2.11493877230554      9.01288661901556       c
    6.88704696155272      0.13026071158495      4.47377882650363       c
    7.74027115753774     -0.32681792895467      6.40828938289669       h
    5.20185647671824      6.20605882975176      5.51486164152820       h
    4.66021410382515      7.47406997352381      5.79498557174737       h
    1.31802028905024      3.12351130597784     -0.79179883723500       h
    3.55862206927640      1.40290792046169      7.87310756583230       h
$end
