$coord
    4.26466967026040      3.37825697021651     11.39996806324750      al
    1.35911295057594     11.35179497587325      0.32552894676419      cl
    7.55035028037698      6.10534965532376      7.55656899111212       p
    8.20048504269286     10.44836491412034      6.30170977425855      al
    6.15204233125098      6.31334236137180      1.95082569587370      al
   10.26294914404374      3.34094508375092      9.99741692307839      al
    3.29715143667345      5.34798030529451      0.86111380256068       f
    7.52683263874006      2.14731337132198     11.81103678590920       f
    4.99731252084998      5.83722302936015      9.20018739090275       o
    7.04994040874291      4.85397622728204      4.80767642541640       o
    3.81553713910761     10.68613120014512      2.08124136500097       c
    5.67254227920008     10.15970093359297      3.37914551944092       c
    8.26462631583103      6.43632233613885     -0.17626061391441       h
   11.43004607810313      0.96066967713405      8.54688393581896       h
    7.23711834843191     12.63926897593386      8.16357982528955       h
   10.99168819840243     10.66913311364258      5.12534297766114       h
    3.45803969547144      4.47097617368629     14.10086971116751       h
    2.71116437256458      1.06575413446136     10.23220859120837       h
   11.97236421705884      4.84931106039501     11.99235808638879       h
$end
