$coord
   -2.42419528739954      2.79657148968805      3.68392999765795      po
   -1.02797737536879      3.32672073725598      0.71578913916306       h
   -5.32912310622930      3.86070499502383      2.48802626750784       h
   -2.79657148968805     -2.42419528739954     -3.68392999765795      po
   -3.32672073725598     -1.02797737536879     -0.71578913916306       h
   -3.86070499502383     -5.32912310622930     -2.48802626750784       h
    2.42419528739954     -2.79657148968805      3.68392999765795      po
    1.02797737536879     -3.32672073725598      0.71578913916306       h
    5.32912310622930     -3.86070499502383      2.48802626750784       h
    2.79657148968805      2.42419528739954     -3.68392999765795      po
    3.32672073725598      1.02797737536879     -0.71578913916306       h
    3.86070499502383      5.32912310622930     -2.48802626750784       h
$end
