$coord
    1.31977886818300      0.07993409231761      0.47054218329626       v
   -0.97162989969170     -2.03779599444851     -1.78340106337881       o
    3.55375923703660      3.28383208002022      1.47739620002966       o
    1.16195933564088      2.38923365331673     -2.83227540819311       o
    0.08857070763085      2.02172330682983     -4.26082010916932       h
   -4.63041085514823     -3.28488692514370      1.04609833713535       o
   -6.39755233699450     -3.11126323506538      0.63325705136755       h
   -4.39312626031295     -2.50691785958854      2.68223776783747       h
    1.93671454397370      4.02364322872321     -3.06537633835825       h
    5.26252877960709      2.78336608352020      1.90868007895064       h
    2.89082611556040      4.13346674122907      2.95831579442107       h
   -2.55826266329252     -2.54297005461861     -0.76819729175809       h
   -0.20253668877732     -3.58951871348976     -2.37438116185755       h
   -0.55161011128942      0.27611676596918      2.84293384148846       o
    3.49099141684673     -1.91796279162632      1.06499030716127       o
$end
