$coord
    0.92287685536940      3.29761441957430      1.46593822361044      nb
    1.22667716422007      7.16731035355998      3.54661833995202      cl
    0.13026222336585     -0.86908769092157      0.70696279534678       n
   -1.98553901994356      3.37280454342543     -1.17265556345874       c
   -3.13834319942225      5.05773084454751     -1.49881095443367       h
   -2.68831777267497      1.16948214637551     -2.29019877623629       c
   -1.04512059283780     -1.08262617623131     -1.89217218740516       c
    2.48824887724547     -2.39015697350185      0.98128677814031       c
    4.70788924836523     -0.66241193501067      0.64624268238695       c
    6.56578917377831     -1.56717746621676      0.67517911368992       h
    4.39777309685655      1.84480658000450      0.26180020083930       c
   -1.18624552889321     -1.44325905345558      1.98639298717986       h
   -2.04224327591322     -2.89370964865592     -2.11159339014485       h
    0.55530206922160     -1.07939304380249     -3.21754823540049       h
    2.52294519378020     -3.28191948820819      2.85404373035528       h
    2.50484218441185     -3.93934065652033     -0.41298339317246       h
    6.08324458396596      3.01327583317652      0.02579740723522       h
   -4.28335754986473      0.99021554511261     -3.58217561570971       h
$end
