$coord
   -0.00000000000000     -0.00000000000000      2.11508390327201       f
    0.00000000000000     -1.95975767538041     -0.17008461098972       c
    0.00000000000000      1.95975767538041     -0.17008461098972       c
   -0.00000000000000     -0.00000000000000     -1.89175625868484       o
   -1.77259145199339     -3.00494384171478      0.02921044159122       h
    1.77259145199339     -3.00494384171478      0.02921044159122       h
    1.77259145199339      3.00494384171478      0.02921044159122       h
   -1.77259145199339      3.00494384171478      0.02921044159122       h
$end
