$coord
   -0.00000000000000      5.84921655416345     -0.00000000000000       s
   -0.00000000000000      2.69784671666486      0.00000000000000       c
    2.33633549473726      1.28009178494975      0.00000000000000       c
    2.33633530576465     -1.28009178494975     -0.00000000000000       c
   -0.00000000000000     -2.69784690563747     -0.00000000000000       c
   -2.33633530576465     -1.28009178494975     -0.00000000000000       c
   -2.33633549473726      1.28009178494975      0.00000000000000       c
   -0.00000000000000     -5.84921636519083      0.00000000000000       s
    4.09015573020417      2.34431958761922      0.00000000000000       h
    4.09015573020417     -2.34431958761922     -0.00000000000000       h
   -4.09015573020417     -2.34431958761922     -0.00000000000000       h
   -4.09015573020417      2.34431958761922     -0.00000000000000       h
$end
