$coord
    0.71879059116884     -0.11504520373698      0.90806858350157       v
    1.20783470501864     -0.91908852140480      3.88923192267531       n
   -1.91278569793178      2.20922646838510     -0.60527209716898       n
    3.50732205208160      2.00031308776852     -0.46118520438383       n
   -2.99679194115284      4.80499282534500     -3.34995662072753       h
   -1.39573281933423      3.80809596454162     -2.50636039038140       c
    0.98847907577552      4.34165371112286     -3.45890084366702       c
    2.24018698534152     -3.24739249113434     -1.05099707417154       c
    3.28976090676764      3.59909641241370     -2.37097247387164       c
    5.00472270390751      4.46928222318703     -3.12448583774097       h
    5.29480567978282      1.81981797555117      0.19621933433841       h
   -4.31599916718276      2.36789165336857      0.55558099279779       c
   -5.47105722301182      0.15849359785124      1.44275846500483       c
   -7.79512178115050      0.27663398400984      2.65677748774312       c
   -0.43714127402084     -3.51324955602074     -0.82700878133075       c
   -9.01295767271790      2.58460676829596      2.98965520146574       c
   -7.86486722608767      4.78714568489409      2.12244570934071       c
   -5.52766944931916      4.69330112959106      0.93120450046105       c
    0.80663054170680     -1.70479658236338      6.43329367207686       c
   -4.59784123639560      6.42897092356385      0.35193238916799       h
    3.04519897662148     -2.67378294417755     -2.85660147466670       h
   -8.77941605842020      6.60326773408821      2.40633340708485       h
   -1.62017275671911     -3.17338344611190     -2.47858651859109       h
  -10.83481730837550      2.66914045400403      3.92934135969771       h
   -1.19716909076402     -4.88010924987722      0.51047152941886       h
   -8.67206638638575     -1.45500124468414      3.32447574261840       h
    3.48475777727520     -4.38095018796589      0.12424193387393       h
    1.08143659363505      5.62962962244251     -5.04938090068757       h
    1.28550830694444     -3.71573503322004      6.67439003348072       h
    2.00760761958714     -0.61902363418722      7.73960370627007       h
   -1.16939087260362     -1.43909126248489      7.02876357085815       h
   -4.53846112823165     -1.64314691312222      1.12820334682640       h
$end
