$coord
   -0.00942179651855     -2.98616166477677      0.00000000000000      al
    0.00619187662415      2.70890350422755      0.00000000000000       c
    0.44872529517266      3.76523036196460     -1.71165137491250       h
   -1.93671454397370      2.02061139197734      0.00000000000000       h
    0.44872529517266      3.76523036196460      1.71165137491250       h
   -1.55316741466451     -2.58780040544875     -2.56898402446786       h
    2.50863297502042     -4.63162084678665      0.00000000000000       h
   -1.55316741466451     -2.58780040544875      2.56898402446786       h
    1.64019591680400      0.53340751335422      0.00000000000000       f
$end
