$coord
   -3.16158626385308      2.32666501026054     -0.14016287648471      rh
   -0.11596153193543     -3.73686500589688      1.21174133583873      rh
   -3.07474937994275      6.06057240579776     -1.88420113363347       c
    3.53961973924472     -1.74040544764431      0.82514929082286       c
    3.01995129071629     -3.07216650227386     -1.45612884426347       c
    2.85764328067991     -5.71285826328803     -0.89088246924950       c
   -1.72087040381774      4.37751069744412     -3.47958918734823       c
    3.29227273073420     -5.98795514406705      1.77154473269225       c
    3.72670130290130     -3.56095115672658      2.83666977732630       c
   -1.82021765262680      6.19211661936743      0.51738225786130       c
    0.39212043879722      3.42417750404869     -2.05809014125986       c
    0.32744758569982      4.55377036649547      0.38508461048524       c
   -7.57263109626450      2.63416615875618      0.54981524941503      cl
   -2.68484634578168     -7.04913859794769      2.77746031143152      cl
   -3.95827949175418     -2.14169256993308     -0.63514980105526       s
   -3.27801758170341     -0.96753939851956      3.00180878607190       s
   -4.84047696870162      6.98106782830330     -2.34639318409718       h
    1.64153837824385      4.20954333560587      1.91339097720991       h
    3.16291379645653     -7.74147472410733      2.81418203642800       h
    1.79763996076491      2.11506292731202     -2.74884796815915       h
    2.46543931598793     -7.22138297692670     -2.21011898603437       h
    3.78993059421111      0.27649622297526      1.01985400967135       h
   -2.40634625722251      7.30898727861676      2.12318667095468       h
    4.09312014357788     -3.15913642290345      4.80568635483321       h
    2.74351024774391     -2.24623278613614     -3.30589557740325       h
   -2.21586545421064      3.87766245241467     -5.39749642102645       h
$end
