$coord
    2.55319026042536     -2.00574605038050      1.33791173522415      au
   -2.38731652616200      1.81005772908347      2.82346323732278      au
    4.67327494594436      2.50918817655621      3.46165908792039      au
    6.08320905711479     -2.95903086678712      3.96082986613371       n
   -2.48462098102896     -1.86908219079053     -3.90976096244411       n
    0.17587586567517      0.75564799850116     -0.37904277811548       c
    6.61018885602435     -0.87463252532020      4.55542028637600       c
   -1.54662650562490      0.26708444200518     -2.56058135724901       b
    1.59761944232424      2.45072817604296      1.20191173642221       b
   -3.50955438555414      0.34608028530127     -4.90587301998740       b
   -4.38338925747659      2.55506864819451      4.98750087383166       h
   -4.95274692065009      0.79823335469372     -6.57759202521550       h
   -2.42910366203897     -3.78359736607274     -3.99584649124678       h
$end
