$coord
    0.00000000000000      0.00000000000000     -2.23615525465190      pb
    0.00000000000000      0.00000000000000      2.75118291376032      si
    1.96402429902749     -3.40178972966244     -3.94959903479482       c
    1.96402429902749      3.40178972966244     -3.94959903479482       c
   -3.92804840908236      0.00000000000000     -3.94959903479482       c
    3.36453472395324      0.00000000000000      3.92831353765782       c
   -1.68226726749031     -2.91377249298946      3.92831353765782       c
   -1.68226726749031      2.91377249298946      3.92831353765782       c
    1.87318327442897     -3.24444867577540     -6.00542415032017       h
    3.93656786137579     -3.44461016778506     -3.34543885247832       h
    1.01483603091662     -5.13147287126836     -3.34543885247832       h
   -1.70434455987407     -2.95201147909243      6.00130020099560       h
   -3.64444152464053     -2.96716387008780      3.27230569551524       h
   -0.74741861916806     -4.63976084207400      3.27230569551524       h
   -1.70434455987407      2.95201147909243      6.00130020099560       h
   -0.74741861916806      4.63976084207400      3.27230569551524       h
   -3.64444152464053      2.96716387008780      3.27230569551524       h
   -4.95140389229241     -1.68686270348329     -3.34543885247832       h
   -4.95140389229241      1.68686270348329     -3.34543885247832       h
   -3.74636654885795      0.00000000000000     -6.00542415032017       h
    3.40868911974813      0.00000000000000      6.00130020099560       h
    4.39185995483598     -1.67259697198620      3.27230569551524       h
    4.39185995483598      1.67259697198620      3.27230569551524       h
    1.01483603091662      5.13147287126836     -3.34543885247832       h
    3.93656786137579      3.44461016778506     -3.34543885247832       h
    1.87318327442897      3.24444867577540     -6.00542415032017       h
$end
