$coord
    0.44869865003428      3.01272289931208     -0.17067288273271      mn
   -0.70950995719190     -5.30898637360424      1.55897643277555      mn
    0.18280360165275      6.61184425611065     -2.03466301750437       n
    1.02081984869430     -5.80475469992786     -1.16193722584521       c
    1.71869551801944     -6.96071169847502      3.44328528079819       c
   -2.37742494372855     -8.18103257989799      0.95080568470203       c
   -3.46008985934544     -3.39362630177114     -0.01215301768833       c
    0.62584611241958      0.17525868112245      1.52815159815496       c
   -0.37673050922782      1.38024859243115     -3.14910915813416       c
    1.32105367742754      5.10759202427004      2.80414286638411       c
   -2.91021678431095      3.38832297437139      0.87862835121344       c
    3.88943658001475      2.89317485616229     -0.79715753361024       c
   -1.52253325341003      6.93691418839885     -2.85080303902196       h
    0.45462539808297      7.94243878280267     -0.67266124259976       h
    1.51421184441459      6.88404664338262     -3.38771920687416       h
    2.55594189063729     -6.13289543717067     -3.66123287510490       s
    3.22912526456564     -8.09044988086088      4.50860421133276       o
   -3.42680554617199    -10.01758389132146      0.47299882725994       o
   -5.02536021395593     -2.09141300484628     -0.85397214958565       n
    0.73192418774390     -1.71436672238282      2.67655668418516       o
   -0.81362498501662      0.37506471564784     -5.01177157132976       o
    1.80872679497300      6.53140692972570      4.40762575093181       n
   -4.90432306661893      3.67284184064158      1.63062785548330       o
    6.02471277385992      2.78394490663257     -1.09655062319006       o
$end
