$coord
    1.34840462851087      0.30567869661982     -1.04987382096230      ru
   -1.97803264982623      1.30280780476406     -3.19306758932980       o
   -4.07878392529629      1.36807478775544     -1.34451065885582       c
   -3.14859647543620      3.04600097638932      0.79205565101551       c
   -0.71692732120870      2.22910071805127      1.75123376731838       n
   -0.70849517426228      0.64769474794210      3.96142324013724       c
    2.05603147361830      0.17783607858558      4.56370182215018       c
    3.36472464142889     -0.89696965504627      2.33665996071308       o
   -4.62002756597682      3.09121891004788      2.26945015029166       h
   -2.98243096745901      4.98406591865260      0.04042067491533       h
    3.02280515511164      1.97100589219965      4.90243711994527       h
   -1.56264420221332      1.59464879285431      5.62359931740213       h
   -1.68042421759971     -1.21176552433314      3.74215321548762       h
   -0.37488367988497     -2.29722534489025     -0.28757323060749       h
    2.35278329299194     -1.11537399615761      6.15394358470625       h
   -4.42161728316803     -0.56728595642166     -0.68945032539277       h
   -5.74332008151983      2.13005431364146     -2.32239592996950       h
    2.90012715857951     -1.71269620448752     -3.44293927194454       c
    4.00772153022198     -3.52895431396271     -5.53281725225874       s
   -2.28734075444346     -0.06772759537992     -4.36138094009643       h
    2.95709125189148     -2.67940658015564      2.28198243601345       h
    3.60520948745840      3.01831894528873     -2.21731997640975       b
    5.31291908264487      4.32857359379716     -3.33765620440139       f
$end
