$coord
    0.00000000000000      0.00000000000000      0.00000000000000      cd
   -8.12786740301692      1.29112438401803      0.00000000000000       c
   -8.12786740301692     -1.29112438401803      0.00000000000000       c
   -5.51266955922215     -2.10593082580857      0.00000000000000       c
   -4.61139756470503     -4.61139756470503      0.00000000000000       c
   -4.03429807153891      0.00000000000000      0.00000000000000       n
   -5.51266955922215      2.10593082580857      0.00000000000000       c
   -4.61139756470503      4.61139756470503      0.00000000000000       c
   -2.10593082580857      5.51266955922215      0.00000000000000       c
    0.00000000000000      4.03429807153891      0.00000000000000       n
   -1.29112438401803      8.12786740301692      0.00000000000000       c
    2.10593082580857      5.51266955922215      0.00000000000000       c
    1.29112438401803      8.12786740301692      0.00000000000000       c
    4.61139756470503      4.61139756470503      0.00000000000000       c
    5.51266955922215      2.10593082580857      0.00000000000000       c
    8.12786740301692      1.29112438401803      0.00000000000000       c
    4.03429807153891      0.00000000000000      0.00000000000000       n
    5.51266955922215     -2.10593082580857      0.00000000000000       c
    8.12786740301692     -1.29112438401803      0.00000000000000       c
    4.61139756470503     -4.61139756470503      0.00000000000000       c
    2.10593082580857     -5.51266955922215      0.00000000000000       c
    1.29112438401803     -8.12786740301692      0.00000000000000       c
    0.00000000000000     -4.03429807153891      0.00000000000000       n
   -1.29112438401803     -8.12786740301692      0.00000000000000       c
   -2.10593082580857     -5.51266955922215      0.00000000000000       c
    9.75623835858805      2.52941599398054      0.00000000000000       h
    9.75623835858805     -2.52941599398054      0.00000000000000       h
    6.06462095504991     -6.06462095504991      0.00000000000000       h
    2.52941599398054     -9.75623835858805      0.00000000000000       h
   -2.52941599398054     -9.75623835858805      0.00000000000000       h
   -6.06462095504991     -6.06462095504991      0.00000000000000       h
   -9.75623835858805      2.52941599398054      0.00000000000000       h
   -9.75623835858805     -2.52941599398054      0.00000000000000       h
   -6.06462095504991      6.06462095504991      0.00000000000000       h
    2.52941599398054      9.75623835858805      0.00000000000000       h
   -2.52941599398054      9.75623835858805      0.00000000000000       h
    6.06462095504991      6.06462095504991      0.00000000000000       h
$end
