$coord
   -0.00000302356180     -0.12170403168684     -0.36958526577315      mn
   -0.00000321253441      0.66171065764535      2.87009222947955       c
   -0.00000264561658      1.23052710325638      4.98920786344119       o
   -0.00000755890450     -3.44035620530303      0.31075242229527       c
   -0.00001058246631     -5.56030898793845      0.89108637069848       o
    4.18955078908422      0.43599402128980     -0.50385692106034       p
    4.61930380087060      3.77663807166886     -1.46541968276149       c
    2.23739434807266      5.12256659203695     -0.54819216364549       c
   -0.00000094486306      3.73015987965694     -1.33847355080139       n
   -2.23739321423698      5.12257018251659     -0.54819367542639       c
   -4.61930021039096      3.77664449673769     -1.46541665919969       c
   -4.18955683620782      0.43600006841341     -0.50385918873169       p
   -5.60249806856240      0.22631322289349      1.75457782667079       h
   -5.86512578047224     -0.91893072927328     -2.09550388396365       h
   -6.35658647609185      4.60998386059023     -0.71406003975786       h
   -4.69586454308085      3.81695386678420     -3.53563052739293       h
   -2.21210017490477      7.04873684217332     -1.35981252718775       h
   -2.35926448668596      5.38288978293625      1.53736401301877       h
    2.21210565511053      7.04873419655674     -1.35981706253045       h
    2.35926921100128      5.38288713731967      1.53735966664868       h
    6.35658477533834      4.60997195531564     -0.71406646482668       h
    4.69586114157382      3.81694252842745     -3.53563336198211       h
    5.60248994274006      0.22631019933169      1.75458160612304       h
    5.86512030026647     -0.91894150071220     -2.09549745889482       h
   -0.00003023561801      0.14815037087369     -3.76013395957563       h
    0.00002607822054     -1.33021110126108     -3.57409136734308       h
$end
