$coord
   -0.36741510429016      1.47521375532685     -0.05094229203916       b
    0.36650784677711     -1.47422486164516     -0.05002842048467       b
   -1.55186482644592     -3.65400372781024     -0.00904063875896       c
   -4.05801092188464     -3.70846487886845     -0.72537534185457       n
   -5.06274731152134     -6.09810047693217     -0.44452594577567       c
   -3.19656433855318     -7.60673252701479      0.45532138421514       c
   -1.07116706597641     -6.12030532582942      0.70980135296051       n
    1.55164259465351      3.65436844495254     -0.00914797520291       c
    4.05827453867920      3.70810620884975     -0.72493805922903       n
    5.06347617888811      6.09766489506015     -0.44369503319810       c
    3.19731739441436      7.60659041961012      0.45599412671596       c
    1.07156428640808      6.12067212167046      0.71020291976227       n
   -5.43635259168214     -1.56260791947170     -1.72602538771661       c
    1.33534038488463     -6.98990305383237      1.69743912266477       c
    5.43591077371390      1.56204005677087     -1.72671891720481       c
   -1.33510832651637      6.99044937365537      1.69721008785831       c
   -7.00054580240087     -6.52619922246793     -0.91060554082560       h
   -3.21198507065843     -9.58872812149966      0.93248932525406       h
    7.00176524266992      6.52486148534340     -0.90916689232594       h
    3.21258222411422      9.58849417340527      0.93353793428133       h
   -6.12034992336599     -0.34287209725732     -0.20069307196888       h
   -7.03295233778884     -2.25566195258658     -2.84162860765329       h
   -4.15345040603794     -0.43658097022451     -2.89691745875465       h
    2.80111117876032     -6.90437971855216      0.23957267522854       h
    1.92732770738848     -5.79198827713907      3.27620646818434       h
    1.11841626624771     -8.93930767565938      2.34489859970420       h
    6.12116250560013      0.34179419747510     -0.20222526191177       h
    7.03181680135978      2.25504306728035     -2.84348658638029       h
    4.15191934993073      0.43604825642962     -2.89659790606676       h
   -2.80029897447140      6.90555682895599      0.23870226737494       h
   -1.92829713689107      5.79251267613901      3.27547930157109       h
   -1.11800336108920      8.93968259732276      2.34492694559609       h
    2.49424308851685     -2.28691821168171      0.15098344828165       h
   -2.49526467446052      2.28788102714286      0.14899318872585       h
$end
