$coord
    4.24059928373165      3.32295526897750      0.06448879377273       y
   -3.32316805213928      4.24065370784408     -0.06470516741415       y
    3.32303558233785     -4.24057150475760     -0.06434252897058       y
   -4.24079543730352     -3.32308811672415      0.06441641726211       y
    8.01369411891444      6.32908415794584      0.23613261778893       s
    6.32931678323194     -8.01339762088528     -0.23650187027394       s
   -8.01384850953892     -6.32945945755444      0.23627850464585       s
   -4.73254620588346      0.52385645956866     -3.47581975064488       s
   -6.32945605604742      8.01352366561788     -0.23598673093201       s
    0.52362723578959      4.73236535909321      3.47510883567631       s
   -5.26616593548162      0.68989686767632      3.20234992406026       s
   -0.68873393021844     -5.26647528364844     -3.20246028406602       s
    5.26651912529456     -0.68914381181515      3.20251092872619       s
    0.68878249617988      5.26655408522789     -3.20267741359788       s
    4.73237442977861     -0.52398798450702     -3.47484408504608       s
   -0.52394074135388     -4.73256321341859      3.47545541144781       s
    7.21568186217745      7.53932410637754     -1.86164989793733       h
   -7.53927743014223      7.21524174496273      1.86196604911820       h
    0.89557352538445      7.22556229522676      3.08205808470731       h
   -3.61594483260707      0.51416216454275      5.12353980099180       h
    0.51424606838274      3.61629764447478     -5.12391188806599       h
    3.61649417599187     -0.51404273385160      5.12385084991212       h
   -0.51404027720763     -3.61592064411266     -5.12345344050784       h
   -7.22565338002603      0.89562511490769     -3.08200082600570       h
   -0.89591537684063     -7.22572537859143      3.08214860258875       h
    7.22561558550351     -0.89582032361649     -3.08180901880392       h
   -7.21542882784919     -7.53922867520818     -1.86163364629265       h
    7.53935434199555     -7.21567827169781      1.86149191683321       h
$end
