$coord
    0.00000000000000     -0.00000000000000     -0.22040518313345      fe
    0.00000000000000      3.42237262662583     -2.10950826633752       c
   -1.35331470390381      2.93277425610330      1.99098880111806       c
    1.35331451493120      2.93277425610330      1.99098861214545       c
    2.20081983274139      3.23547644510220     -0.53042306888358       c
   -2.20082002171400      3.23547644510220     -0.53042325785619       c
   -0.00000000000000      3.80747556745449     -4.12041024547995       h
   -2.54935052591013      2.69439550984112      3.63140883944060       h
    2.54935052591013      2.69439550984112      3.63140883944060       h
    4.14146481808437      3.29537452719726     -1.16668572965439       h
   -4.14146481808437      3.29537452719726     -1.16668572965439       h
    0.00000000000000     -3.42237262662583     -2.10950807736491       c
   -1.35331451493120     -2.93277425610330      1.99098861214545       c
    1.35331451493120     -2.93277425610330      1.99098823420023       c
    2.20081945479616     -3.23547625612959     -0.53042287991097       c
   -2.20081964376877     -3.23547625612959     -0.53042306888358       c
   -0.00000000000000     -3.80747575642710     -4.12041043445257       h
   -2.54935052591013     -2.69439550984112      3.63140883944060       h
    2.54935052591013     -2.69439550984112      3.63140902841321       h
    4.14146519602959     -3.29537452719726     -1.16668591862700       h
   -4.14146500705698     -3.29537452719726     -1.16668572965439       h
   -0.00000000000000     -0.00000000000000     -3.02091240542393       h
$end
