$coord
    0.18820802940024      1.53715104088438      0.63608729418632      hg
    2.06073046660298      0.24449408897824      3.62257777130901       f
   -1.64838712366936      3.14695184678883     -2.21518288513396       f
   -4.22245772395032     -0.89242958802878     -0.05290420570308       o
   -5.55255600856169     -0.58004576516902      1.14977098007400       h
   -4.42954619604712      0.39416644527374     -1.34128791992070       h
    3.92833904896052     -1.51741455225278     -0.95369507594855       o
    4.27288430972972     -1.58780231510014      0.84497006123967       h
    5.40278538650764     -0.74507139034707     -1.69033620907532       h
$end
