$coord
    2.13661279713403      2.13661279713403     -1.71178082115213      na
    2.22679355142415      2.22679355142415      2.74675547441993       n
    3.58314391137663      3.58314391137663      2.91655152423022       h
    1.86288124348097      1.86288124348097      4.60794333431948       h
    2.13661279713403     -2.13661279713403      1.71178082115213      na
    2.22679355142415     -2.22679355142415     -2.74675547441993       n
    1.86288124348097     -1.86288124348097     -4.60794333431948       h
    3.58314391137663     -3.58314391137663     -2.91655152423022       h
   -2.22679355142415      2.22679355142415     -2.74675547441993       n
   -3.58314391137663      3.58314391137663     -2.91655152423022       h
   -2.13661279713403      2.13661279713403      1.71178082115213      na
   -1.86288124348097      1.86288124348097     -4.60794333431948       h
   -2.13661279713403     -2.13661279713403     -1.71178082115213      na
   -2.22679355142415     -2.22679355142415      2.74675547441993       n
   -1.86288124348097     -1.86288124348097      4.60794333431948       h
   -3.58314391137663     -3.58314391137663      2.91655152423022       h
$end
