$coord
   -0.00010884822485      0.00000000000000      0.12865047595306      pt
   -2.22111435749796      3.84695950512921     -0.46155294508793       p
   -2.22111435749796     -3.84695950512921     -0.46155294508793       p
    4.44159565674374      0.00000000000000     -0.46100832601845       p
    0.00052950126048      0.00000000000000     -2.87724465389350       h
    0.00013171391098     -0.00000000000000      3.84608116042588       c
    0.00076911853324     -0.00000000000000      5.99441611769153       o
   -0.99933233983444     -5.79509895531492     -1.80040103960747       h
   -2.99697354383354     -5.19093480457356      1.69833825435548       h
   -4.51908652215317     -3.76374371442134     -1.80066786893645       h
    5.51799990970550      2.03183882180920     -1.80035474131739       h
    5.99409675397626      0.00000000000000      1.69838247394683       h
    5.51799990970550     -2.03183882180920     -1.80035474131739       h
   -2.99697354383354      5.19093480457356      1.69833825435548       h
   -0.99933233983444      5.79509895531492     -1.80040103960747       h
   -4.51908652215317      3.76374371442134     -1.80066786893645       h
$end
