$coord
    3.06174711933345     -4.66401320922868      0.00000000000000      zn
   -2.16825550522191      0.63214740418642      2.51786844454295       b
   -3.16951064138946      0.63463485068595      0.00000000000000       n
    0.44419921212850      0.32187459438191      3.15817039490789       n
   -2.16825550522191      0.63214740418642     -2.51786844454295       b
    2.59875458088280     -0.21265843985291      1.60363859798048       b
    0.44419921212850      0.32187459438191     -3.15817039490789       n
    2.59875458088280     -0.21265843985291     -1.60363859798048       b
   -3.64705614970834      0.90532300041323      4.21901161938712       h
   -5.06857995120896      0.85279749582579      0.00000000000000       h
    0.77560123871939      0.40894674919491      5.04086031455847       h
   -3.64705614970834      0.90532300041323     -4.21901161938712       h
    4.58194334844356     -0.46625458368919      2.71555798580732       h
    0.77560123871939      0.40894674919491     -5.04086031455847       h
    4.58194334844356     -0.46625458368919     -2.71555798580732       h
$end
