$coord
   -0.08552635884201      0.18900001361960      0.00005423513981       w
   -0.06885746263060      0.26904219827162      4.61337062775308       p
   -0.06881003050484      0.26958625042327     -4.61335607686192       p
   -6.04622617196771      1.13448404057847     -0.00014626480215       o
    5.82069945308782     -1.05153470125436     -0.00011565123891       o
   -1.14957369266645     -5.56328114918928      0.00028629350808       o
    3.69217921911538     -0.54477856237165     -0.00002551130270       c
    0.34841938829992      2.54175968503497      5.98907669652278       h
   -0.74734888827401     -3.39195332723187      0.00003231431675       c
    0.34836364137921      2.54179936928361     -5.99000266232448       h
    1.70563713254419     -1.22074493596562     -5.94931553602539       h
   -2.25428982244656     -0.49566817083895     -5.95227843761820       h
   -2.25430248361160     -0.49580234139388      5.95262255674573       h
   -3.87668470811712      0.85070178955216     -0.00002588924792       c
    1.70555606329339     -1.22093976672920      5.94982538413416       h
$end
