$coord
    0.00000000000000      0.00000000000000      1.54947470084187      in
    0.00000000000000      0.00000000000000     -2.98395106315469      cl
    1.98812567706470     -3.44020994050089      3.60602622709002      cl
    3.77884508281131      2.20489956247461      1.45055774267168       o
    3.74531623907717      4.72974015155910      0.30040522689286       c
    5.88956164003374      4.71023591026838     -1.61324898916639       c
    7.77710003000556      2.87582112320286     -0.40733519075474       c
    6.04228552607735      0.83704814034725      0.62869052818430       c
    4.04728559228444      6.09629881204373      1.82696907715684       h
    1.88298018158352      5.03830672764453     -0.53846744402896       h
    6.66951813055551      6.59880287817053     -1.91970681986792       h
    5.21812399510051      3.96317199269416     -3.42343162914679       h
    9.14374486200153      2.11235665052710     -1.75576192906128       h
    8.81296587811434      3.79912146619708      1.13053054455046       h
    5.49325111149755     -0.52087787324901     -0.83982906131414       h
    6.77126022928394     -0.17639157193493      2.27183989795048       h
   -1.98812567706470      3.44020994050089      3.60602622709002      cl
   -3.77884508281131     -2.20489956247461      1.45055774267168       o
   -3.74531623907717     -4.72974015155910      0.30040522689286       c
   -6.04228552607735     -0.83704814034725      0.62869052818430       c
   -5.88956164003374     -4.71023591026838     -1.61324898916639       c
   -4.04728559228444     -6.09629881204373      1.82696907715684       h
   -1.88298018158352     -5.03830672764453     -0.53846744402896       h
   -7.77710003000556     -2.87582112320286     -0.40733519075474       c
   -5.49325111149755      0.52087787324901     -0.83982906131414       h
   -6.77126022928394      0.17639157193493      2.27183989795048       h
   -6.66951813055551     -6.59880287817053     -1.91970681986792       h
   -5.21812399510051     -3.96317199269416     -3.42343162914679       h
   -9.14374486200153     -2.11235665052710     -1.75576192906128       h
   -8.81296587811434     -3.79912146619708      1.13053054455046       h
$end
