$coord
   -0.47802417594657     -6.99002116171524      2.12980940513554      ga
   -1.50337332021945     -0.53267751215179      1.65581147967283      ga
    3.83339202743564     -2.07387766920614      1.56437462442682      ga
   -2.86536999286352      3.39924974877661     -2.31456093647888      ga
    0.53571033361126      4.26736460868856     -1.84869998274171       o
    0.42357946550565     -3.67275170070537      1.82267372967265       o
    1.81571500218660      0.95263777418110      0.73230062118818       n
   -3.48048453958668     -0.12089844143936     -1.54516555835696       c
    2.23239923500404      2.70700867584110     -0.86788506921504       c
   -2.57031571446878      0.15218871560476      4.31862172910029       h
   -2.51974475361337     -1.28233961417652     -2.97230921638342       h
   -4.27929048129655      5.84322479953603     -3.07133048743576       h
   -5.48934580348575     -0.59175658694388     -1.50722174747486       h
    4.97866243576818     -1.98539899123763      4.28137088078856       h
    5.21431449620329     -3.17107420078604     -0.81096803008360       h
    4.15217559679340      3.09912136676120     -1.56682125284203       h
$end
