$coord
   -0.39807591068301      0.00444595865642      0.27399290277627      os
    3.05596569122384      0.24753768187662     -1.79625668124074       o
   -3.91938722732949     -0.22813964319418      2.74188829581004       p
   -2.24458985824228     -0.33946303132618     -3.74891371070306       p
    0.55807902176363     -4.24614222840416      0.56635224274285       p
   -0.26275356766982      4.36846854690427      0.20659978892063       p
    5.28023797005081      0.51725526826564     -0.40599140650660       c
   -6.42993109340842     -0.49849954749339      1.80386320684275       h
   -4.49602317067691      1.78660755066925      4.42719915619874       h
   -4.12721628309502     -2.17734074151743      4.58305280665208       h
   -4.01664916335861      1.45269426702963     -4.67620477732997       h
   -0.56399707707213     -0.26033226158470     -5.83656710542184       h
   -3.62916214404951     -2.50931365437097     -4.51488169255041       h
    0.27994535110027     -5.56318099370460      2.88021568130865       h
   -0.61338450245489     -6.09705092304184     -0.98813155514096       h
    3.09752398126697     -4.87565592128891      0.02597050614835       h
   -0.80181797618195      5.79675756793563      2.40553197423485       h
   -1.74982573238196      5.83034234756310     -1.48625429124485       h
    2.11666050177886      5.41807157011272     -0.40466198417703       h
    1.24141173676900      0.27312891999151      2.94465609809256       h
    6.89449040379006      0.61516764802730     -1.72331400867115       h
    5.33133692038581      2.25224797336752      0.76872849377208       h
    5.64713491143725     -1.07314164080538      0.90872696408383       h
$end
