$coord
   -1.10398953008469     -1.45506096002972      0.00000000000000      bi
   -1.80912269259637     -0.32166237813797      5.43811495026716       s
    1.37092354989025      2.80986004380543      0.00000000000000       s
   -4.26501832473063      3.28373797165915      0.00000000000000       s
    2.60531004081357     -3.19272611581885     -3.30849432877160       s
   -1.80912269259637     -0.32166237813797     -5.43811495026716       s
    2.60531004081357     -3.19272611581885      3.30849432877160       s
    1.59291270146244     -2.34089464798863      7.61879238120511       h
   -1.12543414216150      6.55266011254595      0.00000000000000       h
    1.59291270146244     -2.34089464798863     -7.61879238120511       h
   -1.37702887705783      4.50008589287500      0.00000000000000       c
    0.86169867279665     -1.98992034996648      5.71636578395033       c
    0.86169867279665     -1.98992034996648     -5.71636578395033       c
$end
