$coord
    7.07589655297270     14.09356402996475      6.39702604826844      al
   10.50503156454010      3.51759819378168      7.57147647360157      cl
    8.01923120543596     11.42669049142135     10.66478655458038       p
   10.48532587844436      3.31187372600256     11.57203650872420      al
   12.54716504736540     10.94156926003632      8.76471739066766      al
   11.08641960217634      9.26058265994154     13.28598408985229      al
    4.04811102465623     14.89918337922157      5.99387981341700       f
    9.23956323624307     15.24568639625721      4.27461019660051       f
   11.74023460612242     14.52048831071326      8.70083387617306       o
   10.72982280201178      6.04392675321771     13.20422433312444       o
    8.01593892457940     10.46191028201823      7.30268693171299       c
    8.98968796314870     14.68115603847235      9.69544397939147       c
   12.17020266874193     10.66795978269100     15.69225211241318       h
    9.01685334312646     16.11652454048921     11.17198715704790       h
    7.09142537741235      8.65269272517033      6.94873839374127       h
   10.25037660715546      0.67291238720189     12.89909403502636       h
    9.93964856232722     10.21498959572172      6.29236866904558       h
   11.72217354867406     15.34540403138695      7.04244310931098       h
$end
