$coord
    0.00000604712360      0.00001171630198      0.00000680301405      sc
    2.55396996142491     -2.55397978800076      2.55396807169878       b
   -2.55392555286095      2.55393008820365      2.55392177340870       b
   -2.55392234032653     -2.55392952128581     -2.55392045060041       b
    2.55393197792978      2.55393953683428     -2.55393292279284       b
    3.98436980653892     -3.98439512886900      3.98437623160774       f
   -3.98439966421170      3.98438095592306      3.98434731879802       f
   -3.98437774338864     -3.98434486215405     -3.98436961756630       f
    3.98434731879802      3.98438681407405     -3.98439720756774       f
$end
