$coord
    2.26702997804221     -0.64109620225566     -0.00000000000000      ti
    3.87778018235231     -2.30856615828966      3.14795283471772       c
    3.87778018235231     -2.30856615828966     -3.14795283471772       c
   -1.58684460189953     -1.31302668776252     -0.00000000000000       c
    2.89462937836140      2.64822420935204     -0.00000000000000       f
   -2.92313570799811      1.26308065933694     -0.00000000000000       b
   -1.72595622374040     -2.47976155029618     -1.72160342858198       h
   -1.72595622374040     -2.47976155029618      1.72160342858198       h
    3.03573050386762     -1.54670209466994     -4.88342099491287       h
    5.91631298101731     -1.92681464674530     -3.16833031845122       h
    3.57437898365944     -4.36069761512931     -3.09291304951975       h
    3.03573050386762     -1.54670209466994      4.88342099491287       h
    3.57437898365944     -4.36069761512931      3.09291304951975       h
    5.91631298101731     -1.92681464674530      3.16833031845122       h
   -3.58215256105097      2.62453441366504     -2.57365693923200       c
   -3.58215256105097      2.62453441366504      2.57365693923200       c
   -2.89196032918117      1.65848241857919      4.27124157080847       h
   -2.88268498643738      4.57801744241699      2.60898631401891       h
   -5.64728854617128      2.78291670664746      2.76065497699382       h
   -2.88268498643738      4.57801744241699     -2.60898650299152       h
   -2.89196032918117      1.65848241857919     -4.27124157080847       h
   -5.64728854617128      2.78291670664746     -2.76065497699382       h
$end
