$coord
   -0.00000151178090     -0.00000850376757      1.18204976997586      ta
    7.99038075667173     -1.28828204695205     -0.20571690887461       c
    5.41826243245144     -2.10262040358120     -0.06829092273806       c
    3.85581154922080     -0.00006538452396      0.01879030276035       n
    5.41828888861720      2.10254519248139     -0.06828808814887       c
    7.99041722838596      1.28832834524213     -0.20571142866884       c
    4.59449547628968     -4.59450681464644     -0.08419882623856       c
    2.10251722453473     -5.41824977128639     -0.06828695431319       c
   -0.00001209424721     -3.85590414580097      0.01880258598017       n
   -2.10252988569977     -5.41824542491630     -0.06828752123103       c
   -1.28826655119782     -7.99038245742524     -0.20571010586056       c
    1.28827486599277     -7.99038926043929     -0.20570916099749       c
   -4.59450700361905     -4.59450057855022     -0.08419712548505       c
   -5.41824277929973     -2.10261171084102     -0.06828978890238       c
   -3.85584065100314     -0.00006519555134      0.01879389323999       n
   -5.41826904649288      2.10253574385076     -0.06828695431319       c
   -7.99043026749623      1.28835801394231     -0.20571123969623       c
   -7.99039379578200     -1.28831152667961     -0.20571671990200       c
   -4.59452968033256      4.59444880005437     -0.08420657411568       c
   -2.10258487673004      5.41833386409900     -0.06829300143679       c
   -1.28819549749548      7.99034787543713     -0.20571407428542       c
    1.28820362331782      7.99035411153335     -0.20571312942236       c
    2.10257316042805      5.41833821046909     -0.06829243451896       c
   -0.00001228321982      3.85574521983378      0.01878198796540       n
    0.00000226767135      0.00001341705549      4.44474601916824       o
    4.59451701916752      4.59445428026014     -0.08420827486919       c
    6.04369148231503     -6.04369469484944     -0.17048391012012       h
   -9.59957666124327     -2.54394061795688     -0.31139549609591       h
   -2.54394968864228     -9.59960632994345     -0.31140362191825       h
    2.54395838138246     -9.59962201467030     -0.31140513369915       h
   -6.04368297854746     -6.04368600210926     -0.17048447703796       h
    2.54403850577020      9.59969854857839     -0.31139946452078       h
   -2.54402962405741      9.59968267487894     -0.31139776376726       h
    6.04374080416692      6.04374118211214     -0.17048013066787       h
   -6.04373211142674      6.04373192245412     -0.17048069758571       h
   -9.59966321069984      2.54398805008264     -0.31140513369915       h
    9.59968173001587      2.54400675837128     -0.31140456678132       h
    9.59959499158669     -2.54395932624552     -0.31139474020546       h
$end
