$coord
   -0.00000434637009      0.00002135390522      0.00000151178090      tc
   -3.80484714738596      0.00000226767135      0.00000056691784       b
    3.80483732081011      0.00000226767135      0.00000056691784       b
   -0.00000037794523      0.00000226767135     -3.80484091128975       b
   -0.00000037794523      0.00000226767135      3.80484355690632       b
   -0.00000056691784      3.80486604464722      0.00000037794523       b
   -0.00000056691784     -3.80481842354885      0.00000037794523       b
    0.00000699198667     -0.00003136945369     -6.18645046455151       f
    0.00000699198667     -0.00003136945369      6.18645311016808       f
    0.00000585815099     -6.18642835475583     -0.00000226767135       f
   -6.18645688962034     -0.00003136945369     -0.00000207869874       f
    0.00000585815099      6.18647597585421     -0.00000226767135       f
    6.18644706304448     -0.00003136945369     -0.00000207869874       f
$end
