$coord
   -0.04093675912032     -0.20326328847273     -0.08294159144699      pd
    4.43000539949571     -0.69464480456767     -0.12035420031510       c
   -3.95928350324488     -0.35287517353220     -0.23587448120013       n
    0.28969595996473      4.03838781682060     -0.07036111770899       n
   -0.23315346455144     -3.06209766352980     -0.07723159498495       h
   -4.53269047156097     -1.26490235532232     -1.82942326447655       h
    3.21347908813357     -0.65310730151193      1.62526840321762       h
    5.43193705761634     -2.48870978144758     -0.00145678987046       h
    3.50668578129501     -0.65324052720380     -2.00048637565426       h
    5.70662953700442      0.91726493569330      0.01413326169566       h
   -0.64273402788898      4.89349739256144     -1.51718854100812       h
   -0.36702884427002      4.82651416030251      1.55550198232045       h
    2.12005388298315      4.60328402558344     -0.22633193118214       h
   -4.80061981011704      1.37449040795290     -0.21901169908821       h
   -4.64422172956682     -1.34574351618037      1.26209308846354       h
$end
