$coord
    0.38309794140907     -2.73258611895526      2.52541808938857      li
   -4.56737507179372     -1.34725189557406     -3.93150717481061       f
   -3.73704131734443     -0.59380013677644      0.11551839115890       f
    1.08052498975191     -0.43303036380654      5.91797064877496       f
    0.12430542867176     -5.22611489099652      0.57731775653366       o
   -1.51961589421685      2.75715142475639     -4.54261172269459       n
    1.47951836246905      0.67662135266921      1.13722527729671       n
    1.45790216326002      2.17020532463862      5.30099453284517       n
    1.96409384094892      2.41443466298662      2.70117055594772       c
   -2.53497575721557     -1.12070245691484     -2.13522384843149       c
    1.71150945648045      1.14793322141655     -1.55740984981717       c
   -0.89165593415283      1.15023301811178     -2.93314520934182       c
   -4.55669056027783      1.60973674418878     -5.88626898123196      li
    2.61777221769609      2.95956150188327     -2.00725386285636       h
    2.82925505892607     -0.41037708289961     -2.35439749704869       h
    0.17543083517252     -7.01439201469801      0.35396214399982       h
   -1.64091684732103     -3.00120218398549     -1.93404530582086       h
    2.65286594363510      4.32733714599298      2.26205962038584       h
    2.97199495492868      2.66624255898995      6.39022643572220       h
$end
