$coord
    0.00000000000000      0.00000000000000      0.00000000000000      ne
    0.00000000000000      0.00000000000000      5.36087447356942       b
    0.00000000000000      0.00000000000000     -5.36087447356942       b
    1.95045304188167     -1.12609460144250     -5.36355618391470       h
    0.00000000000000      2.25218920288500     -5.36355618391470       h
   -1.95045304188167     -1.12609460144250     -5.36355618391470       h
    1.95045304188167      1.12609460144250      5.36355618391470       h
    0.00000000000000     -2.25218920288500      5.36355618391470       h
   -1.95045304188167      1.12609460144250      5.36355618391470       h
$end
