$coord
   -1.76253773105833     -0.07859219779560     -1.15933696269596      fe
    4.26432536216026      6.17820672329985      1.67179610605404       c
    2.59687581516842      4.13908962131671      1.59072968984179       c
    3.25932686750990      1.97188990608135      0.18931465301957       c
    5.63031181357396      1.87654963254966     -1.01609987974962       c
    7.27812805098069      3.91101800826307     -0.84895114726912       c
    6.59825183403222      6.08112582303359      0.47221950420562       c
    6.20913076854204     -0.47465895166155     -2.50641349168554       c
    5.26334306259474     -2.75291654850823     -1.09856431534983       c
    2.91921660498559     -2.47656715725295      0.10490663409887       c
    1.88322282241808     -4.51262687133698      1.47715015768807       c
    3.16222631409193     -6.81470030860324      1.48570438094221       c
    5.46513557722368     -7.10077460844767      0.24908102120365       c
    6.52529631132497     -5.05341886747341     -1.01378515421800       c
    3.73384730224642      7.84968743406348      2.74404711893628       h
    9.10281698459400      3.80162308564255     -1.78871270557351       h
    7.88085034068798      7.67808329429592      0.57864623400017       h
    8.22889253965318     -0.62524952588163     -2.92708618046432       h
    2.36669488981303     -8.39493332570606      2.53134200284806       h
    6.43934174054283     -8.90524385045899      0.29835014973093       h
    8.33741629852965     -5.24600747100612     -1.96384515299075       h
    1.64875486437346     -0.14442061841899     -0.02752820739394       n
    0.13384382129228      4.24707235160334      2.99439180000033       c
    0.02463635950346      2.72756946300881      4.40606143564479       h
   -0.09933213100005      6.06106751404275      3.95751982185157       h
   -0.45119592310967     -4.17401157115088      3.06654494499451       c
   -0.06480343317269     -2.79838505985108      4.57421266783509       h
   -0.99117061269665     -5.95846313328308      3.96489901340062       h
   -2.44298596810512      3.60313211152819      0.70763024661445       p
   -3.18891699486686     -2.81738550015663      1.32993406741102       p
   -4.47579459736213     -4.93984424860762      0.34890712661302       h
   -4.85718384840816     -2.29337370510042      3.37562552658619       h
   -2.52597877113012      5.92043428472531     -0.64203218360582       h
   -4.65593519695826      3.97872273795686      2.16905467040055       h
   -4.41350412199167      0.07908579425969     -3.11964171378982       c
   -6.14407751357550      0.18268719452340     -4.46332240493114       o
   -1.19980941610714     -2.58711764739946     -2.40001113935801       h
    5.20278395430084     -0.36482240004542     -4.33179368711571       h
$end
