$coord
    0.00000000000000      0.00000000000000      2.22212195946830      ge
    0.00000000000000     -1.44489914676026     -1.17881418090308       c
    0.00000000000000      1.44489914676026     -1.17881418090308       c
    2.46011520160080      0.00000000000000      3.69375222714258       h
   -2.46011520160080      0.00000000000000      3.69375222714258       h
    1.71619843391666     -2.37781139272130     -1.81299946574367       h
   -1.71619843391666     -2.37781139272130     -1.81299946574367       h
   -1.71619843391666      2.37781139272130     -1.81299946574367       h
    1.71619843391666      2.37781139272130     -1.81299946574367       h
$end
