$coord
   -0.74769943247037     -0.89335971122795     -3.22973111076160      zr
    3.36787916125087      2.92540999339064      0.00000018897261      zr
   -0.74769981041559     -0.89336027814579      3.22973073281638      zr
   -3.19157754027953     -0.48778593419517      6.64155358539910       s
   -2.18015359885585     -3.90790392858018      0.00000056691784       s
   -1.18150250528979      2.86620733050991     -0.00000018897261       s
    3.93616572765620      0.43928913673555     -3.58133260888494       s
   -3.19157791822475     -0.48778593419517     -6.64155358539910       s
    3.93616591662881      0.43928932570816      3.58133241991233       s
$end
