$coord
    3.86102530360218      3.44170150133207     -4.70728056758007      rb
   -0.82596300689267      3.84640449256603     -6.27850072489799       f
   -0.35134279461670      0.46119956630239     -9.93226200084627      rb
    4.28455998259864     -0.25369459856744     -8.05944986862843       f
    2.28807982633130     -0.24419192177070     -1.53244770152960       f
   -2.85043567626309      0.52439446459671     -2.97149550031360      rb
   -1.76530863647675     -2.94611836816879     -6.55281488111566       f
    2.84031184648876     -3.95261673844529     -5.00769562104879      rb
   -1.89102021035880     -0.03544124657356      6.81070278195650       c
   -1.33636329363658      0.01472625775397      3.99704590041889       c
   -3.08562588763303      0.30691779004057      2.47279601979609       o
    1.08472188250494     -0.27089658651897      3.28230933870796       n
   -2.85299833386243      1.72109528122673      7.32131509597173       h
   -0.21226216428430     -0.26264358560929      7.99448486387197       h
   -3.20547836566170     -1.58489629426372      7.19144045543431       h
    2.42021949260324     -0.50192826657624      4.61448821178395       h
    1.59787984658439     -0.26401174732445      1.35736438699164       h
$end
