$coord
   -1.07568086580076     -0.26284257377035     -0.02947368044056       s
    2.86285646814345     -0.07436147894492      0.16866164721691       s
   -2.12149668888028      2.32671905642774      2.00968631832563       c
    3.56233651494948     -3.34434772461322      1.11671173328214       c
    5.62853017978246     -3.37180128782519      1.24172732103202       h
    2.76478194988019     -3.76946882869239      2.96901088840326       h
    2.95145741139231     -4.68383303478242     -0.32559036286328       h
   -4.17500348839437      2.46179157764709      1.80241340895895       h
   -1.62687769398644      1.81051334205243      3.94513153326057       h
   -1.19377193010747      4.08238423151137      1.44697463296434       h
   -1.78356017831861      1.04278678107231     -3.15178085293097       c
   -3.84133908168553      1.20703497292216     -3.27950517410973       h
   -0.87106528931233      2.88151543493805     -3.36794889214491       h
   -1.08116749663472     -0.30609027897004     -4.54601833198177       h
$end
