$coord
    0.00000000000000      0.00000000000000      3.68418889013720      sn
    0.00000000000000      0.00000000000000      0.00000000000000       o
    0.00000000000000      0.00000000000000     -3.68418889013720      sn
    3.09109796757582      0.00000000000000      4.62250820946230       h
   -1.54554898378791     -2.67696921139844      4.62250820946230       h
   -1.54554898378791      2.67696921139844      4.62250820946230       h
    3.09109796757582      0.00000000000000     -4.62250820946230       h
   -1.54554898378791     -2.67696921139844     -4.62250820946230       h
   -1.54554898378791      2.67696921139844     -4.62250820946230       h
$end
