$coord
    0.00000000000000      0.00000000000000      0.00000000000000      ag
    4.47799008117521      2.58536870586993     -0.24887050571323       o
    4.47799008117521     -2.58536870586993      0.24887050571323       o
    0.00000000000000     -5.17073741173986     -0.24887050571323       o
   -4.47799008117521     -2.58536870586993      0.24887050571323       o
   -4.47799008117521      2.58536870586993     -0.24887050571323       o
    0.00000000000000      5.17073741173986      0.24887050571323       o
    6.68072137189296      1.28290861071303      0.59987522832600       c
    6.66801636520325      1.11952572445623      2.67517888486676       h
    8.39361165125360      2.31445397798015      0.02385722542175       h
    6.68072137189296     -1.28290861071303     -0.59987522832600       c
    6.66801636520325     -1.11952572445623     -2.67517888486676       h
    8.39361165125360     -2.31445397798015     -0.02385722542175       h
    4.45139218595306     -5.14422001885067     -0.59987522832600       c
    6.20118163559341     -6.11185390367652     -0.02385722542175       h
    4.30354587201303     -5.21490862609728     -2.67517888486676       h
    2.22932918593989     -6.42712862956370      0.59987522832600       c
    2.19243001566019     -8.42630788165667      0.02385722542175       h
    2.36447049319023     -6.33443435055351      2.67517888486676       h
   -2.22932918593989     -6.42712862956370      0.59987522832600       c
   -2.36447049319023     -6.33443435055351      2.67517888486676       h
   -2.19243001566019     -8.42630788165667      0.02385722542175       h
   -4.45139218595306     -5.14422001885067     -0.59987522832600       c
   -4.30354587201303     -5.21490862609728     -2.67517888486676       h
   -6.20118163559341     -6.11185390367652     -0.02385722542175       h
   -6.68072137189296     -1.28290861071303     -0.59987522832600       c
   -8.39361165125360     -2.31445397798015     -0.02385722542175       h
   -6.66801636520325     -1.11952572445623     -2.67517888486676       h
   -6.68072137189296      1.28290861071303      0.59987522832600       c
   -8.39361165125360      2.31445397798015      0.02385722542175       h
   -6.66801636520325      1.11952572445623      2.67517888486676       h
   -2.22932918593989      6.42712862956370     -0.59987522832600       c
   -2.36447049319023      6.33443435055351     -2.67517888486676       h
   -2.19243001566019      8.42630788165667     -0.02385722542175       h
    2.22932918593989      6.42712862956370     -0.59987522832600       c
    2.19243001566019      8.42630788165667     -0.02385722542175       h
    2.36447049319023      6.33443435055351     -2.67517888486676       h
    4.45139218595306      5.14422001885067      0.59987522832600       c
    6.20118163559341      6.11185390367652      0.02385722542175       h
    4.30354587201303      5.21490862609728      2.67517888486676       h
   -4.45139218595306      5.14422001885067      0.59987522832600       c
   -4.30354587201303      5.21490862609728      2.67517888486676       h
   -6.20118163559341      6.11185390367652      0.02385722542175       h
$end
