$coord
   -0.83235897393842     -3.03590964990436      0.66955944613669      pb
   -0.20019796372390      2.26759406129079     -1.75332701694805       c
   -3.03634806636557      2.28492058219401     -1.43761463049011       c
   -3.71174638828609     -0.57279205143472     -1.51616997862626       c
    3.22578536261071     -2.00386274932342     -0.55938746813320       c
    3.94123435107111      0.78545427073988      0.01728645870935       c
    1.46707432695734      2.25853622602409      0.13034404850710       c
   -3.90065115970895      3.42405599465879      1.07490475528085       c
   -4.32955530651957      3.67540487618614     -3.63432374198981       c
    5.24858241182528      0.93349088010079      2.59856768696894       c
    5.72914524584939      1.80101444470794     -2.03273908733558       c
   -1.56311209840210     -7.14845712291963     -0.30944246414479       c
   -1.35385913400069     -2.57450353653641      4.89865615591256       c
    0.40804308216150      1.58380063105592     -3.60816256247536       h
   -5.60648595760591     -0.92387085131163     -0.75469349783496       h
   -3.64642460323706     -1.29431461966378     -3.45689641116527       h
    3.16750148457240     -2.33177634148590     -2.60447837234556       h
    4.56760750810720     -3.34363284121979      0.27296167922936       h
    0.87220649491976      2.85128227356749      2.01297841020958       h
   -3.23426267401153      2.31778216363310      2.69135871995678       h
   -3.21843130441913      5.36703989402781      1.28698531688445       h
   -5.96855502668587      3.45242664195966      1.15440723415130       h
   -3.67925916159255      2.93865754045109     -5.45669549342754       h
   -6.38475227708067      3.44124154199302     -3.54486372924411       h
   -3.90135924008833      5.70137420864828     -3.57093949313767       h
    4.05033938970390      0.11584153432644      4.07816069361997       h
    7.03559833231033     -0.11076554097963      2.57657373150734       h
    5.65377049575576      2.89933082799005      3.10878977253918       h
    4.81501574374420      1.79895369836764     -3.88858034510710       h
    6.30454133988561      3.74383790632887     -1.60596163830706       h
    7.42959148969832      0.62470339503124     -2.15730114081524       h
   -1.28908650336385     -7.42921637906233     -2.33499908042102       h
   -0.24443588541356     -8.33636107546094      0.74312005914945       h
   -3.50153797835542     -7.63324784120524      0.20543779632581       h
   -0.69776625418244     -0.70941263629641      5.48623040099458       h
   -3.35549824259176     -2.78518437799855      5.35459831516005       h
   -0.26035323754469     -4.03343560053505      5.86565565967794       h
$end
