$coord
   -0.55198068658271      0.80236467395018      3.72106065938808      ba
    0.49498503484443     -2.12956052820476     -3.79038337259088      ba
    3.09910643792480     -2.42818544411440      3.69265202859208       o
    3.86908630833746     -4.17791291073781     -0.45101450940158       n
    1.04433597855033      4.07154684115191      0.35046955217392       n
    3.51033862189639     -3.33992841109518      1.58972964677596       c
    1.10859044628344      3.04719396049260     -1.61762332720265       c
   -2.23436889654508     -1.57349141914865      0.33371694109514       h
   -4.10976466232226      4.97759360667136      1.45111823544062       h
   -1.04075211295254     -3.92359621432972     -7.58763684451249       h
   -5.18957646943426      4.67397603433707      2.30791099024181       h
$end
