$coord
   -0.00008050233296      2.88373661902645      0.04770367940458      rh
   -0.00009410836107     -2.88317801598363      0.04768345933503      rh
   -2.86370514414660      0.00007199856540      2.04044312280568       s
    2.86366035763741      0.00000283458919      2.04001736750952       s
    2.56617494658170     -4.81652412313790     -1.39096277264721       c
   -2.56642873680040     -4.81625256949361     -1.39130462410339       c
   -5.92648594367091     -0.00004573137225      0.37059910383970       c
    5.92646496771092     -0.00012604473260      0.37008415347039       c
   -6.96924097734431      1.68528478216816      0.94860774424499       h
   -5.66094087256790     -0.00035753618302     -1.67213361114013       h
   -6.96957489195075     -1.68503968468963      0.94891539165829       h
    6.96943221762825      1.68501984256531      0.94817669771567       h
    5.66169260562079     -0.00040402344572     -1.67274474856925       h
    6.96924815830358     -1.68534298573284      0.94830822265403       h
   -2.56625318124331      4.81677621260310     -1.39177081953865       c
    2.56637828111284      4.81678868479553     -1.39106160532360       c
   -4.16748596889289     -5.96585498599718     -2.30087383912154       o
    4.16700144311421     -5.96631097691136     -2.30070943294858       o
   -4.16735708957111      5.96592887428870     -2.30183381999350       o
    4.16759462814513      5.96582304962565     -2.30107226036476       o
$end
