$coord
   -0.00000529123315      0.00000245664396      0.00000037794523      pt
   -3.39281882179753     -0.49853356256366      2.33295553058846       c
   -4.00737382061482      0.66869546335193     -0.00000226767135       c
   -3.39281825487970     -0.49853318461843     -2.33295364086234       c
    3.39281712104402      0.49849709084943     -2.33300787600215       c
    4.00738818253337     -0.66872116362724     -0.00000226767135       c
    3.39281768796186      0.49849746879465      2.33300976572828       c
   -3.63055260453295      0.58254530591575      4.05964610190139       h
   -3.53644443243535     -2.54055970894502      2.53519439852834       h
   -4.48425206663863      2.67250322164509      0.00000018897261       h
   -3.53644443243535     -2.54055951997240     -2.53519439852834       h
   -3.63055260453295      0.58254530591575     -4.05964629087400       h
    3.53644707805193      2.54058333052159     -2.53519250880221       h
    3.63054882508070     -0.58252735351756     -4.05961794498211       h
    4.48424753129593     -2.67249131637049      0.00000018897261       h
    3.63054882508070     -0.58252754249017      4.05961794498211       h
    3.53644726702454      2.54058370846681      2.53519250880221       h
$end
