$coord
   -0.68030423991599      1.88391124964575      0.11043616171589      pd
    0.85823801734228     -3.68836839740987      0.83624368393545      pd
   -2.86258529244438      0.91396641874052     -2.77350435875954       c
   -4.22964888774985      0.35393474297100     -4.39417316858670       n
    2.16894657806615      0.50700917321097     -1.91039746205386       c
    3.91372315121230     -0.24239517017019     -3.01772935073745       n
    0.21466041571069      7.09940342317071     -2.45543264923341       c
    0.59299379063851      7.32593793299354     -4.54365957583141       o
   -0.39006214910088     -5.61287096424012     -2.18645904802016       c
   -1.18486489498562     -6.81507012800608     -3.78021664603349       o
    4.38753512762422     -4.34599894737677      1.95900972177978       c
    6.33250815271337     -4.86909498115237      2.72335915320029       o
   -1.70962785617688     -2.87641449720639      3.31370279191983       c
   -3.22522335806086     -2.76050568862987      4.85934569509620       o
    1.82779696617260      2.72528289439647      2.77751832602358       c
    3.33691845532183      3.12235611639707      4.23486339802168       o
   -3.76382308291863      3.25943099141943      1.71905532187381       c
   -5.58718089344886      4.01948583124621      2.52803819466214       o
$end
