$coord
   -0.21218241784179     -0.75236081990514     -2.24733147290574      bi
   -1.90172872139649     -4.33337425404742     -1.92989244368656       f
    1.48489501124249      2.84998554349989     -2.49363270697819       f
    2.35706919184550     -2.06120629964148     -3.87896428474281       h
   -2.69220626212425      0.29387962463487     -4.17934759081260       h
   -0.31926620541032     -0.44175163885022      1.90730870470107       c
    0.56299363249927      1.60967986343239      3.01941347466086       c
    0.51042296345742      1.76610402220315      5.07160332403780       h
   -1.14170770766736     -2.10196618039641      2.78828957596864       h
    1.35171051539553      3.17101051701560      1.94255323078492       h
$end
