$coord
   -0.80415103205700     -2.92827670792364      0.63496649762105      sn
   -0.19828197040484      2.29547999384036     -1.71464356726026       c
   -3.03423837611861      2.26208815525034     -1.41342160073579       c
   -3.61066871726353     -0.63225795316479     -1.45373475023455       c
    3.09810771766726     -2.02784261797074     -0.53612720719463       c
    3.90912847110977      0.74856322628252      0.04989179328577       c
    1.46353354711522      2.26761087985331      0.17609129445353       c
   -3.93832171619324      3.40887072242883      1.08100138970825       c
   -4.35373208462921      3.58804245944020     -3.62951590078028       c
    5.22515226450798      0.84940694921069      2.62842554873090       c
    5.71667040780182      1.72835371927634     -1.99621975200719       c
   -1.53354563240876     -6.86025688118356     -0.28743131217544       c
   -1.25945673154529     -2.51048377278813      4.69160850190008       c
    0.42379130380437      1.62168699426380     -3.56889008515413       h
   -5.51856985110507     -1.00493991314046     -0.72682589562881       h
   -3.55828872158778     -1.33362810404195     -3.40632582825507       h
    3.08592616511444     -2.32751009578405     -2.59035607106142       h
    4.43935614231193     -3.39184580181530      0.26536233458664       h
    0.86853078863226      2.85246637595799      2.06121801594346       h
   -3.25068779555270      2.34480108983610      2.71560409512479       h
   -3.30892613119137      5.37226593162900      1.26876627833196       h
   -6.00658859955896      3.38328647630062      1.15298502626894       h
   -3.67253929548882      2.85082590470809     -5.44063811259047       h
   -6.40145348760883      3.29267845493343     -3.54818889133526       h
   -3.98907805918161      5.62691162935562     -3.58878871228732       h
    4.01020614213233      0.05925349651351      4.10910533687694       h
    6.98278993572184     -0.24351218728322      2.59697691551615       h
    5.68620254244643      2.80127728568678      3.14555779582574       h
    4.79991437535423      1.76306364183917     -3.85063086504662       h
    6.34828396435767      3.65154065877773     -1.56025048612963       h
    7.38316734385360      0.50556712320429     -2.13290213091320       h
   -1.29613348105997     -7.18406428744705     -2.31458909339815       h
   -0.22311542834323     -8.09011539933660      0.73302816574666       h
   -3.46475370342418     -7.37450427237460      0.23907265369562       h
   -0.80934513328667     -0.59409682377820      5.31441177731172       h
   -3.20817727251472     -2.94065819350059      5.23003210428292       h
   -0.00070826935199     -3.83004777911062      5.66537454800451       h
$end
