$coord
    4.52420295563906      0.00735235743807     -0.37614223748483      ge
   -1.56005660022912     -0.14630108488688     -0.91223788625316      ge
    6.75562935963349      2.31771847986266      0.35624058678983       f
   -6.21788775940950      1.82423672215139      0.71878265431911       f
   -4.86706352556702     -0.30951370681973      0.44519831033126       c
    1.34313172570175      0.51378308548190      0.64061299928526       c
   -6.10359164310883     -1.82579499031481     -0.24595390241050       h
    6.12563548734016     -2.38148086291259     -0.62650052457698       h
$end
