$coord
   -3.66947472663043      0.35505761823501     -0.04762827933215      ga
   -6.55181880647470     -0.93617296839129     -2.70745899757690      cl
   -3.14606575420839     -2.13283693536185      3.16232269012435      cl
    0.00000000000000      0.00000000000000     -2.54089437944191      cl
    3.66947472663043     -0.35505761823501     -0.04762827933215      ga
    3.14606575420839      2.13283693536185      3.16232269012435      cl
    4.03169497380047     -4.34287069474794      0.86321177650567      cl
    6.55181880647470      0.93617296839129     -2.70745899757690      cl
   -4.03169497380047      4.34287069474794      0.86321177650567      cl
$end
