$coord
    0.00000000000000      0.00000000000000     -0.11329664015268      ne
   -1.71351955816057      2.96790294197564      2.85618875848080       c
   -3.65357022463696      0.00000000000000      1.76106034317310      si
   -1.71351955816057     -2.96790294197564      2.85618875848080       c
    1.82678501783217     -3.16408467076414      1.76106034317310      si
    3.42703911632115      0.00000000000000      2.85618875848080       c
    1.82678501783217      3.16408467076414      1.76106034317310      si
   -3.57353087457413      0.00000000000000     -3.03404014384800      si
    1.78676553177337     -3.09476857160278     -3.03404014384800      si
    1.78676553177337      3.09476857160278     -3.03404014384800      si
    0.00000000000000      0.00000000000000     -4.20392820339535       c
   -1.73765400640499      3.00970519566162      4.93666270570204       h
   -2.70973479475033      4.69339826151393      2.27042657178091       h
   -6.21787717694319      0.00000000000000      2.92812949825843       h
   -2.70973479475033     -4.69339826151393      2.27042657178091       h
   -1.73765400640499     -3.00970519566162      4.93666270570204       h
    3.10893868295790     -5.38483960235296      2.92812949825843       h
    5.41946958950067      0.00000000000000      2.27042657178091       h
    3.47530820178260      0.00000000000000      4.93666270570204       h
    3.10893868295790      5.38483960235296      2.92812949825843       h
   -4.87741393350384      2.26383445116330     -4.09083829928085       h
   -4.87741393350384     -2.26383445116330     -4.09083829928085       h
    4.39924519350864     -3.09204717700886     -4.09083829928085       h
    0.47816873999520     -5.35588162817216     -4.09083829928085       h
    4.39924519350864      3.09204717700886     -4.09083829928085       h
    0.47816873999520      5.35588162817216     -4.09083829928085       h
    0.00000000000000      0.00000000000000     -6.28418483211211       h
$end
