$coord
    1.69629583835860     -1.69629583835860      1.69629583835860      ge
   -1.69629583835860      1.69629583835860      1.69629583835860      ge
   -1.69629583835860     -1.69629583835860     -1.69629583835860      ge
    1.69629583835860      1.69629583835860     -1.69629583835860      ge
    4.04037013952668     -4.04037013952668      4.04037013952668      cl
   -4.04037013952668      4.04037013952668      4.04037013952668      cl
   -4.04037013952668     -4.04037013952668     -4.04037013952668      cl
    4.04037013952668      4.04037013952668     -4.04037013952668      cl
$end
