$coord
   -1.35064187527133      3.35173674273814     -1.94176615985348      bi
    1.35064187527133     -3.35173674273814      1.94176615985348      bi
    0.27637641433888      5.99908525300343     -5.61297527712227      cl
    0.02889069993072      5.95770025084605      1.85737212490612      cl
    2.96068116461287      0.96165422444564     -1.75519368841522       s
   -1.66725055883079     -0.38637529342923     -5.07538050861826       o
    0.47066577138490     -2.92202058061121     -7.69887878544847       o
    2.91380518525144     -0.46203255757869     -4.91389566328233       c
    0.33878783218140     -1.25113324385112     -5.82751834084055       c
   -1.24114793100182     -3.32229443175127     -8.23049389357227       h
    3.62980672963105      0.93055840309861     -6.27746855648802       h
    4.17472040742070     -2.09957983424462     -4.93541832104813       h
   -0.27637641433888     -5.99908525300343      5.61297527712227      cl
   -0.02889069993072     -5.95770025084605     -1.85737212490612      cl
   -2.96068116461287     -0.96165422444564      1.75519368841522       s
   -2.91380518525144      0.46203255757869      4.91389566328233       c
   -0.33878783218140      1.25113324385112      5.82751834084055       c
    1.66725055883079      0.38637529342923      5.07538050861826       o
   -0.47066577138490      2.92202058061121      7.69887878544847       o
    1.24114793100182      3.32229443175127      8.23049389357227       h
   -3.62980672963105     -0.93055840309861      6.27746855648802       h
   -4.17472040742070      2.09957983424462      4.93541832104813       h
$end
