$coord
    6.02398107190397      9.58537763707843      9.18457882002059       p
    3.12575025349182      9.39571697520521      6.52060695594353      cl
   11.38346092759247      7.40275794562827      9.71004381446763       p
    8.12186695564933      6.64895488674383      4.89888178921199       p
   10.72432634460196      5.68680725480672      3.98039117715343       f
    6.38837450411881      4.31213940157059      4.60324377441696       f
    7.15325438166286     13.71427105211019      7.10398789875216       o
    8.33746751010766      7.74869574557965      7.93626013426140       c
   10.69997287709955      9.17915417220356     11.60757866667288       h
    8.21615087227663     14.79182085704947      8.12873988956925       h
    5.66297138329019     14.71708332260550      6.76076242270929       h
    7.29189905217802      8.30706578516667      3.02194041643642       h
   10.66546421036913      5.26523241077543     11.16774925723794       h
$end
