$coord
   -0.01695159923984     -0.58904464098059     -0.00001795239820      cr
    5.72646240166844     -0.78443778705675      0.00002645616576       o
    3.54469308697494     -0.66893545856992      0.00000018897261       c
   -0.08746408401152     -4.10142624579170      0.00001058246631       c
   -0.13079607099642     -6.30284058637229      0.00004743212576       o
   -3.55670361931337     -0.57169582130908     -0.00000736993189       c
   -5.75053618970422     -0.60456269398132      0.00002135390522       o
    0.00388452102442     -0.00270873342888     -3.48776281976062       c
    0.00630714991783      0.48791103406471     -5.62710003505037       o
    0.00387904081865     -0.00267093890636      3.48770990742909       c
    0.00630469327387      0.48799210331551      5.62705165806155       o
    0.10216237381883      3.43846874684848     -0.00000812582234       c
    1.94860148822350      4.80541026584621      0.00003269226198       o
   -1.79958108744144      4.40834687042146     -0.00000396842486       h
$end
