$coord
    0.04086381569186      3.84069430713137      1.48076652657521      zr
   -0.04086381569186     -3.84069430713137      1.48076633760260      zr
   -0.78762518811332      1.83555221322071     -3.68337290639604       s
    0.78762518811332     -1.83555278013855     -3.68337252845081       s
   -3.10055963731563      0.04969847430309      1.78890451277529      cl
    3.10055963731563     -0.04969847430309      1.78890470174790      cl
   -3.34782916705498      6.39272465366065      0.05565262338060      cl
    3.40703863294977      6.09487528135308     -0.42426940451422      cl
    0.29344971194123      4.87758608755391      5.76274967862857      cl
   -3.40703844397715     -6.09487528135308     -0.42426940451422      cl
    3.34782916705498     -6.39272465366065      0.05565262338060      cl
   -0.29344971194123     -4.87758608755391      5.76274967862857      cl
    1.11387884484680      2.93397838959073     -4.98607847697669       h
   -1.11387884484680     -2.93397801164551     -4.98607847697669       h
$end
