$coord
   -0.32053647931215     -3.50667689958222      0.00000000000000      tl
    0.25449962189708      2.81642948770954      0.00000000000000       c
    0.39248515593952      3.98865646128292     -1.69037192489910       h
   -1.57693809062969      1.85810628350603      0.00000000000000       h
    0.39248515593952      3.98865646128292      1.69037192489910       h
   -1.95461818723578     -3.34282233768439     -2.85293691776334       h
    2.94662802730494     -3.92467883842725      0.00000000000000       h
   -1.95461818723578     -3.34282233768439      2.85293691776334       h
    1.82061336127757      1.46515153062423      0.00000000000000       h
$end
