$coord
    0.00000000000000      0.00000000000000      0.00000000000000      tl
   -3.13201450662659      1.61048942210473      2.44718059318680       o
   -5.46485778748317      1.30569303861310      1.97723461848326       c
   -5.46485778748317     -1.30569303861310     -1.97723461848326       c
   -3.13201450662659     -1.61048942210473     -2.44718059318680       o
    0.17128250838093     -3.51764883844185      2.44718059318680       o
    2.96073199824566      1.90715941633712      2.44718059318680       o
    1.60166553493242     -5.38555202910242      1.97723461848326       c
    3.86319206357814      4.07985917946194      1.97723461848326       c
    3.86319206357814     -4.07985917946194     -1.97723461848326       c
    1.60166553493242      5.38555202910242     -1.97723461848326       c
    2.96073199824566     -1.90715941633712     -2.44718059318680       o
    0.17128250838093      3.51764883844185     -2.44718059318680       o
   -6.62533028660819      0.00000000000000      0.00000000000000       c
    3.31266514330409     -5.73770419341885      0.00000000000000       c
    3.31266514330409      5.73770419341885      0.00000000000000       c
   -6.74654015491310      2.21518401896964      3.34670270131133       h
   -6.74654015491310     -2.21518401896964     -3.34670270131133       h
    1.45486442851262     -6.95026718217713      3.34670270131133       h
    5.29167572640048      4.73508316320749      3.34670270131133       h
    5.29167572640048     -4.73508316320749     -3.34670270131133       h
    1.45486442851262      6.95026718217713     -3.34670270131133       h
   -8.67592407329918      0.00000000000000      0.00000000000000       h
    4.33796194216329     -7.51357054078844      0.00000000000000       h
    4.33796194216329      7.51357054078844      0.00000000000000       h
$end
