$coord
    0.00000000000000      0.00000000000000      0.00000000000000      xe
    3.41001022728276     -3.41001022728276      3.41001022728276       b
   -3.41001022728276      3.41001022728276      3.41001022728276       b
    3.41001022728276      3.41001022728276     -3.41001022728276       b
   -3.41001022728276     -3.41001022728276     -3.41001022728276       b
    4.34405611994673     -1.58485131878193      4.34405611994673       h
    4.34405611994673     -4.34405611994673      1.58485131878193       h
    1.58485131878193     -4.34405611994673      4.34405611994673       h
    1.58485131878193      4.34405611994673     -4.34405611994673       h
    4.34405611994673      1.58485131878193     -4.34405611994673       h
    4.34405611994673      4.34405611994673     -1.58485131878193       h
   -4.34405611994673     -4.34405611994673     -1.58485131878193       h
   -1.58485131878193     -4.34405611994673     -4.34405611994673       h
   -4.34405611994673     -1.58485131878193     -4.34405611994673       h
   -4.34405611994673      1.58485131878193      4.34405611994673       h
   -1.58485131878193      4.34405611994673      4.34405611994673       h
   -4.34405611994673      4.34405611994673      1.58485131878193       h
$end
