$coord
   -0.00000207869874     -0.00000075589045     -0.00000056691784       w
    2.39282205425722     -2.39281808583236      2.39284321918983       p
   -2.39282564473686      2.39282791240821      2.39284170740893       p
    2.39282677857254      2.39283452644965     -2.39280977103740       p
   -2.39283603823055     -2.39282904624389     -2.39281468432533       p
   -4.00223300966190     -4.00223962370334     -4.00224793849829       o
   -4.00221883671595      4.00222280514082      4.00221449034586       o
    4.00223678911415      4.00222923020964     -4.00224075753901       o
    4.00222998610009     -4.00222658459307      4.00221430137325       o
$end
