$coord
   -0.00000000000000      0.00000000000000     -0.00000151178090      ni
    2.57952227118159     -0.00000000000000      2.35398723750675       o
   -2.57951981453763      0.00000000000000      2.35403277990639       o
    2.31320959332624     -0.00000000000000      4.75138053926254       c
   -2.31321280586065      0.00000000000000      4.75133083946543       c
    0.00000245664396     -0.00000000000000      6.02269530224791       c
    4.75571387024186     -0.00000000000000      6.20881159379937       c
   -4.75571575996799      0.00000000000000      6.20881650708730       c
    0.00000113383568     -0.00000000000000      8.06909578666551       h
    2.57952302707205      0.00000000000000     -2.35398856031504       o
   -2.57952094837331      0.00000000000000     -2.35403618141341       o
    2.31320883743579      0.00000000000000     -4.75137751570074       c
   -2.31320921538101      0.00000000000000     -4.75132611515012       c
    0.00000037794523      0.00000000000000     -6.02269473533007       c
    4.75571481510493      0.00000000000000     -6.20881008201847       c
   -4.75571746072150     -0.00000000000000     -6.20881537325163       c
    0.00000132280829     -0.00000000000000     -8.06909824330948       h
    4.44239104247014     -0.00000000000000     -8.24737387219194       h
    5.86517000006358      1.66456960437596     -5.68130985253384       h
    5.86517000006358     -1.66456960437596     -5.68130985253384       h
   -5.86516981109097     -1.66456998232118     -5.68130928561600       h
   -5.86516981109097      1.66456998232118     -5.68130928561600       h
   -4.44239217630581      0.00000000000000     -8.24737443910978       h
   -5.86517000006358     -1.66456998232118      5.68130909664339       h
   -4.44239217630581      0.00000000000000      8.24737349424672       h
   -5.86517000006358      1.66456998232118      5.68130909664339       h
    5.86517018903620      1.66456941540335      5.68130985253384       h
    5.86517018903620     -1.66456941540335      5.68130985253384       h
    4.44239085349753     -0.00000000000000      8.24737254938365       h
$end
