$coord
    0.00000000000000      0.00000000000000      0.00000000000000      ar
    0.00000000000000      0.00000000000000      5.74558945362443       b
    0.00000000000000      0.00000000000000     -5.74558945362443       b
    1.95055508709247     -1.12615337192502     -5.75682425338818       h
    0.00000000000000      2.25230693282265     -5.75682425338818       h
   -1.95055508709247     -1.12615337192502     -5.75682425338818       h
    1.95055508709247      1.12615337192502      5.75682425338818       h
    0.00000000000000     -2.25230693282265      5.75682425338818       h
   -1.95055508709247      1.12615337192502      5.75682425338818       h
$end
