$coord
   -0.00000434637009     -0.00000018897261      2.54108354102712      sc
   -1.66624427966874     -3.11976549085107     -0.97274446016076       c
    2.71436386786836     -2.28155838147080     -1.01221252413602       c
    2.23072078025901     -4.16762486376315      0.65582434973576       c
   -0.49004547972392     -4.69067913459136      0.67809061473210       c
    0.28210058374686     -1.48938972483296     -2.28017888139888       c
    1.66625561802549      3.11974829434332     -0.97276354639463       c
   -0.28211078826794      1.48938783510683     -2.28017699167276       c
   -2.71435063978548      2.28158956195187     -1.01218398927152       c
   -2.23072059128640      4.16758404567883      0.65578957877504       c
    0.49002828321617      4.69070634664757      0.67811537014435       c
   -3.66891744639590     -3.09050478254490     -1.39210208852852       h
    4.55577725564118     -1.50895368146926     -1.45880318467685       h
    3.61790617935315     -5.14250754903537      1.80533435863177       h
   -1.39792301191416     -6.11135407111622      1.84192512560772       h
    0.37825740793756     -2.11067422735721     -4.26389185898698       h
    3.66892065893032      3.09050591638057     -1.39210171058330       h
   -0.37825438437575      2.11067460530243     -4.26389204795959       h
   -4.55577782255902      1.50895160277052     -1.45880507440298       h
   -3.61790806907927      5.14251397410420      1.80534097267321       h
    1.39792527958551      6.11134972474613      1.84192059026502       h
    3.38728872726268      0.60355187947657      5.12821687315342      cl
   -3.38728759342700     -0.60355169050396      5.12821517239990      cl
$end
