$coord
   -0.05720578928348      0.01614997741723      0.00000661404144      rh
   -7.53799166048616      1.75033935994299     -0.00000396842486       h
   -7.48999242791549     -1.91358939845313     -0.00000396842486       h
   -5.44224797027714     -2.17468378658441      0.00000151178090       c
   -4.57652361391446     -4.62305944257323      0.00000075589045       c
   -4.02950704889190     -0.03588722193928      0.00000736993189       n
   -5.49769801501703      2.06507135648680      0.00000151178090       c
   -4.69660550469482      4.53522421635058      0.00000075589045       c
   -2.24795867300693      5.40043702385097      0.00000151178090       c
   -0.10922673699531      3.98774542431762      0.00000755890450       n
   -1.98663165958956      7.44812686840429     -0.00000359047964       h
    1.99164510300159      5.45585985653466      0.00000151178090       c
    1.67666611925312      7.49612269946793     -0.00000359047964       h
    4.46203871397381      4.65532859487184      0.00000056691784       c
    5.32770959108713      2.20687716086537      0.00000151178090       c
    7.37558821928042      1.94588387308183     -0.00000377945225       h
    3.91517011450691      0.06822024698095      0.00000736993189       n
    5.38332366405475     -2.03274494548657      0.00000151178090       c
    7.42357422376821     -1.71819020525337     -0.00000359047964       h
    4.58203140968103     -4.50307241604439      0.00000056691784       c
    2.13354425985078     -5.36805845640967      0.00000132280829       c
    1.87206172197325     -7.41584051959793     -0.00000396842486       h
   -0.00514534629562     -3.95538688797325      0.00000736993189       n
   -1.79112890939809     -7.46381499675635     -0.00000340150703       h
   -2.10615929369719     -5.42370427677621      0.00000170075351       c
    6.05334250261265     -5.93686979976016     -0.00000529123315       h
   -6.00978129184868     -6.09493424080821     -0.00000510226054       h
   -6.16795609290247      5.96898720705087     -0.00000529123315       h
    5.89525576279632      6.12717372440664     -0.00000529123315       h
$end
