$coord
   -1.76368611762505     -3.93599243977045      0.00000000000000      ag
    4.29051261989525      0.44059928385864      0.00000000000000      ag
   -2.52682650227021      3.49539334488442      0.00000000000000      ag
   -5.79976979138033      1.30388627146412      0.00000000000000       n
   -5.59696211587656     -1.87419484482417      0.00000000000000       p
   -8.81418796399996     -2.36588136271583      0.00000000000000       c
   -9.98483739420344      0.00277751945986      0.00000000000000       c
   -8.25893351587673      1.99684751902622      0.00000000000000       c
    4.42158137837164     -3.91001399677237      0.00000000000000       p
    1.77068623011325     -5.67469108677785      0.00000000000000       n
    2.40014606580340     -8.15087009428453      0.00000000000000       c
    4.99001326471605     -8.64851151714415      0.00000000000000       c
    6.45600742421982     -6.45036999324101      0.00000000000000       c
    0.92375765671669     -9.57509658209042      0.00000000000000       h
    8.49943007820822     -6.37985524079799      0.00000000000000       h
   -9.77483175188608     -4.17079487933936      0.00000000000000       h
   -8.75415571134996      3.98755059355404      0.00000000000000       h
    4.02908356126708      4.37080481531372      0.00000000000000       n
    1.17538073750491      5.78420884159654      0.00000000000000       p
    2.35818053978014      8.81625135595684      0.00000000000000       c
    4.99482412948739      8.64573418665691      0.00000000000000       c
    5.85878745007333      6.15402238628571      0.00000000000000       c
    7.83039805463327      5.58754579956377      0.00000000000000       h
    1.27540167367786     10.55065012013735      0.00000000000000       h
  -12.01481030043592      0.27421456765084      0.00000000000000       h
    5.76992837023567    -10.54223838223309      0.00000000000000       h
    6.24488193020025     10.26802381458226      0.00000000000000       h
$end
