$coord
   -1.68454741103383      1.68454741103383      1.68454741103383      cu
    1.68454741103383     -1.68454741103383      1.68454741103383      cu
   -1.68454741103383     -1.68454741103383     -1.68454741103383      cu
    1.68454741103383      1.68454741103383     -1.68454741103383      cu
   -2.99709656500434     -2.99709656500434      2.99709656500434       i
   -2.99709656500434      2.99709656500434     -2.99709656500434       i
    2.99709656500434      2.99709656500434      2.99709656500434       i
    2.99709656500434     -2.99709656500434     -2.99709656500434       i
$end
