$coord
    0.26888799661974     -6.03871640034335      2.04511849421379      hg
    1.57976852242107      4.74228056310324     -3.65012223034762      hg
   -4.29478661347422      0.21602763256279      1.13252836301077       s
   -0.66937708756554      1.70223260195575      2.36204332895411       s
    0.79167128072150     -0.25532751091284     -4.96523612061621       n
   -0.20211754752259      5.74614994639337      0.75277542581717      si
   -1.01190695542146     -1.90433748831330      0.15780668240447      si
    0.05813232200301     -1.02330975183780     -3.04407288882305       c
    2.43640934324173      5.54755390350641      1.89046557574085       h
    1.04331892794936     -8.73255349611426      3.31869318067313       h
$end
