$coord
   -0.31143744801591      0.65324468460128     -0.03364260524692      re
    2.92702022902253      2.47625573038740     -0.04740585856714       c
    1.46793188467327     -2.45423172828040     -0.13843906831265       c
   -3.93917171500468     -1.08846618585081      0.03135055642881       n
   -0.45713759999475      0.77674679069692      3.98688465406727       n
   -0.33243816342573      0.73524179093054     -3.74907169180718       c
    4.80211609526353      3.53169838527014     -0.06766277777380       o
    2.53776423708696     -4.33172924745482     -0.19676092984609       o
   -5.82640302448104     -1.96239611099740      0.05179966078248       n
   -0.53432648716925      0.87346694224574      6.06302243572000       n
   -0.33391800795493      0.79016894845140     -5.90007456441739       o
$end
