$coord
   -0.07425565428187     -1.41424911180632     -0.23736660894915       w
   -0.32220624131701      1.81885799467921     -2.76248045243145       c
   -0.30557854113514      1.97095619240254      2.08029971447243       c
    0.21726237961346     -5.08665102420579     -0.10743300895660       c
    0.52485688057972      3.23853496683698     -0.38584257963434       c
    3.83141707466145     -1.12558361949806     -0.27660053585741       c
   -3.94942858149827     -1.72449149702021     -0.21619940866763       c
    0.34075787166765     -6.15458023343807      1.66595345081796       h
    2.07916342215292      4.94476415057642     -0.44537424383359       o
   -6.10907184887396     -1.96797628327460     -0.20592553463891       o
    0.97280757701337      2.21269827322362     -4.31434452298692       h
    6.00027313484617     -1.09245142927774     -0.30370393281824       o
    1.00015928398714      2.45931320183296      3.59599367108757       h
   -2.25770399063824      2.42063693310446      2.59249259541938       h
    0.33479465190474     -6.30095237202729     -1.78350839982276       h
   -2.27792821758293      2.23621742664144     -3.28844093306869       h
$end
