$coord
    0.56162528181150     -0.60940266053499     -0.39243904662204      ru
   -4.50801669548021      1.35123354852135     -1.84075897561542       h
   -3.53432756122911      0.26010417164130     -0.39782306532737       c
   -2.55224237380060      1.54455385401001      1.76309028697755       c
   -1.11981787611530      0.12165093038270      3.49194289395113       c
   -0.22604658253713      1.05440406140394      5.08766769686153       h
   -0.73574445808004     -2.52324679406990      3.10562655997702       c
    0.46938963933207     -3.56445924430671      4.39996952553270       h
   -1.95403728542468     -3.82194293272921      1.09408358573269       c
   -1.71338992294834     -5.84576912679195      0.87024495920107       h
   -3.33170488991306     -2.41748335814554     -0.67958727782382       c
   -4.16781629301970     -3.33729545568395     -2.31142606980861       h
   -3.00053038634773      4.31780706816742      2.12265017770754       c
   -3.07167706320725      5.29555363338345      0.30279251790772       h
   -1.50391756134371      5.16854986477651      3.26408765453889       h
   -4.81031221541682      4.64074104301551      3.08042347160840       h
    4.02841365335545     -2.64590702717645     -0.84097895966175       c
    4.41170604758287     -0.63355619501328      0.89651139646074       c
    3.88070623428567     -4.57764970171289     -0.14222456768807       h
    4.83944612309994     -2.50585375480704     -2.72542443488330       h
    4.51559147368330     -1.04459430411174      2.91215980071361       h
    5.50604474634256      1.01007486594239      0.33201637655443       h
    0.86456160787740      0.24005096491100     -4.34464987189549       c
   -0.99212379055456      0.30312851121290     -5.23450546396816       h
    2.23016009851746     -0.90085096353627     -5.37027151467572       h
    1.70264664094994      2.34186464440905     -2.88972894057170       c
    0.49803146233201      4.00589794451048     -2.72201253436297       h
    3.71338213522068      2.77239603438670     -2.83143655876582       h
$end
