$coord
    2.83659494417171     -0.53457536410004     -3.26948868077935      be
    8.10229222757411     -2.58209154282238     -0.74303861195343      cl
   -1.06511975340090      2.22590443528191      2.70458170057760       s
   -1.08359692854219     -0.42062903610527     -3.61643861804377       s
   -3.62205620689825     -3.56218136843454      1.61701540230794       p
   -5.92240659188292     -0.60521105901512      0.72363773868179       f
   -3.72065852566848     -3.10984310588176      4.66071336946762       o
    5.05855230849444     -2.10039581798578     -0.45379165091622       c
   -1.87302397051656      2.30618207980921     -1.92655102995073       c
    2.80417914912573     -1.85935917192751      0.10211739833703       c
   -0.14617579604473      4.64259883276989     -0.51217530649398      be
   -4.05106277686490      1.52483172729697      0.37741629083891      be
   -0.34567682877339     -1.18223912053367      0.56669806262389      be
    4.67876138780571      0.06795719710422     -4.90883478774453       h
   -2.65788807978732     -1.71131991695002      5.22944062000551       h
    1.00728600812578      6.90037123149388     -0.55130170798567       h
$end
