$coord
    3.01734800400524      4.52926572090298      8.08537558826760      hf
    7.14221138910090      3.34589465441989      5.35180529994596      cl
    2.08683986762158      6.50144721172556      3.40785858511580       s
   -1.44682005336725      4.31810621181315      7.04264946740393       s
    0.37688943519501      0.62535837410648      3.13859982423015       p
    3.82815200586111      6.60637557767488     10.86189349328012       f
    2.05349810677390      0.90267379335732      0.54513213012981       o
    4.74615280090783      5.72404865448782      1.47406820334932       c
    0.41777536068254      3.62047412818564      4.29201589702841       c
    6.82362416228762      4.58562869233431      2.26278225165639       c
    4.65693070468139      6.40641458560717     -0.46285402152562       h
    8.48710698516857      4.20857863041859      1.12360205268243       h
    2.16953730645311     -0.68075040425432     -0.37082794967355       h
    3.63748752146981      1.26248539560728      9.02563093200869       h
$end
