$coord
   -4.16478914073861      1.71804299558816     -2.95704060723131      ge
    3.22174078178343     -5.86077222942337     -1.34825760781827      ge
    4.69825788121931     -1.36490760676842     -1.19657023655472      ge
   -2.65795157458515      2.27992660296108      3.04158619821397      ge
    1.85221506230851      0.01482433453991      2.98704322201451       o
   -2.15466629567789     -4.09166014117300      0.07499945048503       o
    3.01064325571052      1.12765154679764      0.73823133766173       n
   -0.09100165131922     -4.62039870818795     -0.28349066628508       c
   -2.67171577276842      3.44909959014238     -0.13002751938101       c
   -3.89109991695077     -0.21091705722788      3.77349205561445       h
    4.79833815479262     -0.12060988025994     -3.81927822991907       h
    3.69147680791438     -6.27853700763961      1.56285415078591       h
   -1.65069523515954      3.81398850854743      5.26796249810952       h
   -1.87786601576897      5.32127053828571     -0.44062592899702       h
    2.76181715856125      0.82731775155234      4.34820992694408       h
   -5.90567779135332     -0.40012342894044     -2.02143210003383       h
    7.39172364580648     -1.50143068176202     -0.11048283795120       h
   -2.14196695816657      0.49574961803497     -4.66740167714504       h
   -5.69299384019771      3.54784080378287     -4.60977769146990       h
    1.47421144458967      1.85364407320492     -0.20999373704276       h
$end
