$coord
    1.51714413244416      1.18713615681635      3.84565030286918      pt
   -1.05572951530865     -2.82029303277396     -3.52674635795720      pt
    0.59572142132865      1.79411297592351      7.76829220550531       c
   -0.84775684035754      3.45255552128144      6.30252556902711       c
    0.00804418617276     -0.28690577933982     -6.65874026656901       c
   -1.65097170209176     -2.14098430058109     -7.52705430361463       c
   -0.90753927121370      0.09123881194802      0.29484281804125       p
   -1.00261271541641     -4.10102222234598      0.80603149852489       p
    2.66816441046000     -3.66727470747465     -1.08696517638900       p
    3.40744719173819      0.39060072104676     -0.15989388491053       p
    2.03169293495228     -0.45830998608326     -6.96244741192167       h
   -0.66816161572136      1.59417522748716     -6.18437630115571       h
   -0.95396757445590     -3.77574347532086     -8.56020744986967       h
   -3.65151212391323     -1.71229161412396     -7.76054224969035       h
   -0.28318320784440      5.41687650731070      6.08467964198597       h
   -2.82275723564214      3.04716221309369      5.90444550094661       h
    2.30802021641188      2.46551773962215      8.69598464996137       h
   -0.22613502171982      0.07754925794672      8.54238544277623       h
$end
