$coord
   -0.61564461490148     -0.50546961333619     -0.86322368178026      os
   -5.95010090620332      1.92145840701403     -1.69392914535851       h
   -4.88823469427340      0.60412881286281     -0.53563379970316       c
   -3.57706352859390      1.48679664264299      1.59543567481314       c
   -1.97013756304480     -0.23285980111147      2.93994198729887       c
   -0.83089764872526      0.43652163282416      4.50868754825491       h
   -1.85083234970219     -2.83982732071008      2.21203176681901       c
   -0.61814793510047     -4.12157091526649      3.23451646423024       h
   -3.33472807376929     -3.74944982600498      0.13879849422180       c
   -3.21336286997683     -5.70903232377352     -0.44397641341825       h
   -4.74977483897336     -1.99803294422500     -1.26912646013156       c
   -5.71134572649685     -2.61063831259818     -2.97405475640592       h
   -3.63612030461771      3.46768750323465      2.11379662183505       h
    3.66997115768371      0.48868941225597     -3.66954256779835       c
    3.07245298475455      2.20651660112055     -0.57115044634914       p
    3.41137139701125     -2.52008566020648     -1.72468500497550       p
    5.02416930855139     -0.48982778327421      0.74193482292328       c
    4.61596408788828     -0.99788140811497      2.70353384744078       h
    7.07009736143752     -0.27765538098089      0.47887719831980       h
    1.42955192500131      0.76315701423507     -5.46382127270311       c
    5.48684815246513      0.84933665139880     -4.61029944485326       h
   -0.49502169553127      0.41440446721915     -4.57756371917416       h
    1.49259810184952     -0.60098563139759     -7.02304771624512       h
    1.25988173095101      2.68134109279073     -6.23032574779761       h
$end
