$coord
   -3.35042281616279     -2.91668758451129      0.99414560853667      sc
   -7.19593063368208     -4.42198275620078      2.37466669947517      cl
    4.11418643248428      1.39772874806841     -1.54499321533428      cl
   -2.11586549399769      4.90683489058548     -6.15949748979030       p
    3.27654926450358      3.14357792976363      6.74689164397252       p
    1.04707211300803     -4.12807365183835      3.16749997279150       p
   -1.84049309114951     -3.19410032465761     -3.81905788785279       p
   -2.23726244518907      1.65366456182118      1.14500320105833       p
   -0.35502171343862      1.57084296798319     -3.13766308698954      sc
    2.08752432642439      0.77760907272817      2.70400420027352      sc
    0.38704916976573      5.36925729866395     -7.06743587116179       h
   -1.95176470078566      6.78443823442296     -4.23680735928741       h
    2.30674729689347      5.44260796310412      5.73591878017510       h
    5.75686091407502      3.54901337884399      5.75361228589197       h
    1.05825154379629     -5.27345347531357      5.57117113371017       h
    2.55267625491911     -5.85022094359937      1.79870784499866       h
   -3.59531147995612     -3.80552877159958     -5.72591173547535       h
    0.05515486951903     -5.00552753826453     -4.30025472499215       h
$end
