$coord
    0.00000000000000      0.00000000000000      3.83191766311220      ca
   -0.70448857693013     -2.16819257734191     -0.33456505018044       c
   -0.70448857693013      2.16819257734191     -0.33456505018044       c
    1.84437477758473      1.34001670115580     -0.33456505018044       c
    1.84437477758473     -1.34001670115580     -0.33456505018044       c
   -2.27977277925443      0.00000000000000     -0.33456505018044       c
   -1.33701865065705     -4.11492021313897     -0.43181848244200       h
   -1.33701865065705      4.11492021313897     -0.43181848244200       h
    3.50036011206114      2.54316053901210     -0.43181848244200       h
    3.50036011206114     -2.54316053901210     -0.43181848244200       h
   -4.32668311178081      0.00000000000000     -0.43181848244200       h
$end
