$coord
   -2.56842693320594      0.76213448342834     -3.10149108332309      zn
    2.88406051808443     -5.34692810578761      1.50094766776423      cl
    3.19425792781651      3.21866090614342      2.96174583631221       p
   -2.10076450355295     -2.57025524323276      1.31299683008973      zn
    3.92473553021103      0.17602194150471     -0.36875869956568      zn
   -0.58963801498412      4.43171049937912      0.85074506428044      zn
   -0.64755301848266     -7.37186583675761     -4.08228086349229       f
    0.94156700264508      2.18770551137281     -2.19993997625716       f
    1.72547868994838     -2.31287492282934      1.66706101930036       o
   -2.86325538932863      1.26345973839780      0.96066249617477       o
   -1.28955099804560     -5.12535639471663     -3.42461081824936       c
   -1.94006654017584     -2.99746487262628     -2.79594617931299       c
    2.97328185842042      2.23097664917646      5.42292495372189       h
    6.07200165837987     -0.66897136336631     -2.18441625407806       h
   -4.21473176765716      2.39948749624852     -4.89440332726620       h
   -3.83202915695363     -4.13438080175618      3.11542554583031       h
    4.86834305912687      5.23743624021683      3.44190124538357       h
   -4.54522691468024      1.65639030278519      1.52914597204242       h
   -1.99248300756582      6.96411358344688      0.28829057064489       h
$end
