$coord
   -0.45169405491646     -0.22877666987122      0.39184699542680      co
   -1.49335229154637     -7.97816651185692      0.04025003264616       c
    0.94291173175628     -7.84872159504053     -0.74109521760554       c
    1.55886342715322     -5.31093354740438     -0.80484815202484       n
   -0.38826672030865     -3.83057028838443     -0.08237901997931       c
   -2.26077309483933     -5.50526372253472      0.42649606880838       n
   -2.72102382965389     -9.57711235294893      0.33530638973964       h
    2.25550831785255     -9.31983577850983     -1.25469273198188       h
   -1.84073894451849      7.54246445325357      1.13924426068963       c
   -0.70464920365084      3.39618423505516      1.19190752631165       c
   -2.27422624410227      5.15358569050328      0.18267264363223       n
    1.02191929135436      8.67754489139737      3.98618999074339       h
   -4.44718489970634     -0.08409300157551     -2.46142345899776       i
    2.32275819046784     -1.04911585181320      4.32052600611737       i
    0.74375122767551      4.77274389311593      2.79469499164502       n
   -2.91929748526378      9.17716126703118      0.57425469945617       h
    0.08937818760445      7.29696654175725      2.81183291788088       c
    2.05896886390841      3.90635227445820      3.89286454320715       h
   -3.62973851051791      4.63726886023177     -1.07372159775342       h
   -4.02563462211469     -4.94306245220004      0.87181305394035       h
    3.23335201499146     -4.52068976579839     -1.29528272635809       h
    1.94233175488297      0.35929325037362     -2.03194540236270       c
    3.80046298277386     -0.87481790745316     -2.50422292116039       o
    1.51736409656522      2.09950386725435     -3.14081930756503       h
$end
