$coord
   -0.00017120918701     -0.00045202248932     -0.00005574692071      ge
    1.40761258262475      2.47132486800707      1.74834324223619       o
    2.47294341843391     -1.40921771599609     -1.74577075806099       o
   -2.47120052402798      1.40859448431977     -1.74857870211148       o
   -1.41004144761438     -2.47295248911931      1.74564036695830       o
    3.14767032066190      2.11144977095928      2.15284762325432       h
    2.11088965613556     -3.14762893565974     -2.15547207489798       h
   -2.10998561115693      3.14818130260634     -2.15402038728806       h
   -3.14771680792459     -2.10929926262800      2.15706643683041       h
$end
