$coord
   -0.00000283458919      0.00000415739748      2.05316457011268       p
    2.44755362512405     -2.44755400306928      3.98272442200109       p
    1.42800310546852     -1.42800329444113      7.67797009970098       p
   -1.42800575108509      1.42800556211248      7.67796348565953       p
   -2.44754814491828      2.44754795594567      3.98272895734379       p
   -0.00000529123315     -0.00000623609622     -2.05316457011268       p
    2.44755570382279      2.44755589279540     -3.98272291022019       p
   -2.44754625519216     -2.44754606621955     -3.98273046912469       p
    1.42800234957807      1.42800253855068     -7.67797217839971       p
   -1.42800650697554     -1.42800650697554     -7.67796121798818       p
$end
