$coord
    0.00000321253441      2.53621919700642      2.17925182154856      co
   -0.00000037794523     -2.53621277193759      2.17922649921848      co
   -2.19134342313780      2.59469431532867     -1.06972293727100       c
    0.00001436191856      4.17141168594685     -1.28521105302484       c
    2.19131432135546      2.59469299252038     -1.06972407110667       c
    1.35387746434411     -0.00002343260396     -1.10838616688923       c
    2.19130978601276     -2.59468108724579     -1.06969591418740       c
    0.00000415739748     -4.17140507190541     -1.28516947905007       c
   -2.19133416347978     -2.59468845717768     -1.06969364651604       c
   -1.35386555906952     -0.00000982657585     -1.10838389921788       c
   -4.12915495312759      3.24177490227985     -1.11351412770449       h
    0.00000226767135      6.19927698063111     -1.52783280135752       h
    4.12917385038885      3.24177603611553     -1.11351186003314       h
    4.12917196066272     -3.24179002008886     -1.11352395428035       h
   -0.00000321253441     -6.19927981522030     -1.52784829711176       h
   -4.12916459073083     -3.24178283912958     -1.11352622195170       h
    2.41377306986994      3.07217273837008      4.33946030600852       c
    4.02734047788854      3.44635740856108      5.75341499848443       o
   -2.41377590445912      3.07217538398665      4.33946276265248       c
   -4.02733424179233      3.44636043212288      5.75341084108695       o
   -2.41375058212904     -3.07217821857584      4.33944159771987       c
   -4.02729436857107     -3.44634588123171      5.75338476286641       o
    2.41374453500543     -3.07217047069873      4.33944046388420       c
    4.02729342370801     -3.44634474739603      5.75338608567470       o
$end
