$coord
    0.00000000000000      0.00000000000000      0.00000000000000       k
   -3.19228656552197     -3.19228656552197     -3.19228656552197       n
    3.19228656552197      3.19228656552197     -3.19228656552197       n
   -3.19228656552197      3.19228656552197      3.19228656552197       n
    3.19228656552197     -3.19228656552197      3.19228656552197       n
   -4.35548215999441     -2.20139449845628     -4.35548215999441       h
   -2.20139449845628     -4.35548215999441     -4.35548215999441       h
   -4.35548215999441     -4.35548215999441     -2.20139449845628       h
    4.35548215999441      2.20139449845628     -4.35548215999441       h
    4.35548215999441      4.35548215999441     -2.20139449845628       h
    2.20139449845628      4.35548215999441     -4.35548215999441       h
   -4.35548215999441      4.35548215999441      2.20139449845628       h
   -2.20139449845628      4.35548215999441      4.35548215999441       h
   -4.35548215999441      2.20139449845628      4.35548215999441       h
    4.35548215999441     -4.35548215999441      2.20139449845628       h
    2.20139449845628     -4.35548215999441      4.35548215999441       h
    4.35548215999441     -2.20139449845628      4.35548215999441       h
$end
