$coord
    0.83997475919844      0.86210685363985     -1.50698572068173      os
    1.87320160477239      2.36544596981642     -4.22171430569239       o
   -2.58011092086982     -0.31546898973292     -2.35720449623611       n
    2.09668723046369     -2.51135682625830     -1.95503997410708       n
    2.86083294940783      0.85408742287933      1.75381683395988       n
   -0.71130217344971      3.71465713343783      0.53205050102321       n
    1.20072139793550      5.07917337792557      1.99116983688093       c
   -4.68625887621025      0.79439588784984     -1.72874697128314       c
   -5.12068669248690      2.88350928497350     -0.13043456638853       c
    2.60181083494623      3.06273280048072      3.44948925166955       c
    4.15299176950718     -1.11044899192827      2.79403755592582       c
   -3.15364771337075      4.22724269947374      0.90224029018404       c
    4.48777035873985     -3.44872731409558      1.77118096041301       c
    3.58948998965265     -3.96209919517248     -0.71113020837225       c
    1.51615013650194      2.52224826278497      5.14028145165905       h
    4.28932152551809     -5.65318581449240     -1.68793890251200       h
    5.59767151906422     -4.84140671395557      2.78214097407278       h
    5.00213699164943     -0.70556515390406      4.62923639036098       h
    0.34502714093131      6.46632835242908      3.27203981104933       h
   -7.04141623213416      3.48782688147629      0.24424086567737       h
   -6.37195542970125     -0.04173592429896     -2.61141820257034       h
    2.47101344114152      6.06798788008844      0.68107524817536       h
    4.47510503629879      3.72183280148312      4.05418006908220       h
   -3.56753099412437      5.84571035630944      2.11225214867234       h
$end
