$coord
   -2.13877615560297      2.14137415108087      2.13628455170596      zn
    2.14567592363389     -2.13181780606215      2.13819619865493      zn
    2.13253325637342      2.13499991588557     -2.14845325412113      zn
   -2.14384118853824     -2.14810176506171     -2.12952254470963      zn
    1.52315686303158      5.74593905295772     -1.51552690482561       o
   -0.00120677910400     -0.00101213731304     -0.00095279991268       o
   -1.52717253104913     -5.75513672795774     -1.48376495501919       o
    5.74467822768652      1.50476680426469     -1.54115348081905       o
    1.52825723384540     -5.74501781147134      1.51943825996102       o
    1.49008892349954      1.51208212307070     -5.75604908773133       o
    1.52821830548721     -1.49936426624334      5.74788131346993       o
    5.75429258729730     -1.50522770846680      1.50741865693718       o
   -1.50122678031303      1.53000031722394      5.74633173804668       o
   -1.52286508931774      5.75047798613954      1.49711360242738       o
   -5.75286697790791     -1.51414457016451     -1.50759515735734       o
   -5.75045795504260      1.51153958269995      1.52551826479851       o
   -1.51781233960229     -1.53873406446005     -5.74163860321299       o
    6.78792251145390      0.00041063748716     -0.01952994156603       c
   -0.01637164229180     -0.01573650534088     -6.78723011580137       c
    0.00209343860228      6.78661860042703     -0.00876851819682       c
    0.01789532846712      0.02027865105712      6.78546719029851       c
   -6.79011081430771     -0.00150233227010      0.00992918798336       c
    0.00033278077077     -6.78848810648339      0.02166703284182       c
    8.87393940334766      0.00132243034291     -0.02519949788898       h
   -0.00089138381359     -8.87444055871624      0.02871552231884       h
    0.02661376892161      0.03004116519617      8.87145630321821       h
   -8.87607347106164     -0.00232247340874      0.01153186471074       h
    0.00565576132223      8.87264172841699     -0.00837696694354       h
   -0.02168026092470     -0.02144650180293     -8.87318804823999       h
$end
