$coord
    0.73463632267980      1.41668137830298     -0.00000000000000      hf
    1.19521322422370     -0.94780801214851      3.45164032691867       c
    1.19521322422370     -0.94780801214851     -3.45164032691867       c
   -2.76928252162165      2.82782037885128      0.00000000000000       c
   -0.60501755105982     -1.88158046144206     -3.90096542116369       h
    1.72503384841834      0.14265580319000     -5.14290023412433       h
    2.63050632616814     -2.43024940298911     -3.19195151707984       h
   -0.60501755105982     -1.88158046144206      3.90096542116369       h
    2.63050632616814     -2.43024940298911      3.19195170605245       h
    1.72503384841834      0.14265580319000      5.14290023412433       h
   -3.92841293725205      2.99473119481254      1.70982041926911       h
   -3.92841293725205      2.99473119481254     -1.70982023029650       h
$end
