$coord
   -0.61702203627465      1.90131543829275      0.40998723239984      ru
    0.93433105233637      5.68744106894934     -0.54690601604420       c
   -1.44110268697331      5.27937360932082     -1.67427769440259       c
    1.08102614512050      6.80505004419607      1.17609410911744       h
    2.62838548653703      5.69933273751446     -1.70995440085144       h
   -1.59156287009070      4.97451429794920     -3.70184157776976       h
   -3.13429937448542      6.08472348363209     -0.81301176888877       h
   -3.15672399853112     -0.54530239445375      1.21472653619983       n
    3.63035323842667      1.38927316851804      1.67462445914669       s
   -4.60570589858640     -0.31176266988218      3.54749838540885       c
   -3.65165914460583     -2.93675798774933     -0.12796866276684       c
   -2.50898314127155     -2.88409906849739     -2.78498123244002       c
    0.12124709590959     -0.57636287792223     -2.74492867617401       p
    3.22721059405487     -2.15290828346296     -2.31007586049165       c
    5.03856127375369     -0.27744599932614     -1.08762752539613       c
   -5.69825181417044     -3.27960929801926     -0.24267258196547       h
   -2.85507873335444     -4.50247677436950      0.99372023118572       h
   -3.88551672111178     -2.15789697146274     -4.15113152310884       h
   -1.90288277714158     -4.75553642495864     -3.42913047622469       h
    3.98173817393598     -2.81556285930820     -4.12220945372443       h
    2.94277865518647     -3.81462534625186     -1.10667294118348       h
    5.57013802043713      1.23457432970024     -2.39718316421059       h
    6.77078004987534     -1.18940968631843     -0.41797888418630       h
    3.48093977461042     -1.26659214842411      3.91619056661490       c
    0.24693958355777      0.38958348147318     -5.23678352881295       h
    2.27483209029824     -2.78575904371344      3.20938953182449       h
    2.69409466544187     -0.52188963261682      5.67336355417440       h
    5.40107405052802     -1.94680870504785      4.26910410158746       h
   -4.09998835318249      1.44413985480287      4.53149068444363       h
   -4.23019785318943     -1.90508714266745      4.83150076960356       h
   -6.64545435806820     -0.26342819989677      3.15764580693534       h
$end
