$coord
    0.04904746365271      4.77903101193683      0.66325872128769      sn
    1.14882555009321     -1.49751516922914     -0.58252999913413      sn
   -2.30829403772753      7.46593678125052     -0.24343225186809       f
   -0.96470802186511     -6.42542485248858     -2.54598945902259       f
    0.06947011184062     -5.37526946233352     -0.47859430631876       c
   -1.34994834578312      1.28224607273329      0.17836898135308       c
    1.47717755871689     -6.70949642058477      0.28576098325275       h
    1.87842991004494      6.48049184974276      2.72315714147743       h
$end
