$coord
   -2.05894902178409      0.51355442862066      0.00000000000000      as
   -3.51964760176522     -2.95284617112224      0.00000000000000       c
    2.05894902178409     -0.51355442862066      0.00000000000000      as
    3.51964760176522      2.95284617112224      0.00000000000000       c
   -4.71554074944903     -3.15773292330974      1.67335399627224       h
   -2.07661323674601     -4.42787983554929      0.00000000000000       h
   -4.71554074944903     -3.15773292330974     -1.67335399627224       h
    4.71554074944903      3.15773292330974     -1.67335399627224       h
    2.07661323674601      4.42787983554929      0.00000000000000       h
    4.71554074944903      3.15773292330974      1.67335399627224       h
$end
