$coord
   -2.75381171177407     -0.26836983371602      0.12858282375776      re
    2.74619630445927      0.36200651914520     -0.11056523001029      re
   -0.31468475339067      2.93773799971822      0.49041435426370       c
   -0.50623041707448      3.84354288029356      2.33633832932645       h
   -0.37786528976643      4.40780017265323     -0.95858228565537       h
   -4.36214797993094      0.69949100721756      4.20986137651286       c
   -2.77535723522599     -1.45501371687657      4.46502731584194       c
   -3.83436164591084     -3.44612875169984      2.99536822148958       c
   -1.06638435812435     -1.56332488156387      5.57854862450571       h
   -6.08913145879338     -2.52283426685661      1.82659755700048       c
   -6.39173897251337      0.05328536346267      2.57018362261258       c
   -7.91614626732246      1.29177955206588      2.00458197908694       h
   -4.06608534367542      2.52174748536160      5.08379886056396       h
   -7.35789754815273     -3.58645244387786      0.63057798663885       h
    6.41662666559158     -0.47866252543190     -2.32424880643595       c
    6.13211913767815      2.20308599231158     -2.21798988432139       c
    7.37696696346188      3.50207711721914     -1.24805147848499       h
    3.95003423872162      2.87442518251365     -3.63645799867641       c
    3.23705568922562      4.76911920943383     -3.90740825341736       h
    7.92940817630147     -1.56186280046026     -1.48190981088139       h
    4.02674275751492     -3.41996927293890     -4.23493048329915       h
    4.36867244835325     -1.45456585178473     -3.79241974146416       c
    2.85331845346816      0.61820557174731     -4.60077598106913       c
    1.16645140361477      0.49735172784452     -5.74611423056959       h
    3.74728079835766      1.60544876663648      3.10380656474516       c
    2.33866269246132     -2.78036822199406      1.62658629821783       c
   -1.75566007282309     -2.55418822479245     -2.48597893822303       c
   -4.07933988272254      1.69247991439255     -2.56923479112477       c
   -4.94095181709001      2.90677067974775     -4.18634902610909       o
   -1.27347679864601     -4.03164338427724     -4.04227101503673       o
    4.40734059125941      2.40086057125161      5.04360948812644       o
    2.22862129453313     -4.73337144928264      2.63219498543425       o
   -3.06422549514757     -5.33046065438122      2.81720994459954       h
$end
