$coord
   -0.98217627222778     -0.46585679633969     -1.52898269970514      re
   -3.55575459885294     -0.69084891169856     -4.24862854106802       c
    2.17674113141768     -0.26973723954073      1.52499972394956       c
    0.65678338574465      2.72755566800809     -2.73033469924885       c
   -2.07167500443379     -3.56599294603050      0.34753537441822       c
   -3.26380362870217      1.60227024729271      0.68097433680024       c
    1.57838486495168     -2.51597607280047     -3.43777842989468       c
   -2.58634380455090     -5.29926996878266      1.53708603430564       o
   -4.54823687045358      2.78597447249179      1.95736641594069       o
    1.68750256474953      4.55249253368913     -3.26934222700459       o
    3.09726130933547     -3.67423589160466     -4.45165750350114       o
   -5.03113389418842     -0.82604218641735     -5.83966077606257       o
    1.69595927813558      1.53497672200391      3.72283114379544       c
    3.92649165269984      0.26239773224031      0.55683766067152       h
    2.47464681756380     -2.18672058611599      2.24237982353803       h
    1.42099845763762      3.48595113932371      3.08421407324436       h
    3.30324599240212      1.54512681897138      5.03756973445542       h
    0.02110918568945      0.99793526530956      4.81459017742065       h
$end
