$coord
    0.00000000000000      0.00000000000000      1.54846747681676      ag
    2.97671435695552      0.10774273506863      4.50091245908248       o
    2.39028112850833      0.08680022322348      6.81329435236557       c
    0.00000000000000      0.00000000000000      7.95756981989281       c
   -2.39028112850833     -0.08680022322348      6.81329435236557       c
    0.00000000000000      0.00000000000000     10.01092676412511       h
    3.99739115338209      0.14630429742129      8.15380824046509       h
   -2.97671435695552     -0.10774273506863      4.50091245908248       o
   -3.99739115338209     -0.14630429742129      8.15380824046509       h
    0.92626872479280     -2.93705883214857     -2.09265342107533       c
    1.60577965768113      2.75561469947080     -1.73231949852417       c
   -1.60577965768113     -2.75561469947080     -1.73231949852417       c
    1.93422974309075     -4.35437685918337     -0.99005548530975       h
   -0.92626872479280      2.93705883214857     -2.09265342107533       c
    2.46253707460376      4.08881270184649     -0.41406280473558       h
   -2.46253707460376     -4.08881270184649     -0.41406280473558       h
   -1.93422974309075      4.35437685918337     -0.99005548530975       h
    2.45605172351226     -1.50805436080594     -4.02806688861134       c
    1.35909159667071     -1.28449673654924     -5.76201703180956       h
    4.09883694305398     -2.65955878665523     -4.54094857473118       h
   -3.45802419971721     -1.08128522657236     -3.10776610789678       c
   -5.05091101193172     -0.74998807978145     -1.82400541967357       h
   -4.24329025373494     -2.11352941456084     -4.73460109407277       h
   -2.45605172351226      1.50805436080594     -4.02806688861134       c
   -1.35909159667071      1.28449673654924     -5.76201703180956       h
   -4.09883694305398      2.65955878665523     -4.54094857473118       h
    3.45802419971721      1.08128522657236     -3.10776610789678       c
    4.24329025373494      2.11352941456084     -4.73460109407277       h
    5.05091101193172      0.74998807978145     -1.82400541967357       h
$end
