$coord
    2.81147065738254      2.81147065738254     -2.81147065738254      ba
   -2.79472711698916      2.79472711698916     -2.79472711698916       s
   -2.81147065738254     -2.81147065738254     -2.81147065738254      ba
    2.79472711698916     -2.79472711698916     -2.79472711698916       s
    2.79472711698916      2.79472711698916      2.79472711698916       s
   -2.81147065738254      2.81147065738254      2.81147065738254      ba
   -2.79472711698916     -2.79472711698916      2.79472711698916       s
    2.81147065738254     -2.81147065738254      2.81147065738254      ba
$end
