$coord
   -0.38022612461553      0.01614298543057      0.98575106714016      ti
   -1.20011403995863     -0.02830677455781      5.12037110822387      cl
    4.48812222574449     -0.70685829349202      1.20363516664904       s
    1.50167011006217     -0.08743176969476     -3.39963109550882       s
    1.67098843710783      4.41900435885374      1.18967840537353       s
   -3.45604357776464      3.49027124222015     -0.38509613781460       s
   -4.30236857263659     -2.30852590712318     -0.63159560415765       s
    0.31712816927147     -4.79351330604795      0.82478665237930       s
    4.31791610536488     -0.55582609027632     -1.96219409927454       c
    6.02884730565080     -0.76024041093234     -3.10070949259741       h
   -1.15782763843919      5.56639220531036      0.33916766713270       c
   -1.50168163739154      7.60346046622778      0.25624043760427       h
   -2.70738076291529     -5.00776780858680     -0.09610806925664       c
   -3.61902943256239     -6.84680089733143     -0.34429581692058       h
$end
