$coord
    0.63334983692033      0.70382263744336     -0.45602209466263      sc
   -2.70661958123177     -2.20250546844570      1.53913941071406       c
   -2.92810587668186     -2.59371071288014     -1.09368334173922       c
   -3.86523277882151     -0.33966069667895     -2.18794191611116       c
   -4.22084446475664      1.44318573208190     -0.23068680503929       c
   -3.50136639122319      0.29463135768776      2.07355641576474       c
    0.90537931425179      3.94284798821002     -2.62654224767382       n
    3.32561222391052      0.68171775505817      2.25733795068765       n
    4.73583735290434     -1.52151336821988      1.22783292071867       c
    3.67477011718045     -2.12758330775922     -1.42954115356239       c
   -4.16226012026431     -0.00443254160093     -4.18572957388502       h
   -2.37972889782126     -4.28539845408071     -2.10386100878286       h
   -4.83571334708343      3.38059002609156     -0.46666427631329       h
   -3.49207914320480      1.18978158442001      3.91509641518800       h
   -1.94809674237527     -3.53600677186459      2.89413729367822       h
    3.31492809033987     -4.14837384577330     -1.68994333501375       h
    4.52432181941238     -3.20718403246295      2.45807202971347       h
    3.80809388584289      1.06066623583997      4.06585423017022       h
   -0.43681076092142      4.81679662164526     -3.67223523855516       h
    2.47689634754408      5.03467807553756     -2.69235101514550       h
    4.94517214244700     -1.47280945677685     -2.93131689931500       h
    6.79480035866176     -1.11230621476481      1.15557300619837       h
$end
