$coord
    0.99389370804408      1.82810895995598      0.38053188230270      re
    4.23374562501821     -1.10962696106350     -0.53526568105383       c
    5.32428994268968      0.92457382943047      0.84943964147266       c
    6.17561288521943      0.78381927969574      2.70280006678609       h
    5.15755846173778      3.15995316253507     -0.64580199825439       c
    5.85427572894773      5.01104818416876     -0.13601454969311       h
    4.09067332619006     -3.05031673291567      0.08764984408969       h
    2.40483712193836     -1.19414722971608     -4.34819688783381       h
    3.34306176598454     -0.12921720481822     -2.87861432738956       c
    3.88765683594937      2.50633355627041     -2.93024825919080       c
    3.45022870150261      3.78396869725648     -4.46521628845453       h
    0.36217035840032      2.75940341138063      3.82550072010646       c
    0.03283323554720      3.31734977437022      5.91565308865415       o
   -2.59539993906409      6.18667571990572     -0.99757413864690       o
   -1.69295404667754     -0.54184173899938      0.42090040077695       c
   -3.45085250009678     -2.28338196718230      0.36825830008754       c
   -4.79910802921631     -2.38021720305219     -1.18080935374681       h
   -3.62809898413107     -3.65529063130198      1.88913596443866       h
   -1.26587499735932      4.53560631897324     -0.45440807957849       c
$end
