$coord
    0.00000000000000      0.00000000000000      0.00000000000000      cs
    2.68058010007983     -2.68058010007983     -5.93119533014929       s
   -2.68058010007983      2.68058010007983     -5.93119533014929       s
    2.68058010007983      2.68058010007983      5.93119533014929       s
   -2.68058010007983     -2.68058010007983      5.93119533014929       s
    5.21151637872866     -2.61046313498631     -5.71034549445841       h
    2.61046313498631     -5.21151637872866     -5.71034549445841       h
   -2.61046313498631      5.21151637872866     -5.71034549445841       h
   -5.21151637872866      2.61046313498631     -5.71034549445841       h
    5.21151637872866      2.61046313498631      5.71034549445841       h
    2.61046313498631      5.21151637872866      5.71034549445841       h
   -5.21151637872866     -2.61046313498631      5.71034549445841       h
   -2.61046313498631     -5.21151637872866      5.71034549445841       h
$end
