$coord
   -0.00020843679169      0.00000170075351      0.00000056691784      os
    1.82485674129330      3.16070432867012     -0.00000113383568       c
    1.82485541848501     -3.16070206099877      0.00000075589045       c
   -3.65009426240096      0.00000037794523      0.00000094486306       c
   -0.00013624925368      0.00000094486306      3.71981079452840       c
   -0.00013719411674     -0.00000000000000     -3.71980852685705       c
    3.29766903265934      5.71025743322094     -0.00000113383568       s
    3.29766506423447     -5.71025554349482     -0.00000075589045       s
   -6.59442117020239     -0.00000264561658     -0.00000151178090       s
   -0.00002475541225     -0.00000302356180      6.64343669748357       s
   -0.00002418849441     -0.00000132280829     -6.64343631953835       s
$end
