$coord
   -0.92608107498849      2.90005251439753     -3.06357599627810      po
   -0.42861142823372      6.29099313739853     -1.75643486053471       o
    2.49041015701567      2.03168065173246     -5.19700195927340       n
   -0.49347873414947      0.20754956527151      0.19600655117663       c
    1.82914944316091      1.59507473712309     -6.96052140305414       h
    3.36354507438110      3.74659312702044     -5.38195380158608       h
    0.70810078841981      1.07215766041162      2.35368563721706       c
    0.94236352220715     -0.60297286739159      4.37314032783273       c
   -0.02414106228586     -3.04288897540517      4.18477129376657       c
   -1.24309056945925     -3.83914378684506      1.99299361156504       c
   -1.50029401149728     -2.19555165424758     -0.04917464222098       c
    1.42265347977869      2.99422361437512      2.47355285510951       h
    1.87486494170842      0.01198596589880      6.09461260942158       h
    0.16410684033563     -4.33462827630457      5.76810818603120       h
   -2.00804641399357     -5.73913471609616      1.86498791016614       h
   -2.47445501036202     -2.77076047642472     -1.76350942823228       h
   -3.69699556409248      1.67476959011316     -5.12968689110676       o
$end
