$coord
   -2.66631588036364     -2.45241305585682     -1.05221235704311       y
    2.63382355140955      2.50742260543677      1.01679737766270       y
    1.37172838424727     -0.14208113747512     -3.16973457393538      cl
   -1.50838411801491      0.33646233521085      3.07358398584091      cl
   -5.16861562724569      0.34522348347579     -4.37573832331063       c
   -5.84321327220666      1.31866128415214     -1.98448700940927       c
   -7.26425198101076     -0.55316535589104     -0.69798943083791       c
   -7.46887077003360     -2.68156048999395     -2.29862147455207       c
   -6.15157084458256     -2.13901048164258     -4.56814286751867       c
   -3.14307979795684     -7.34690009799040     -1.76563121272644       c
   -3.45508643148187     -6.95978592164594      0.86689352991677       c
   -1.08932714507378     -6.20785161292741      1.87427081181443       c
    0.66555133702364     -6.09394194561949     -0.13231106443156       c
   -0.60464603090347     -6.79411778958508     -2.38530094427611       c
    4.98662895419717     -1.26894183388906      3.34192301702107       c
    6.41719660699115     -0.78357153660064      1.14272230162436       c
    7.50842897394507      1.65158454027440      1.38272999180708       c
    6.77685438553446      2.65105615292432      3.75797456953156       c
    5.20367420427875      0.85746757600075      4.95853345102023       c
    0.08114521779171      6.18547366511703     -1.24729615495246       c
   -0.19728211631162      6.62747758240505      1.36962530804175       c
    2.20720578423867      7.26084971809368      2.36506896945430       c
    3.96584104187439      7.24478024300941      0.34321772816575       c
    2.65584434098215      6.56557336705473     -1.88307126638279       c
   -4.06390365486306      1.31120121232490     -5.80117631453584       h
   -5.35565807357146      3.16190676140403     -1.24394283594204       h
   -8.06117159810174     -0.37188109404352      1.17905908940899       h
   -8.46128368868543     -4.41815606079582     -1.86966536027298       h
   -5.97926769512103     -3.38083002130955     -6.18634161632666       h
   -4.59343817452223     -7.96178504298926     -3.07047689814469       h
   -5.18013445284616     -7.24849960197042      1.93068499482377       h
   -0.71050962231250     -5.76533312321530      3.83540515267757       h
    2.63384811784919     -5.55590705990076      0.00632529128864       h
    0.23465182839667     -6.90150468922420     -4.24958417556989       h
    3.89661697237536     -2.95470811827410      3.73288921110058       h
    6.62093100418707     -2.03175888639407     -0.46536849110875       h
    8.73703120216960      2.56057247553622      0.02054963778357       h
    7.32799565577204      4.46774323023009      4.51936676853764       h
    4.32854978324798      1.05743593800034      6.79856885050204       h
   -1.39849918940995      5.63663710486260     -2.54842701675239       h
   -1.93452302858549      6.47294239386976      2.43870895096435       h
    2.61819551634830      7.73196278765257      4.31422584818621       h
    5.95934487949342      7.68289869440996      0.47939517225092       h
    3.46794601776867      6.37837142784393     -3.75300099934078       h
$end
