$coord
   -2.42378559477544     -2.20852632485545     -2.27774926051880      nb
   -0.07980899244808     -5.12008462574319     -0.00085132161972       p
    0.00000566917838     -0.00000245664396     -3.82609825150747       o
    2.42378446093977      2.20852537999239     -2.27774226853214      nb
    4.06849323270505     -0.01782881010749     -0.05922288295027       o
    2.34392406794107     -2.08737843956747      2.54077891717562      nb
   -4.06848378407442      0.01782994394317     -0.05922193808721       o
    0.07980445710537      5.12008273601706     -0.00085207751017       p
    0.00000018897261      0.00000264561658      4.42464840387399       o
   -2.34393880780485      2.08740036039053      2.54080046005346      nb
    4.37785670629777     -3.74147064641094      4.46444716992128       o
   -5.01439526708297     -4.44049564716585     -4.96668119418470      cl
    5.01439186557594      4.44048582059000     -4.96668232802037      cl
   -4.37784801355760      3.74146006394464      4.46443658745498       o
$end
