$coord
   -0.00009184068972     -0.00057088626264     -0.00004724315315      sn
    1.65894143305517      2.71663229510990      1.92970838436190       o
    2.71854129644229     -1.66023079319088     -1.92708903497878       o
   -2.71663229510990      1.65980352611381     -1.92958007195795       o
   -1.66096192822899     -2.71859364185598      1.92681729236188       o
    3.44657604987385      2.39846591030486      2.10885120856355       h
    2.39753257457127     -3.44679563604968     -2.11172208049402       h
   -2.39689214638720      3.44704867037794     -2.11000318560990       h
   -3.44701333249938     -2.39575944454733      2.11306473090648       h
$end
