$coord
   -0.00000000000000     -0.00000000000000     -0.00000000000000      pt
    2.46085087198161     -2.46085087198161      2.46085087198161       p
   -2.46085087198161      2.46085087198161      2.46085087198161       p
    2.46085087198161      2.46085087198161     -2.46085087198161       p
   -2.46085087198161     -2.46085087198161     -2.46085087198161       p
    4.36954682463171     -4.36954682463171      1.18368797355440       f
    4.36954682463171     -1.18368797355440      4.36954682463171       f
    1.18368797355440     -4.36954682463171      4.36954682463171       f
   -4.36954682463171      1.18368797355440      4.36954682463171       f
   -1.18368797355440      4.36954682463171      4.36954682463171       f
   -4.36954682463171      4.36954682463171      1.18368797355440       f
    4.36954682463171      4.36954682463171     -1.18368797355440       f
    4.36954682463171      1.18368797355440     -4.36954682463171       f
    1.18368797355440      4.36954682463171     -4.36954682463171       f
   -4.36954682463171     -1.18368797355440     -4.36954682463171       f
   -1.18368797355440     -4.36954682463171     -4.36954682463171       f
   -4.36954682463171     -4.36954682463171     -1.18368797355440       f
$end
