$coord
   -2.61010314215932     -0.12238697870874      0.07298216784562       p
   -4.78217910668998     -0.16454657960513     -2.00229484355676       o
   -2.51520298584236     -2.29135509965273      1.84745087377249       o
   -0.00004497548180      0.00004837698882     -1.59867258669420       o
    2.61002509647032      0.12250565350945      0.07299690770940       p
    2.51518257680020      2.29128688053958      1.84744803918330       o
    2.93056233167293     -2.65037226103935      1.16450630851338       o
    4.78223523155592      0.16448516350604     -2.00236249575206       o
   -2.93055363893275      2.65028060932225      1.16441427885105       o
   -5.50352422963582     -1.83334463516042     -2.19012020341650       h
    1.33756175794563     -3.23316682183112      1.90687935892526       h
    5.50357222867942      1.83339792543717     -2.19013324252677       h
   -1.33753133335501      3.23316776669418      1.90690543714580       h
$end
