$coord
   -0.46075623655325      1.73457224103886      2.78238909511311       y
    0.45909441139813     -1.74242386411940     -2.79573339615121       y
   -3.30724333007625      4.32717973180669      3.14341106694671       o
    1.89454171499443      1.22123626475835      5.79874045755955       o
    1.28652101117532      2.06974238152482     -1.08381160143009       o
    1.55056885226877      4.37465928969274     -2.45713661528114       c
    3.54637683295313      4.93362364814635     -2.56032926778381       h
    0.48623938233373      5.91132504890798     -1.54796008535196       h
    0.81995821315499      4.17782277080161     -4.39265893104201       h
    3.41414286934750      1.21945066254198      7.95540060327289       c
    5.40582406611810      1.59075557908971      7.47861098540437       h
    3.34039120502341     -0.61997341053810      8.92701462926513       h
    2.81127790531770      2.67211563881666      9.31952661931563       h
   -5.15116230571942      6.07921625478336      3.84664127524960       c
   -4.32327763632931      7.68440801866672      4.88231172567697       h
   -6.59036808560754      5.21741629266636      5.07895246894145       h
   -6.13585682698258      6.84727843112344      2.18128989117536       h
   -1.89194069595473     -1.23413043303326     -5.81749617833180       o
   -1.29407651417192     -2.07586358239186      1.06708412370878       o
    3.31446813100082     -4.32868697736472     -3.13607760676990       o
    5.16288805633067     -6.07964125418907     -3.83059617763236       c
    6.16349803999884     -6.82243042229388     -2.16319840913637       h
    6.58877599134646     -5.22564586097207     -5.08363048596614       h
    4.33613514391737     -7.70163797456491     -4.84058241541945       h
   -1.56020588859306     -4.36846495642463      2.46066208834164       c
   -0.81375650995499     -4.15941627141743      4.38906920729324       h
   -0.51139484960398     -5.91858537668372      1.55665206964068       h
   -3.55833256323391     -4.91498698012004      2.58373484866147       h
   -3.41589218882226     -1.22308082642985     -7.97126579896294       c
   -3.32865732858981      0.61398071104762     -8.94646898178612       h
   -5.40994574777132     -1.57680127445817     -7.49040608896445       h
   -2.82783587460552     -2.68301368938477     -9.33413892658421       h
$end
