$coord
    0.00000000000000     -0.00000000000000     -0.00000000000000      ni
    2.03231465484770     -2.03231465484770      2.03231465484770       n
   -2.03231446587509      2.03231446587509      2.03231446587509       n
    2.03231465484770      2.03231465484770     -2.03231465484770       n
   -2.03231484382032     -2.03231484382032     -2.03231484382032       n
    3.24130738403630      3.24130738403630     -3.24130738403630       n
    3.24130738403630     -3.24130738403630      3.24130738403630       n
   -3.24130738403630     -3.24130738403630     -3.24130738403630       n
   -3.24130757300891      3.24130757300891      3.24130757300891       n
$end
