$coord
   -2.42162450397786     -2.42162450397786     -2.42162450397786      ca
    2.42162450397786      2.42162450397786     -2.42162450397786      ca
   -2.42162450397786      2.42162450397786      2.42162450397786      ca
    2.42162450397786     -2.42162450397786      2.42162450397786      ca
   -1.89266729565014      1.89266729565014     -1.89266729565014       h
   -4.61365446461720     -4.61365446461720     -4.61365446461720       h
    4.61365446461720      4.61365446461720     -4.61365446461720       h
    1.89266729565014     -1.89266729565014     -1.89266729565014       h
    1.89266729565014      1.89266729565014      1.89266729565014       h
   -4.61365446461720      4.61365446461720      4.61365446461720       h
    4.61365446461720     -4.61365446461720      4.61365446461720       h
   -1.89266729565014     -1.89266729565014      1.89266729565014       h
$end
