$coord
   -0.01122062681780     -0.00116331540311     -1.76662539764128       y
    2.70920888396949      4.41831253011905     -0.10806927974319      si
    2.47819855781745     -4.56401135928960     -0.13427108836935      si
   -5.20856935083531      0.13883080853855     -0.13768053224571      si
    3.12171247567859      4.44716278991067      2.69048982388409       h
    1.42614512674153      6.87382133531533     -0.69215660217768       h
    5.29936917940427      4.65938016768579     -1.23043431770360       h
    3.10956323744252     -4.50491641079805      2.62301431796936       h
    4.94700687754264     -5.05728845966143     -1.43453078642524       h
    0.96920745977090     -6.93041919970411     -0.50137835627360       h
   -5.43405241704169      0.33688242132864      2.67611902361440       h
   -6.71977123947655     -2.15088325294644     -0.83831973705737       h
   -6.68679816419604      2.33429194490470     -1.14615687885820       h
$end
