$coord
   -0.45143289476586      2.94855649281643     -0.06875844098161      zn
    2.32320246508004      0.46286082453967      2.26126385671422      cl
    0.45143289476586     -2.94855649281643      0.06875844098161      zn
   -2.32320246508004     -0.46286082453967     -2.26126385671422      cl
   -0.60245942880318     -6.30530063184300      2.15975835169676      cl
    0.60245942880318      6.30530063184300     -2.15975835169676      cl
   -3.15938964620433      3.75668917782072      2.60779578655959       o
   -4.55721911667525      1.68067970857194      3.77522795803371       c
   -5.05986547917933      5.61837214596525      1.89347496459636       c
   -4.75389992213360      2.13138392494364      5.78784505260801       h
   -3.41751697534531     -0.02874216745722      3.57535502720347       h
   -7.12173563960885      1.58420956778957      2.41053275648184       c
   -8.66347417963648      1.53001959243042      3.78487349812557       h
   -7.26523199297966     -0.09048896862126      1.21329828119387       h
   -7.19392487837204      4.02933300511570      0.80579207022473       c
   -6.80534446352649      3.60367937621425     -1.18001113343123       h
   -4.16787676425573      6.92796765800097      0.57011922280224       h
   -9.01297108977339      5.00234675124940      0.91495077707951       h
   -5.62837654504842      6.62988830602388      3.61488261755170       h
    5.05986547917933     -5.61837214596525     -1.89347496459636       c
    5.62837654504842     -6.62988830602388     -3.61488261755170       h
    4.55721911667525     -1.68067970857194     -3.77522795803371       c
    3.41751697534531      0.02874216745722     -3.57535502720347       h
    4.75389992213360     -2.13138392494364     -5.78784505260801       h
    7.12173563960885     -1.58420956778957     -2.41053275648184       c
    7.19392487837204     -4.02933300511570     -0.80579207022473       c
    4.16787676425573     -6.92796765800097     -0.57011922280224       h
    7.26523199297966      0.09048896862126     -1.21329828119387       h
    8.66347417963648     -1.53001959243042     -3.78487349812557       h
    6.80534446352649     -3.60367937621425      1.18001113343123       h
    9.01297108977339     -5.00234675124940     -0.91495077707951       h
    3.15938964620433     -3.75668917782072     -2.60779578655959       o
$end
