$coord
    0.00000075589045     -0.00000075589045     -0.00000000000000      pd
    2.13475198381785     -2.13475217279046      2.13475311765353       c
   -2.13475198381785      2.13475198381785      2.13475179484524       c
    2.13475217279046      2.13475217279046     -2.13475236176307       c
   -2.13475217279046     -2.13475198381785     -2.13475273970830       c
    3.82727857444571      3.82728008622661     -3.82728046417184       s
    3.82727989725400     -3.82727951930878      3.82728140903490       s
   -3.82728027519923     -3.82727857444571     -3.82728046417184       s
   -3.82727895239094      3.82727895239094      3.82727951930878       s
$end
