$coord
   -0.00000018897261      0.00000075589045     -0.00000018897261      rh
   -2.82063393936707      2.82059160950185     -0.20053339011124       o
    2.82062713635302     -2.82059860148852     -0.20053150038512       o
    2.82061107368095      2.82061560902365      0.20053395702908       o
   -2.82059633381716     -2.82062978196959      0.20053244524818       o
   -0.00000056691784     -0.00000000000000      4.69820610272346      br
    0.00000056691784     -0.00000037794523     -4.69820572477824      br
   -2.16322656605564      4.17881071962023     -1.25569579860951       h
   -4.17877122434420      2.16322675502825     -1.25570279059617       h
    2.16323034550789     -4.17880826297627     -1.25568975148591       h
    4.17877519276907     -2.16322259763078     -1.25570808182933       h
    2.16323318009708      4.17879125544114      1.25568861765023       h
    4.17878917674240      2.16322089687726      1.25570864874716       h
   -4.17879692461951     -2.16321239310970      1.25572055402176       h
   -2.16324111694681     -4.17878539729015      1.25567709032086       h
$end
