$coord
   -0.07740658362421     -1.74579759217198      0.00202692024265       b
    0.12759865439138      1.49368733998850      0.10411578371518       n
    1.08718759715402      1.98109967532858      1.72700615557595       h
    1.92198847519234      2.86000789498126     -2.39677725103875      cl
   -2.83646852149389      3.07299023389215      0.35231146822884      cl
    3.25809401018535     -2.66262732393848      0.09136674640674      cl
   -1.72081824737667     -2.43710381759301      2.96778445614755      cl
   -1.76017349470221     -2.56225319795260     -2.84783427927816      cl
$end
