$coord
    1.96757509441807     -0.16507494702994     -3.71004846936196      sc
   -4.32865957633589     -0.73086027193501     -3.18724496519066      cl
   -1.92225341479520      2.14787065155651      0.06612643043344      sc
    0.79269872481616     -4.31379858110914      0.23651226376763      sc
    5.87030419697506     -1.59131172548857      0.50417496196733      sc
   -6.08160108915425      4.66710612397895      1.34477597640390       p
    7.85441174937825      1.84735600952097     -0.19169117259551       f
    0.47447243569293      3.39332300072793     -2.64627420096271       f
   -0.02336665251946     -7.75252338584768      0.76798110708928       f
    3.73582452269196     -3.17580456322441     -2.02628019240984       o
    2.96548995068547     -2.21552681528888      2.94223630378833       o
   -1.36967557475670     -1.55072078624929     -1.53942343655078       c
    5.32777667636460      2.42991700016357     -1.45794902846794       c
    5.89916125978074      3.35760094085205     -3.22453776542238       h
    2.18875601012620     -0.20113980322505     -7.23601814988141       h
    0.28414696816861      1.80833543269232      2.92887915261258       h
   -4.60001253171427      6.82424096889511      2.01889060736709       h
    1.93157373302078     -0.66609293253133      3.26691279509713       h
    8.76052427736689     -3.48794177682474      1.14434160794165       h
   -6.41520086722958      5.51409800320072     -1.19242077592745       h
    4.50711813070734      3.84873093439963     -0.19954241773082       h
$end
