$coord
    0.09149165730366      0.63559218594134      1.93339335030742      ta
   -1.72238048396496     -2.65150987616715      1.96069101111400       o
    3.75976432914541     -2.53838557903716      1.99479962282357       s
   -2.20036346388198      3.04064794919246     -0.02919985912491       o
    3.28220332507230      2.94213463652276     -0.70714326419181       s
    0.20027449763199      1.90329171387522      4.92839893335344       o
   -1.19929900108053     -9.39178180952062      1.65138687492163       o
    2.92728573554322     -7.68710182325920      1.68905157325493       c
    1.31250550129700     -9.68610665363075      1.60792770936845       c
   -2.22856876014683     -7.07405822739742      1.77600562018507       c
    1.85639381369073    -11.65653580141678      1.50508767976087       h
    1.93933616102818     -5.21665397714716      1.82173094530843       c
    4.94887165928369     -8.02247888875594      1.65829269007614       h
   -0.74539377762415     -4.95802549263759      1.84374719953832       c
   -1.45139035600275      5.00174808601272     -1.29304358987150       c
    1.94782707845711      7.41738348097973     -3.03982346168373       c
    1.19350434488805      5.31539273414368     -1.74181234874505       c
   -3.14767995826514      6.82071719658813     -2.23317931394882       c
   -5.16526022953653      6.63350656463715     -1.93264671951508       h
    0.28160339680314      9.13419607588731     -3.89532458867785       o
   -2.19623611305039      8.84226192429906     -3.50719978680126       c
   -3.29150002172131     10.37846054321598     -4.30268188922826       h
   -4.27461473194322     -7.09008631747953      1.81298756046908       h
    3.88162577501853      7.90739097720852     -3.50144575972048       h
$end
