$coord
    3.13041145195398      6.84414072986398      6.16671529872820      te
   -2.88882735223703      0.83532981238096      4.62173474455897      te
   10.17995615204612      5.52584964305991      4.68127226690920      te
    3.63699657062229      6.75007772222080      0.97672838077940      te
    2.59236976322119     11.12045527045746      0.12781994132073      cl
   14.82421038490231      8.16312515718366      7.92347783777315       s
    0.18682739549265      3.58910599730386      4.13586877210772       f
    5.77515459680948      9.50715563663089      6.65186128552548       o
    6.24708194935603      2.72032500893253      1.62352550881169       o
    8.31599568597464      2.51163178140962      2.51606129944875       n
   -2.28352615328571     -2.57726631613249      4.74892956447724       c
    6.69965000260572      7.59979099603649      1.13325628551447       h
   -1.11952704726452     -4.26067233258627      4.72449578361448       h
   15.33331734308565      9.93273745593955      6.16911090453802       h
   12.56697296764456      3.50640099956783      4.47396156302000       h
    4.99492466291729     11.15560738893376      6.49501363912991       h
   13.21065828366532      9.68925966167183      9.16139188045570       h
$end
