$coord
    0.00000000000000      0.00000000000000      0.00000000000000      hg
   -3.41229377233330      1.49721470277512      2.47134584396707       o
   -5.73863734017983      1.23877783649471      2.04638007537545       c
   -5.73863734017983     -1.23877783649471     -2.04638007537545       c
   -3.41229377233330     -1.49721470277512     -2.47134584396707       o
    0.40952084799196     -3.70374037458107      2.47134584396707       o
    3.00277292434134      2.20652567180595      2.47134584396707       o
    1.79650555817153     -5.58919458560862      2.04638007537545       c
    3.94213159303569      4.35041674911392      2.04638007537545       c
    3.94213159303569     -4.35041674911392     -2.04638007537545       c
    1.79650555817153      5.58919458560862     -2.04638007537545       c
    3.00277292434134     -2.20652567180595     -2.47134584396707       o
    0.40952084799196      3.70374037458107     -2.47134584396707       o
   -6.91085524306781      0.00000000000000      0.00000000000000       c
    3.45542752704760     -5.98497617980217      0.00000000000000       c
    3.45542752704760      5.98497617980217      0.00000000000000       c
   -7.46073153063671      2.43471293609851      4.02360165474844       c
   -7.46073153063671     -2.43471293609851     -4.02360165474844       c
    1.62184251872396     -7.67853947418271      4.02360165474844       c
    5.83888901191275      5.24382653808420      4.02360165474844       c
    5.83888901191275     -5.24382653808420     -4.02360165474844       c
    1.62184251872396      7.67853947418271     -4.02360165474844       c
   -8.96153973661285      0.00000000000000      0.00000000000000       h
    4.48076986830642     -7.76092113977860      0.00000000000000       h
    4.48076986830642      7.76092113977860      0.00000000000000       h
   -7.03531468441883      1.59869091703763      5.86863934825814       h
   -9.47086061179364      2.19322710214010      3.60774757861811       h
   -7.02299763850278      4.45344669619715      4.15399294640869       h
   -7.02299763850278     -4.45344669619715     -4.15399294640869       h
   -7.03531468441883     -1.59869091703763     -5.86863934825814       h
   -9.47086061179364     -2.19322710214010     -3.60774757861811       h
   -0.34529926149344     -8.30881775025800      4.15399294640869       h
    2.13315044092614     -6.89210670325484      5.86863934825814       h
    2.83603993160853     -9.29861944534904      3.60774757861811       h
    6.63482068018511      7.10539234320894      3.60774757861811       h
    7.36829689999622      3.85537105406085      4.15399294640869       h
    4.90216424349269      5.29341578621721      5.86863934825814       h
    4.90216424349269     -5.29341578621721     -5.86863934825814       h
    6.63482068018511     -7.10539234320894     -3.60774757861811       h
    7.36829689999622     -3.85537105406085     -4.15399294640869       h
   -0.34529926149344      8.30881775025800     -4.15399294640869       h
    2.13315044092614      6.89210670325484     -5.86863934825814       h
    2.83603993160853      9.29861944534904     -3.60774757861811       h
$end
