$coord
    0.35568179477440      0.06467171926172     -0.01071966042182      os
   -1.69877364725489      3.27164466931640      1.74505908720198       c
   -2.00726444532267      3.40062943782114     -0.94506545262198       c
    0.85368150970749      3.49527315830281      2.50896991318867       c
    2.95348962286812      4.05449111800252     -0.10657582918588       p
    0.31523863211817      3.71467357405512     -2.23242776986855       c
    1.02200735259182     -3.63551256869562     -1.95640586815089       c
   -1.60828373377057     -3.11645922602118     -1.84757786336815       c
   -2.42392845807056     -2.96908515464001      0.65037608034215       n
   -0.33671858207353     -3.47783835609258      2.15690543216448       c
    1.83277771732265     -3.87175006628454      0.63661320496716       c
   -3.24973820817443      2.93382569971976      3.04220980783552       h
   -3.81629983257203      3.19875623188662     -1.88672864232687       h
    1.45991283185798      3.39090074977974      4.46277929764256       h
    3.41627485836275      0.37158024964427     -0.40570983731384       h
    0.47501629887196      3.79451922719004     -4.27306213295817       h
    2.16145797137440     -3.89179533616511     -3.63262223258604       h
   -2.92567701169223     -2.87921771694156     -3.39456077134040       h
   -0.49920592711926     -3.54691653873468      4.19442590454383       h
    3.72035144517302     -4.30239049345965      1.29411695431101       h
$end
