$coord
   -0.00000113383568     -0.00000113383568      0.00000000000000      pt
   -7.97600825564852      1.28318262100129     -0.00000000000000       c
   -7.97600655489501     -1.28317789668597      0.00000000000000       c
   -5.37814694830544     -2.08363848259168      0.00000000000000       c
   -4.57174865393952     -4.57174789804907      0.00000000000000       c
   -3.83304998700685     -0.00000699198667     -0.00000000000000       n
   -5.37815488515517      2.08362790012538     -0.00000000000000       c
   -4.57174619729555      4.57176377174852     -0.00000000000000       c
   -2.08364075026303      5.37814109015445      0.00000000000000       c
   -0.00000661404144      3.83303411330739     -0.00000000000000       n
   -1.28323874586723      7.97602771982762     -0.00000000000000       c
    2.08363167957763      5.37814864905896      0.00000000000000       c
    1.28324271429209      7.97602885366329      0.00000000000000       c
    4.57176018126888      4.57176018126888     -0.00000000000000       c
    5.37814902700418      2.08363167957763      0.00000000000000       c
    7.97602828674546      1.28324101353858      0.00000000000000       c
    3.83303449125262     -0.00000718095928     -0.00000000000000       n
    5.37814090118184     -2.08364112820826      0.00000000000000       c
    7.97602696393717     -1.28323685614110     -0.00000000000000       c
    4.57176339380330     -4.57174563037771      0.00000000000000       c
    2.08362790012538     -5.37815507412778      0.00000000000000       c
    1.28318073127516     -7.97600749975807      0.00000000000000       c
   -0.00000642506883     -3.83305036495207      0.00000000000000       n
   -1.28317619593246     -7.97600579900456     -0.00000000000000       c
   -2.08363791567385     -5.37814732625067      0.00000000000000       c
    9.57790830559316      2.55296273739980     -0.00000000000000       h
    9.57790736073010     -2.55295914692016     -0.00000000000000       h
    6.02267111375349     -6.02266809019169     -0.00000000000000       h
    2.55297445370178     -9.57792058881298     -0.00000000000000       h
   -2.55297124116737     -9.57792002189514     -0.00000000000000       h
   -6.02267092478088     -6.02267073580827      0.00000000000000       h
   -9.57792039984037      2.55297407575655      0.00000000000000       h
   -9.57791964394992     -2.55297067424953     -0.00000000000000       h
   -6.02266790121908      6.02267111375349      0.00000000000000       h
    2.55296235945457      9.57790792764794     -0.00000000000000       h
   -2.55295895794755      9.57790698278488      0.00000000000000       h
    6.02266846813692      6.02266865710953      0.00000000000000       h
$end
