$coord
    0.00009694295026      0.00000000000000      0.28184887222689      ni
   -2.06651964258970      3.57929567309383     -0.42849445418653       p
   -2.06651964258970     -3.57929567309383     -0.42849445418653       p
    4.13303947415201      0.00000000000000     -0.42814353204495       p
    0.00013209185620     -0.00000000000000     -2.46673302249373       h
    0.00002475541225     -0.00000000000000      3.66546586162693       c
    0.00012339911602     -0.00000000000000      5.81708667468031       o
   -0.82200667627547     -5.47845512284953     -1.82114097281192       h
   -2.90685666228648     -5.03481564759953      1.63801479490948       h
   -4.33362143022469     -3.45108928278035     -1.82109183993265       h
    5.15533255333407      2.02733409267026     -1.82109769808364       h
    5.81392743054302      0.00000000000000      1.63809510826983       h
    5.15533255333407     -2.02733409267026     -1.82109769808364       h
   -2.90685666228648      5.03481564759953      1.63801479490948       h
   -0.82200667627547      5.47845512284953     -1.82114097281192       h
   -4.33362143022469      3.45108928278035     -1.82109183993265       h
$end
