$coord
    3.01295854815998      1.52784092717987     -0.02819868222341      rh
   -1.71104911919617     -0.46252010691917     -0.01142339443111      rh
    1.06139850471376     -1.30859206746286      2.89471876240716       o
    1.83985247399282     -1.91815327601981      0.38634241219464       o
   -5.22904925772483      0.78280922108144     -0.88569082466379       c
   -4.93347379286457      0.93208756947969      1.49963676475069       c
    5.93882207582084      1.78182540973502      0.48403728447921       h
   -1.92815484051379     -0.46188005668033     -2.94825489252674       h
   -6.38803492033398      1.12320445430554     -2.51783027207521       h
    3.86973278364513      1.89377051776245     -2.78554304801725       h
   -5.62573432997918      1.45027296094450      3.34044392838232       h
$end
