$coord
    1.97089912267354      0.53312046395570     -0.05799701761240      fe
    4.73033995063146      7.58219726785907     -1.15979767792545      fe
    2.96093514380419     -3.34370162725078      0.20220712054096       c
    5.01229067909654     -1.97880025657857     -0.89451338902782       c
    5.82724187390833     -0.15531299980872      0.90259177924346       c
    4.28987729397172     -0.39041571685903      3.08953308537096       c
    2.51248102433060     -2.37823752596269      2.66306271683789       c
   -0.41817428186772     -0.05303573064144     -2.24856376331245       c
   -1.99978094089146     -0.48716402532714     -3.68669674567889       o
    3.34301641255752      3.67153207146371     -2.85604910772009       p
    0.96736913419562      4.48661781477566     -3.85340876245170       h
    5.03947627914385      6.29859267101387      1.84625070870992       c
    5.31920922502757      5.53138691855404      3.87552819572807       o
    5.36383926488836     10.27410929962552     -4.07504736982754       c
    6.29280462886282     11.23047531448042     -1.71938035476746       c
    8.19386457618335      9.55134461441389     -0.86594413151112       c
    8.46224310263955      7.56323140954162     -2.68302786233072       c
    6.71864401784245      8.03851472671517     -4.66415342690722       c
    1.54891477499076      8.36942882602036     -0.80612919736560       c
   -0.52885686387043      9.00466309783345     -0.62566677741023       o
    0.17423463853482      2.74011497681349      1.59222843163225       c
   -1.01392197038952      4.15596941096377      2.75109126204321       o
    3.87058202656612     11.10191063209347     -5.19883707231427       h
    5.62906100385123     12.89999373363491     -0.74724967765240       h
    6.40033193515310      6.83970762134522     -6.28685255848405       h
    9.23835437844032      9.72057355741380      0.88334435173325       h
    9.74626665176686      5.97948690335164     -2.56367238227316       h
    7.31233889687367      1.22083016261390      0.62829387467047       h
    4.41770838467659      0.76934945777705      4.76574340268251       h
    5.75739154917117     -2.22861373562863     -2.77941145365652       h
    1.06069968399240     -2.99776231551850      3.95964311812664       h
    1.89436767121824     -4.82944474757857     -0.71194411341468       h
$end
