$coord
   -4.68375668984693     -3.43595786774498     -4.62048601353497      rh
    0.80743405325554      1.46340939210875     -3.03973899092590       s
   -0.27214248295378     -3.22825296698592     -5.71844164809964       p
   -4.91746516696155     -4.15737612309190     -1.56943153153974       c
    1.88407452198303     -1.23100161348660     -4.38924797538475       c
   -4.39801838330770      0.15129922151729     -4.44840245024926       h
    3.02358221049461      2.71367203913366     -2.77392954713787       h
    0.95028752179831     -5.58564700275246     -5.66036771863391       h
   -7.51154928972417     -3.95400738790134     -5.62518876604663       h
   -4.51628878262376     -6.24802000940493     -5.54624470124638       h
   -5.89669819074823     -0.13343016024332     -4.65038771694304       h
$end
