$coord
    0.00000000000000      0.00000000000000      0.00000000000000      mg
    1.35661756722668     -3.92074707424969      0.00000000000000       c
   -1.35661756722668     -3.92074707424969      0.00000000000000       c
    2.37471639927229     -4.34322577428700      1.73528788032274       h
   -2.37471639927229     -4.34322577428700      1.73528788032274       h
    2.37471639927229     -4.34322577428700     -1.73528788032274       h
   -2.37471639927229     -4.34322577428700     -1.73528788032274       h
    1.35661756722668      3.92074707424969      0.00000000000000       c
   -1.35661756722668      3.92074707424969      0.00000000000000       c
    2.37471639927229      4.34322577428700      1.73528788032274       h
   -2.37471639927229      4.34322577428700      1.73528788032274       h
    2.37471639927229      4.34322577428700     -1.73528788032274       h
   -2.37471639927229      4.34322577428700     -1.73528788032274       h
$end
