$coord
    3.95724732334421      0.31380395204338      3.19213803304847       k
   -1.97370536597051      3.24428332473938      0.37364231879286       k
    3.16384524246399      1.69074382300068     -4.47124886116626       k
    2.97772725015901      4.09593810317684     -0.02370869294825       o
   -0.19550841936984     -2.15522168618630      1.73106301962305       n
   -4.55631148121697     -1.65841741200045     -0.11336391440276       n
   -0.98832411823319     -1.31543816727179     -3.22053683726861       c
   -3.07785419996762     -1.51890838075531     -1.96683999095509       c
    0.69081168409388     -1.94171627108376     -0.79906351138083       b
   -2.84896320166578     -2.15211044109260      2.11804264746735       b
    3.70741286833416      5.74567241260136      0.19498118578071       h
    3.02312262910079     -2.00210965039642     -1.17022273004425       h
   -3.87950021107211     -2.34651960677500      4.15511733345360       h
$end
