$coord
   -2.94722461384289     -2.53163887882244      2.27812153656561      ca
   -4.73013113589455      2.51226975294973      3.02014290894546      cl
   -4.32256256396326     -2.68262043737797     -2.57987073667921       s
    0.44517638950820      2.28448008703406      4.20546757429751      ca
    3.34773524766653      3.53169290506437     -1.33677241934284      ca
   -2.80854328264090      2.22931841450098     -2.04128442887694      ca
    2.61363333953513     -2.42392448964570      0.57145544814586      ca
    5.46272239696089     -0.00020994857259     -1.35261569420984       f
    0.10532086206567      4.75821662352302     -3.84213238871319       o
    0.36089573812839      1.12525272845341      0.20264553700217       o
    0.73785150271042     -1.96839410172104      4.51368833050190       n
   -1.24801292807202     -4.37879079792181     -1.75292185966665       c
    3.37480803106412      4.92666756627689      2.61900772063721       h
    1.17607842439060     -2.96203496440947      6.10797750847445       h
    0.07078044793633     -3.91407445129911     -3.31465408005161       h
   -1.65459298426684     -6.39626203199573     -2.04408254635157       h
    0.01606512871418      5.89005240190864     -5.25417241067832       h
$end
