$coord
    2.36168239126406      2.36168239126406     -2.36168239126406      sn
    0.00000000000000      0.00000000000000      0.00000000000000       n
   -2.36168239126406     -2.36168239126406     -2.36168239126406      sn
    2.36168239126406     -2.36168239126406      2.36168239126406      sn
   -2.36168239126406      2.36168239126406      2.36168239126406      sn
   -4.05942897236952     -4.05942897236952     -0.23772962533794       h
   -4.05942897236952     -0.23772962533794     -4.05942897236952       h
   -0.23772962533794     -4.05942897236952     -4.05942897236952       h
    4.05942897236952     -0.23772962533794      4.05942897236952       h
    0.23772962533794     -4.05942897236952      4.05942897236952       h
    4.05942897236952     -4.05942897236952      0.23772962533794       h
    4.05942897236952      4.05942897236952     -0.23772962533794       h
    4.05942897236952      0.23772962533794     -4.05942897236952       h
    0.23772962533794      4.05942897236952     -4.05942897236952       h
   -4.05942897236952      4.05942897236952      0.23772962533794       h
   -4.05942897236952      0.23772962533794      4.05942897236952       h
   -0.23772962533794      4.05942897236952      4.05942897236952       h
$end
