$coord
    0.00000000000000      0.00000000000000      1.84768916823696      cu
   -4.57497214876509      2.05773978603612      4.45135987163631       c
   -3.11259265739496      1.75937300671528      2.37456654399050       n
   -4.43210412933115      2.82477111677452      0.39169449452844       c
   -6.75738056883437      3.76988570227577      1.24656180737993       c
   -6.83733204663234      3.30063949315665      3.85496589677945       c
   -1.03514718526310      2.23070698525829     -2.42472176509822       n
   -3.38668155825842      2.74051975614966     -2.10179175867499       c
    1.03514718526310     -2.23070698525829     -2.42472176509822       n
    3.38668155825842     -2.74051975614966     -2.10179175867499       c
    4.43210412933115     -2.82477111677452      0.39169449452844       c
    3.11259265739496     -1.75937300671528      2.37456654399050       n
    4.57497214876509     -2.05773978603612      4.45135987163631       c
    6.83733204663234     -3.30063949315665      3.85496589677945       c
    6.75738056883437     -3.76988570227577      1.24656180737993       c
    0.13815731014728     -1.46388617001032     -4.87790696305009       c
   -0.13815731014728      1.46388617001032     -4.87790696305009       c
   -1.38960179189133      2.04285686998631     -6.45877171559680       h
    1.38960179189133     -2.04285686998631     -6.45877171559680       h
    1.74523502070430      2.28670089317723     -5.19682508090801       h
   -1.74523502070430     -2.28670089317723     -5.19682508090801       h
   -8.17195546942480      4.71058135220420      0.10335176744247       h
   -8.34497860454030      3.77326415464367      5.15575622993150       h
   -3.97152949545860      1.32303637807884      6.26582387512756       h
    8.17195546942480     -4.71058135220420      0.10335176744247       h
    8.34497860454030     -3.77326415464367      5.15575622993150       h
    3.97152949545860     -1.32303637807884      6.26582387512756       h
   -4.69704108656684      3.01802131342390     -3.71002144627836       h
    4.69704108656684     -3.01802131342390     -3.71002144627836       h
$end
