$coord
    0.81395020688289      0.81135296729544      1.04608510905247      tc
    4.75279613310346     -1.16435947679339      0.35077965623118       c
    5.12428794356504      1.14348990837671      1.67014543028306       c
    5.90752443172356      1.33487381150414      3.54919743816866       h
    4.30281832745455      3.17204533104214      0.09205460671657       c
    4.40215726146866      5.16439586880654      0.53131766523158       h
    5.16381799055723     -3.03699869907072      1.05719556483713       h
    3.15939512641009     -1.92842129189755     -3.48878667337563       h
    3.68885008859937     -0.57709250117945     -2.04881838899571       c
    3.41495564055426      2.08966746482378     -2.21771360636178       c
    2.69314262141964      3.12269381045577     -3.82730049526877       h
   -1.81886309693975      3.09146098396461      0.27307279512557       c
    0.03268167951190      1.57862372633400      4.47351861121609       c
   -0.40302378059848      2.03128664383521      6.56329927063481       o
   -3.35447193233278      4.56841064171071     -0.25528159056798       o
   -1.52741101448622     -2.37703773884535     -0.19905373455466       c
   -1.01824812040956     -2.73976537748020      2.10361799000307       c
   -2.83257228416749     -3.21659071117249     -2.48298013183383       c
   -3.15102250583664     -5.40940604198976     -3.01308723850916       o
   -3.63919470005195     -1.34042714967035     -4.02843784184986       o
   -3.18381189973772      0.26803062787642     -3.27654813066791       h
   -1.28750669232259     -3.83821215186499      3.79263838277692       h
$end
