$coord
    0.00000000000000      0.00000000000000      2.97995788287803      tl
    3.97873067480659      0.00000000000000      4.21578396716407       c
   -3.97873067480659      0.00000000000000      4.21578396716407       c
    0.00000000000000      2.46233676363441      0.00000000000000       h
    0.00000000000000      0.00000000000000     -2.97995788287803      tl
    3.97873067480659      0.00000000000000     -4.21578396716407       c
    0.00000000000000     -2.46233676363441      0.00000000000000       h
   -3.97873067480659      0.00000000000000     -4.21578396716407       c
   -4.33750273871469     -1.68888395454756     -5.34174779955866       h
   -5.17242399230723      0.00000000000000     -2.53699946492381       h
   -4.33750273871469      1.68888395454756     -5.34174779955866       h
    4.33750273871469     -1.68888395454756     -5.34174779955866       h
    4.33750273871469      1.68888395454756     -5.34174779955866       h
    5.17242399230723      0.00000000000000     -2.53699946492381       h
   -4.33750273871469     -1.68888395454756      5.34174779955866       h
   -4.33750273871469      1.68888395454756      5.34174779955866       h
   -5.17242399230723      0.00000000000000      2.53699946492381       h
    4.33750273871469     -1.68888395454756      5.34174779955866       h
    5.17242399230723      0.00000000000000      2.53699946492381       h
    4.33750273871469      1.68888395454756      5.34174779955866       h
$end
