$coord
   -3.20613069912037      3.46808963695424     -3.22566687678261      ge
   -0.62854766488918      3.64225152103322      1.49767012677146      ge
   -0.99074277870174     -2.69983962183724      5.21567226442475      ge
    2.16678699904946     -0.44795145232410     -3.00310116976941      ge
   -2.78420020863218     -0.39223703489918      1.62326812811334       o
   -3.44354474019528      4.91954310980960     -0.03030213637416       o
    2.27916447641450     -2.05132889015398      4.13904691350627       n
    0.41996555326247      2.61658811530560     -2.08337316504361       c
   -4.10135613695243     -1.22975496116133     -0.05301210906487       c
   -1.26621420319892     -5.13112383885290      3.45350926605719       h
   -4.21302156551322      0.38082781341402     -1.92125601734594       h
    1.59876593916482      4.21216892108521     -2.73490802544616       h
    2.94821218471629     -2.69108414275069      2.46938619797450       h
    2.73084700400159     -0.63892887536185     -5.87182240294462       h
    0.65403723573848     -2.83686952137781     -2.32202781132018       h
    3.04867966317279     -0.35768509344047      4.56773090722322       h
    4.78729913065551     -0.76266530749710     -1.72081408997919       h
$end
