$coord
    0.00003703863207     -0.00003325917982      0.00000188972613       v
   -2.03642537608939      2.03642386430849      1.93279562993380       n
    2.03648584732542     -2.03648773705155      1.93276520534317       n
   -2.03646335958452     -2.03644049389840     -1.93278542541272       n
    2.03644635204939      2.03646921773551     -1.93277937828911       n
   -4.33999188596774      1.07877434746887      3.13968509394426       c
    4.34000152357098     -1.07878719760653      3.13970040072588       c
   -1.07878549685301     -4.33999150802251     -3.13968131449201       c
    1.07877283568797      4.33999868898179     -3.13970058969849       c
   -1.07877793794851      4.33999113007728      3.13968528291687       c
    1.07878474096256     -4.34000209048882      3.13970115661633       c
   -4.33999661028305     -1.07877113493446     -3.13970399120552       c
    4.33999339774864      1.07878738657914     -3.13967829093021       c
   -4.96310035214871     -0.68125968544525      2.25538699743526       h
    4.96305254207773      0.68127971654218      2.25544236641075       h
    0.68125155962291     -4.96307351803772     -2.25539720195634       h
   -0.68127348044597      4.96308164386007     -2.25542498093039       h
    0.68125609496561      4.96310261982006      2.25538491873652       h
   -0.68128406291227     -4.96305103029683      2.25544444510949       h
   -4.96308428947664      0.68127310250074     -2.25542460298517       h
    4.96307087242115     -0.68125231551336     -2.25539757990157       h
   -5.86280292911827      2.48077028610219      2.95826212619910       h
    5.86286037679250     -2.48073343644274      2.95823056777279       h
   -0.72632965354815     -4.02368461372536     -5.16227748581939       h
    0.72632776382202      4.02365381118951     -5.16229506027236       h
   -0.72630206354671      4.02369255057509      5.16228202116209       h
    0.72635346409734     -4.02364965379203      5.16228787931309       h
   -5.86282522788656     -2.48075119986832     -2.95826987407621       h
    5.86282862939358      2.48076518384165     -2.95823000085496       h
   -4.02369406235599      0.72630187457410      5.16228296602516       h
    4.02364851995636     -0.72635346409734      5.16228712342263       h
   -2.48076707356778     -5.86282371610566     -2.95823472517027       h
    2.48074968808742      5.86283033014710     -2.95826533873351       h
   -2.48077312069138      5.86280103939215      2.95826382695261       h
    2.48073022390832     -5.86286169960079      2.95822848907405       h
   -4.02365645680609     -0.72632285053410     -5.16229789486155       h
    4.02368196810879      0.72633437786346     -5.16227446225759       h
$end
