$coord
    0.00000000000000      0.00000000000000      0.00000000000000      xe
    5.63345575092964      0.00000000000000      0.00000000000000      si
    2.95923325645520     -2.95923325645520     -2.95923325645520      si
    0.00000000000000      0.00000000000000     -5.63345575092964      si
   -2.95923325645520      2.95923325645520     -2.95923325645520      si
    0.00000000000000      5.63345575092964      0.00000000000000      si
    2.95923325645520      2.95923325645520      2.95923325645520      si
    0.00000000000000     -5.63345575092964      0.00000000000000      si
   -5.63345575092964      0.00000000000000      0.00000000000000      si
    0.00000000000000      0.00000000000000      5.63345575092964      si
   -2.95923325645520     -2.95923325645520      2.95923325645520      si
    7.34869099143992      1.58770971851998     -1.58770971851998       h
    7.34869099143992     -1.58770971851998      1.58770971851998       h
    4.60320427914093     -4.60320427914093     -4.60320427914093       h
   -1.58770971851998     -1.58770971851998     -7.34869099143992       h
    1.58770971851998      1.58770971851998     -7.34869099143992       h
   -4.60320427914093      4.60320427914093     -4.60320427914093       h
   -1.58770971851998      7.34869099143992      1.58770971851998       h
    1.58770971851998      7.34869099143992     -1.58770971851998       h
    4.60320427914093      4.60320427914093      4.60320427914093       h
    1.58770971851998     -7.34869099143992      1.58770971851998       h
   -1.58770971851998     -7.34869099143992     -1.58770971851998       h
   -7.34869099143992      1.58770971851998      1.58770971851998       h
   -7.34869099143992     -1.58770971851998     -1.58770971851998       h
   -1.58770971851998      1.58770971851998      7.34869099143992       h
    1.58770971851998     -1.58770971851998      7.34869099143992       h
   -4.60320427914093     -4.60320427914093      4.60320427914093       h
$end
