$coord
   -0.00000000000000      0.00000000000000      0.00000000000000      pd
   -2.17201757199336     -2.13264890761233      3.18673473913666       p
    2.17201757199336      2.13264890761233      3.18673473913666       p
    1.37929295792928      0.43548001578356      6.21322467122121       c
   -1.37929295792928     -0.43548001578356      6.21322467122121       c
   -4.82085367466497     -2.35104134344908      3.57197959839737       h
   -1.63579134314974     -4.65085958155668      3.96505699450475       h
    1.63579134314974      4.65085958155668      3.96505699450475       h
    4.82085367466497      2.35104134344908      3.57197959839737       h
    2.64294488147409     -1.20656291933591      6.30556009124009       h
    1.77299094009641      1.62451326865770      7.86191037161846       h
   -2.64294469250147      1.20656291933591      6.30556009124009       h
   -1.77299094009641     -1.62451326865770      7.86191037161846       h
   -2.17201757199336      2.13264890761233     -3.18673473913666       p
    2.17201757199336     -2.13264890761233     -3.18673473913666       p
   -1.37929276895667      0.43548020475617     -6.21322486019382       c
    1.37929295792928     -0.43548020475617     -6.21322467122121       c
   -4.82085367466497      2.35104134344908     -3.57197959839737       h
   -1.63579134314974      4.65085958155668     -3.96505699450475       h
    4.82085367466497     -2.35104134344908     -3.57197959839737       h
    1.63579134314974     -4.65085958155668     -3.96505699450475       h
   -2.64294488147409     -1.20656310830852     -6.30556009124009       h
   -1.77299094009641      1.62451307968509     -7.86191018264585       h
    2.64294488147409      1.20656291933591     -6.30556009124009       h
    1.77299094009641     -1.62451326865770     -7.86191037161846       h
$end
