$coord
    3.52485171854336      9.03789374278493      1.90047451016672      na
    4.23176745970961      4.41139084126507      5.59722762239725      na
    0.36925154013932      1.80189808064442      1.86636684332021      na
    5.48800390896374     12.52244119354231      5.77615142734090      na
    5.95684363799317      8.19241704597090      5.53180473700048       o
    2.61811199045353      0.58197914396843      5.80799142283632       o
    8.22551956749104      9.20767184019702      6.63797123158222       n
    1.24712910316293     -1.19240471325538      5.00237868762093       c
    8.76928448076876      7.87899066120748      8.99768226055174       c
   10.58100157836339      8.54388134997750      9.76057584696485       h
    7.28230510160939      8.29349282726733     10.37767044872274       h
    3.54047313956318     13.00231673417444      2.47909542183680       h
    2.09172556554751      5.30791376505518      1.98423340816317       h
    8.86850190539297      5.80629822822750      8.75251240551087       h
    9.64977118865441      8.77417471403738      5.41150344901690       h
    1.38625962226505     -2.90777147870403      6.28974270562101       h
$end
