$coord
   -0.87524763117419     -0.14894292201090     -0.20941831543742      fe
    2.39061447619694     -2.72997206080529     -0.30631496740641       c
    2.58979709007338     -0.99351481795584      1.75276482342559       c
   -1.00651481089379     -3.37288391192272      2.34540788089513       c
    0.12034928702718     -4.12023733553943     -0.03077078845338       c
    0.47981544734132     -1.44120851163636      3.41597439190873       c
    4.40289708924695     -3.20797733949060     -2.22528668381135       c
    5.44683433558471     -1.49570329981962     -2.72379284534619       h
    3.64676569880279     -4.03747262245782     -3.95921471721389       h
    5.77183453697887     -4.55737804264244     -1.44454898050913       h
   -0.82167578523083     -6.18760924461191     -1.69988499518954       c
   -0.00271421363464     -6.06433844099409     -3.59264432050201       h
   -2.87633664049000     -6.07511838367933     -1.89255296721953       h
   -0.33702944202124     -8.04945454023066     -0.92171769736377       h
   -3.16940009241110     -4.63098948928799      3.63735599653144       c
   -2.42058609947167     -5.88764054445414      5.11259205062658       h
   -4.30142597724498     -5.74559909122767      2.32712572549004       h
   -4.42642776999415     -3.26002927871090      4.53415104088368       h
    0.05993077435704     -0.29558075609342      5.96294272906454       c
    0.62786377300421     -1.62618114093643      7.45008783720514       h
   -1.93313634755430      0.15908394829297      6.27539420411961       h
    1.16302646398418      1.42844870288901      6.23688517615325       h
    4.88658212877629      0.52361892099463      2.38436496292595       c
    6.11479393958321     -0.56398951816763      3.65637382231735       h
    4.43658731559225      2.29607639140570      3.34576445228982       h
    5.99569867481319      0.98287036863382      0.70528982080752       h
   -5.15560240622485     -1.49630990190603     -0.80382297560154      cl
   -1.78146749560678      1.26892652710744     -3.96279442541420       c
    0.80651734711186      1.30122119070875     -3.62635174335506       c
    2.36942667790064      3.62039740530493     -3.07703141321240       c
    1.22420332374864      5.23784442106003     -0.95839747044026       c
   -0.15877989135931      3.62939741495218      0.97111381548671       c
   -2.74982231094967      3.20976010711779      0.91493376954438       c
   -4.42081717312632      4.24430787125375     -1.14835916568533       c
   -3.47996902229954      3.56978600431042     -3.83837164475002       c
    2.60711283953769      4.73887168614471     -4.81790154451107       h
   -0.07465703211101      6.64567829061412     -1.74320696662597       h
    4.27192432885776      3.01628427716897     -2.52790572486071       h
   -2.46980363847571      5.17746124626845     -4.67193928751857       h
   -2.56564109895113     -0.36297519275734     -4.92529392435596       h
    1.83611081626353     -0.24249759332622     -4.50203155489424       h
   -5.12335082837921      3.22212609694050     -5.04309434878452       h
   -6.31866666473155      3.48483090967627     -0.88741425489062       h
   -3.70437664536766      2.72259381411930      2.67107817917354       h
   -4.55209191175044      6.31238502611642     -0.94944092449390       h
    2.72485978471687      6.30608127770561     -0.01101483564269       h
    0.75199477995455      3.49555227085161      2.80091861566809       h
$end
