$coord
   -0.20356810129684      1.22153162895183      0.04952216285554      sc
   -1.26514972047220     -3.43879396871474     -0.20684375256349       c
   -2.37700882603562     -2.56951900593410      2.06255310745142       c
   -4.35188771193032     -0.87793916809532      1.42436859521056       c
   -4.45350811229624     -0.69592622785364     -1.24000370183258       c
   -2.54344910019153     -2.27784544757861     -2.24813158294745       c
    3.30615031248503      0.89053003532702      2.48991826130510       c
    4.39763703657549     -0.05621292717693      0.08377817320293       c
    6.10716284754157     -1.99259431243464     -0.10159224344664       c
    3.19102555127815      1.09474196631495     -1.96250892764712       n
   -1.76687030614720      4.77626539775156      0.13629215046101       n
   -5.51727255411964      0.16754878750136      2.74341708424590       h
   -1.75871462613301     -3.04997525940471      3.95243078939450       h
   -5.71197670605029      0.50850602527530     -2.31458550291851       h
   -2.09377421764060     -2.51301751757775     -4.23185060765915       h
    0.39754773223082     -4.62599551005505     -0.34437990973318       h
    3.79068610671625     -0.23848022455515      4.14629949340489       h
    3.81142018176971      0.39491439887437     -3.63455712316636       h
   -3.60099218566321      5.29937012426734      0.26950952754255       h
   -0.73322488623636      6.37552304365435     -0.07094693280802       h
    3.73654110683890      2.89986070719575      2.79216011301973       h
    7.02838789330432     -2.73473417064258      1.57308002577103       h
    6.61984289988377     -2.79464472493007     -1.92561485962796       h
$end
