$coord
    0.83075270673140      1.84144419030868      3.81980111713811      ag
   -0.19849305281310     -1.40135607736709     -3.87705207087600      ag
    1.24585599467191      1.24982441953631      8.07581338509789       c
   -0.65651636744306      2.96955683028103      7.70838694245097       c
    0.89807136537768     -0.90848526811233     -7.93671253469594       c
   -0.91748301008823     -2.77370145719447     -7.79805784863233       c
   -2.53743655857673      1.23316648373644      0.22935379223008      si
   -2.71963601478703     -3.03682295454101     -0.16206215666740       p
    1.31671165370804     -2.11438546049588      0.96845969514288      si
    1.64521994268234      1.92073596471609     -0.90195853201867       p
    2.89443076814557     -1.38189473285943     -8.01701606847117       h
    0.39086603859484      1.02705140956710     -8.39792570702644       h
   -0.39400090526511     -4.75881094238961     -7.76920248658016       h
   -2.89595917863620     -2.35229026344569     -8.15004749650193       h
   -0.29128805422580      4.98992917190345      7.78314488593711       h
   -2.62358274758804      2.38426008312596      7.65280442790965       h
    3.17157856868904      1.85958102577469      8.45061089347152       h
    0.84090885082248     -0.74780223357162      8.32165995106444       h
$end
