$coord
    2.13149485186723      4.07705973917902      1.87402949378815      be
   -0.82259022370315      3.85326816682794      2.30682345285635       o
   -0.59816616001773      5.81831915405963      0.00000000000000      be
    2.24378124443300      6.48631504079974      0.00000000000000       o
    3.49346941471563      2.13829219674213      0.00000000000000       o
   -1.51566712250416      2.01778133813118      0.00000000000000      be
   -0.82259022370315      3.85326816682794     -2.30682345285635       o
    2.13149485186723      4.07705973917902     -1.87402949378815      be
   -2.21895440053605     -5.19060655914549      0.00000000000000       c
   -0.85543914397720     -2.69453534957443      0.00000000000000       c
   -2.35351556186573     -0.73310224301079      0.00000000000000       o
    1.57940985240238     -2.44784067452258      0.00000000000000       n
   -3.44441136859662     -5.29407756830651      1.66292497572858       h
   -0.92399784090729     -6.79638829552536      0.00000000000000       h
   -3.44441136859662     -5.29407756830651     -1.66292497572858       h
    2.47494331559296     -4.14008191650543      0.00000000000000       h
    2.93990929503689      0.26837040063386      0.00000000000000       h
$end
