$coord
   -3.58338239481371      1.94065518986406     -4.67190073710560      cu
   -0.59307448194409     -1.07818172935578      0.77819299810108      cu
   -4.05066933588549     -2.46021006585232     -3.83557711775503      cu
   -0.99136752215897      3.43929852559036     -1.41199107805848      cu
    0.55946192334257      2.16922361191621      1.49003620014063       o
   -1.65842818343937     -4.41043766340716      0.39520579464299       o
    3.29281413726927      2.56029544168616      1.73404727512109       n
   -3.07538886326376     -4.95130921701350     -1.46017644865255       c
    4.08027680893576      1.22266546462738      4.01103119655890       c
    6.14144795967130      1.38286000496455      4.15726727486705       h
    3.22641974367118      2.12923700709200      5.66025773657339       h
   -2.42075806454913      4.61348193262190     -3.70687750892269       h
   -4.95086324164778     -0.41256954315089     -5.94178932378374       h
    3.54949847154051     -0.79974551353967      4.00800933551096       h
    4.06969623235680      1.65064648022550      0.22154752257656       h
   -3.59568318908509     -6.99591011524140     -1.42728293084193       h
$end
