$coord
   -1.48662524448337     -1.01123496881109     -1.13034988673282      nb
   -3.78339327565115     -0.98885532024719      1.16387665176823       o
    2.05265207638734     -0.19043488266701      1.33211802389473       n
   -0.80943395041458      2.61013413366779     -1.92077697177302       o
    2.83470049373049      2.02328308677415      2.06734677571501       c
    3.18586622100919     -2.43899108707495      2.20064541101997       c
    5.11597277066582     -2.68119728463255      3.98674878275882       c
    6.00528506647731     -5.06437436571575      4.62074188245241       c
    5.92305552383455     -1.03811651192474      4.91234967833872       h
    4.98541480516127     -7.21439306895958      3.47497844457363       c
    7.49258853366726     -5.25212697111964      6.01973277860032       h
    3.07081270247726     -7.00498930441333      1.69771237706258       c
    5.69365618920484     -9.07209306134854      3.98421579385965       h
    2.16773280697548     -4.61284282724612      1.04911811948455       c
    2.25322212718542     -8.65068489116156      0.78811991841308       h
    0.35914301714661     -4.29224814436929     -0.67869646092807       o
    1.88940884089124      4.40498674839698      1.22198554116728       c
    4.37559659385119      2.13658123870773      3.44094183142945       h
    2.85444378537614      6.62631899131726      2.33749049534542       c
    0.10522240733451      4.62664198536272     -0.76878556350108       c
   -0.65312412007445      7.03324392253006     -1.57213837524250       c
    2.07671339223068      8.98317728972711      1.54599703785236       c
    4.22961203809040      6.44677214366990      3.85452029935896       h
    0.31641989991948      9.17199173224114     -0.42257526504235       c
    2.82483196595577     10.67410328232633      2.43074545609716       h
   -0.29897130270852     11.02281879071018     -1.06323928693301       h
   -2.00870384971277      7.15917564950578     -3.10568192895251       h
   -3.60285734534948     -2.16917429006432     -4.97845513281216       s
   -6.95619241844491     -2.68127551929416     -3.98435903510000       c
   -8.59094138866360     -3.22127609812907     -6.28380896558566       c
   -7.59014432210896     -0.98983249762689     -2.98450078448471       h
   -6.97489220332383     -4.26470122868670     -2.65820838836566       h
   -8.56543613308744     -1.63576167444956     -7.61013460095926       h
  -10.54918123601968     -3.53416825731670     -5.68397682301533       h
   -7.94245484547474     -4.91045673967840     -7.28369726284635       h
$end
