$coord
   -2.55146626328069     -2.55146626328069      5.04422270425429      na
   -3.15681281565904     -3.15681281565904     -1.41132872905135      na
   -2.55146626328069      2.55146626328069     -5.04422270425429      na
   -3.15681281565904      3.15681281565904      1.41132872905135      na
    2.55146626328069      2.55146626328069      5.04422270425429      na
    3.15681281565904     -3.15681281565904      1.41132872905135      na
    2.55146626328069     -2.55146626328069     -5.04422270425429      na
    3.15681281565904      3.15681281565904     -1.41132872905135      na
$end
