$coord
   -2.11174324542663     -2.87660743824385     -2.90291223694387      cl
   -3.02901819666840     -0.69220403430344     -0.65219248509437       c
   -1.34146158575167      0.32693981628979      0.94223936720068       c
    1.34147065643708     -0.32692696615214      0.94224239076248       c
    3.02902405481939      0.69219685334417     -0.65220042194410       c
   -6.19241311739659      0.05426084008887     -0.64671379111014      cl
   -2.27165130328311      2.47455800043589      3.25964566430734      cl
    2.27163958698113     -2.47455403201102      3.25965416807490      cl
    2.11173719830303      2.87660857207952     -2.90290430009414      cl
    6.19241576301316     -0.05427142255517     -0.64672985378221      cl
$end
