$coord
   -3.13181457360247     -3.39999316703454      0.84131041762423      in
   -6.15839105514358     -6.59195262096411      1.69451099203268      cl
    3.19416778788031      1.36245266355825     -1.12033698388208      cl
   -1.62037514638719      5.17585724673278     -6.19097352403387       p
    3.61002167503802      3.46268010694622      6.55178025606173       p
    1.09263473271195     -3.82221127383909      3.35455867076196       p
   -1.94596002904471     -2.83947318603408     -3.91429592720107       p
   -3.55183171638817      1.39149832103129      1.65369347463091       p
   -1.50911752072437      2.01574610309358     -2.65628464716948      in
    0.95114866999389      1.21008933725946      3.33518198598473      in
    0.80740438455536      4.37530387527429     -7.02918138930459       h
   -0.58990616712139      7.09887278807455     -4.61774175325492       h
    3.40193334884801      5.78823414721734      5.21612542074975       h
    5.85077179876507      2.75741523052356      5.24026723892606       h
    0.62722504557365     -4.97404829148655      5.71373339545694       h
    3.13975671456443     -5.29998825368312      2.49248205274012       h
   -4.07544175567001     -3.39897025828259     -5.41855420616528       h
   -0.09222619384880     -4.31151257941463     -5.14627566293043       h
$end
