$coord
   -4.43582292137432     -0.48208595328160     -0.35728598328268      si
   -3.11152326138031     -2.19958168418369     -2.11507369875093       h
   -6.53608003346246      0.84446002415828     -1.66225412295388       h
   -5.47440166030946     -1.90243434513190      1.82856230525359       h
   -2.22962039273590      1.56860213074308      0.59524577726276       o
   -2.69633342398323      2.82099960137243      1.82561754503159       h
    4.67550538969077     -0.49739972688811      0.16323000741321      si
    7.18663072449865     -0.37903521921098     -1.06927072580907       h
    3.69677049771088     -3.13328307977491      0.01858715720182       h
    4.94677047280429      0.15448114236810      2.88902520656241       h
    2.85171558776816      1.52528053725187     -1.35668446353153       o
    1.12638902077292      1.67999657257742     -0.75969957131511       h
$end
