$coord
    7.02030005445805      4.93394301186163      2.62555807830745      si
    2.47049490029257      1.08340115291554      1.18388185945492      cl
    6.27420329871506      1.29091122291102     -0.06125736209743      si
    3.55083526380198      7.72797622141736      3.08006990385025      si
    8.57086833980898      3.91533924499518      8.26100541160118      si
    9.37092981555690      6.64544131895793      1.65756476757244       f
    0.12628567267910      8.33225640134286      6.95211457843782       f
    2.23180926250754      4.71564468438595      7.17580467249593       f
    7.91539415632435      3.50294242281220      5.23006517449012       o
    6.14669459528727      8.55896212035270      8.30534972487173       o
    8.51175940734410      7.40252154088992      9.02415259926039       c
    1.12250261002238      6.40795036602970      5.49519299406453       c
   -0.47016083656405      5.40171013234200      4.62126911604154       h
    4.21585313114028     10.36242357142108      3.73703243563164       h
    9.97164030283055      8.37990527868978      7.92285555095989       h
    8.95227611017104      7.76021116967310     11.02902106082802       h
    2.16037043398894      7.75211501603187      0.62821564000886       h
    6.65211375293590      2.55403440108580      9.78546637463224       h
   11.11947771513253      2.85353199252039      8.77071349166517       h
    4.80519540398570      7.77452112076153      9.26147820115261       h
$end
