$coord
   -3.36392925570249     -1.47055369070036      0.00000132280829      ru
    3.19723575824572      0.83146588937132      0.00000869274018      ru
   -2.28550035016944     -5.83227667122558      0.00000245664396      cl
    0.85102039737699      4.71062859535734      0.00000812582234      cl
    0.11940215629287     -0.84291517305036      3.05639881645190      cl
    0.11940442396422     -0.84291498407774     -3.05638917884866      cl
   -5.20725731398609      2.01014571074684     -1.32871254844323       c
   -6.15531930532592     -0.14037244711207     -2.67314364982916       c
   -5.93197824368325     -0.23994873072759     -4.70944751652865       h
   -7.14163861311213     -2.24375138676021     -1.35221053692845       c
   -7.66353070237291     -3.94436543828912     -2.36912318788482       h
   -7.14164106975610     -2.24374156018436      1.35219409631115       c
   -6.15532138402465     -0.14037565964648      2.67316802729618       c
   -5.93199751888974     -0.23994457333011      4.70942975310307       h
   -5.20727224282248      2.01014949019909      1.32870234392215       c
   -4.22605425071315      3.50488789585882      2.33031633908102       h
   -4.22605198304180      3.50488525024224     -2.33031331551922       h
   -7.66354052894877     -3.94436846185092      2.36912262096699       h
    6.04064675558097     -1.87613502663764     -1.32984052596779       c
    6.27171547427030      0.46223815978119     -2.67752762546865       c
    6.54391899537795      2.76451719924995     -1.35246489406499       c
    6.03513707008827      0.48490977103154     -4.71422946849026       h
    6.50490635539904      4.54355601883971     -2.36815432530007       h
    6.54393883750227      2.76453912007301      1.35246092564013       c
    6.27170243516004      0.46223135676713      2.67752705855081       c
    6.50492581957813      4.54354827096259      2.36814865612169       h
    6.03516428214448      0.48491166075767      4.71422285444882       h
    6.04068058167862     -1.87614220759692      1.32984336055698       c
    5.61061274151966     -3.60240475594233     -2.34748563477057       h
    5.61062048939678     -3.60240343313404      2.34748676860624       h
$end
