$coord
   -0.17280732839193      1.37009018066872      0.03573906741101       y
   -1.46890150314848     -3.56329403917748     -0.21852471666556       c
   -2.58531333689444     -2.69788545605044      2.05115087795291       c
   -4.57891336157328     -1.02619441876900      1.41084155765609       c
   -4.68384512902963     -0.84834794668973     -1.25201272239011       c
   -2.75763160416498     -2.41484057615846     -2.26089328142093       c
    3.63879275530497      0.93930197691057      2.52798169185097       c
    4.67085420677707     -0.03780869546410      0.10051509955487       c
    6.29926276789811     -2.04495900132877     -0.08080620092472       c
    3.54729316115158      1.16856430639615     -1.97123643878701       n
   -1.88222334627009      5.19921218295026      0.10631693670663       n
   -5.78320558599630     -0.02365615856195      2.72988872388314       h
   -1.98730723667957     -3.20101256488096      3.94307003102981       h
   -5.98488207144110      0.30906395200177     -2.32961903014056       h
   -2.33795763564374     -2.68487525859140     -4.24779725054523       h
    0.17495934850411     -4.77687407853672     -0.35795645811215       h
    4.18886462952790     -0.17315050265639      4.17591509227750       h
    4.24733181100042      0.49163209377923     -3.62117975192106       h
   -3.72791658577287      5.68914711369581      0.24386065278083       h
   -0.90087874251032      6.84029759384173     -0.03071636434096       h
    4.12867080529413      2.94372087263285      2.79757191069910       h
    7.18135309737421     -2.83002455540454      1.59532625967045       h
    6.78340474320470     -2.86499261455618     -1.90512115773772       h
$end
