$coord
   -1.12809393168371     -0.96742563700678     -0.44186804597958      hf
    0.47663088087394     -4.64900538228194     -3.31802289481627       c
   -2.09627413633257     -4.29729050059105     -3.94692280465531       c
   -2.34609933168460     -1.87465140265619     -5.07308827082754       c
    0.07568031880819     -0.74100545561456     -5.14867523716511       c
    1.81948746245175     -2.46099279041367     -4.05971961224769       c
   -4.45404914088609      2.04430647889749      1.41014991789400       c
   -5.76602910934747      0.49021517713003     -0.33224087601819       c
   -5.80760837535060     -2.00471085840873      0.64985848435627       c
   -4.48015287272632     -1.99975146116390      2.96783699053385       c
   -3.64322454101545      0.50299237135774      3.44036697674195       c
    2.05252489781906      1.19286316081352      1.34399551951390       c
    1.06687984431457      2.60440032665656     -0.46462072648073       c
    1.80364418758476      5.14902237985444     -1.45885231755613       c
    4.08119672761385      1.39039113049413      3.14617346859756       c
    6.03496850651784     -0.68343211459959      2.99570043534252       c
    4.20964462492622      3.17688302992447      4.96743198237452       c
    2.13821547386141      5.09170887618178     -3.51019783730001       h
    0.26335695722182      6.51688041602324     -1.17616988713509       h
    3.50831982747608      5.91481121566506     -0.53914680057122       h
    0.17542951236423     -3.58138495429863      1.59750473594839       h
    2.77896075397549      4.64471362527739      5.09901928169986       h
    5.68639605040172      3.14756827545110      6.39806974400778       h
    7.46057147083384     -0.52124769265185      4.48911395401537       h
    6.98941304784792     -0.63195427417635      1.15430140948825       h
    5.08425126099850     -2.51951477394384      3.11973260961647       h
   -6.60262560515063      1.10855643121318     -2.09345768851451       h
   -6.63296175659505     -3.64026730860102     -0.25817495023936       h
   -4.10951786409022     -3.62501646287449      4.14580400721468       h
   -2.46821324496815      1.09726134918601      5.00344128062153       h
   -4.05840455183667      4.03530926398888      1.18304244310979       h
   -3.61088679165846     -5.61935253587937     -3.57489790245361       h
   -4.08323895463812     -1.03794473581989     -5.75561123818795       h
    0.51224333663451      1.12015481428355     -5.86853144489635       h
    3.80322387264381     -2.10110276452949     -3.72633034966278       h
    1.26634100382197     -6.27198702791460     -2.36501435636926       h
$end
