$coord
    0.00002702308360     -0.00002966870018      3.84191563712655      re
   -2.85457398750621      0.84226151678340      1.26318667297261       c
   -2.94549948286255     -1.14840508603019     -0.71082123815066       c
   -1.14845346301902     -2.94557450498975     -0.71092592897804       c
    0.84231178349835     -2.85455206668315      1.26324884496215       c
    2.85455754688892     -0.84231556295060      1.26324657729080       c
    2.94552178163084      1.14847122644460     -0.71089455952435       c
    1.14843683342911      2.94546641265535     -0.71082104917805       c
   -0.84228060301728      2.85458551483558      1.26319649954846       c
   -4.72575982142010      1.54965857119392      1.86334422638182       h
   -4.45473775708637     -1.17228971248077     -2.12619020165920       h
   -1.17229859419356     -4.45469712797466     -2.12613199809452       h
    1.54964874461807     -4.72573979032317      1.86332684090146       h
    4.72574035724100     -1.54964874461807      1.86332891960020       h
    4.45472566283916      1.17230123981013     -2.12615486378064       h
    1.17228933453554      4.45475287489538     -2.12619832748154       h
   -1.54965554763212      4.72575509710479      1.86334384843660       h
$end
