$coord
    0.00000000000000      0.00000000000000     -2.28104210829320      sn
    0.00000000000000      0.00000000000000      2.60312646227508      si
    1.90326053339415     -3.29654407869659     -3.82735964369652       c
    1.90326053339415      3.29654407869659     -3.82735964369652       c
   -3.80652125576091      0.00000000000000     -3.82735964369652       c
    3.35836779171395      0.00000000000000      3.81413722999354       c
   -1.67918380137067     -2.90843174901242      3.81413722999354       c
   -1.67918380137067      2.90843174901242      3.81413722999354       c
    1.85870419285227     -3.21937012035848     -5.89238148935882       h
    3.87462604047556     -3.35409795553246     -3.21154967775902       h
    0.96742091269147     -5.03257348755114     -3.21154967775902       h
   -1.69369633109980     -2.93356794107618      5.88694814880161       h
   -3.64460082855295     -2.96814482691976      3.16719686072090       h
   -0.74818830461914     -4.64038917601087      3.16719686072090       h
   -1.69369633109980      2.93356794107618      5.88694814880161       h
   -0.74818830461914      4.64038917601087      3.16719686072090       h
   -3.64460082855295      2.96814482691976      3.16719686072090       h
   -4.84204695316702     -1.67847572099129     -3.21154967775902       h
   -4.84204695316702      1.67847572099129     -3.21154967775902       h
   -3.71740857467715      0.00000000000000     -5.89238148935882       h
    3.38739247322699      0.00000000000000      5.88694814880161       h
    4.39278913317209     -1.67224453806372      3.16719686072090       h
    4.39278913317209      1.67224453806372      3.16719686072090       h
    0.96742091269147      5.03257348755114     -3.21154967775902       h
    3.87462604047556      3.35409795553246     -3.21154967775902       h
    1.85870419285227      3.21937012035848     -5.89238148935882       h
$end
