$coord
   -0.32007765380878      1.99563412588077      0.00000000000000       s
    2.25293451086906      3.25546653497989     -0.00000000000000       o
   -0.25830382956115     -0.34391995039414     -2.58495221023178       c
   -0.25830382956115     -0.34391995039414      2.58495221023178       c
   -0.15220024293413      0.72463778174762     -4.34829685434588       h
   -1.98287582891432     -1.48420261558995     -2.54882140259487       h
    1.42695166185206     -1.52206573516648     -2.37217263893420       h
   -1.98287582891432     -1.48420261558995      2.54882140259487       h
    1.42695166185206     -1.52206573516648      2.37217263893420       h
   -0.15220024293413      0.72463778174762      4.34829685434588       h
$end
