$coord
   -0.00006973089405      0.00000000000000      3.83132844650615      na
   -0.70417431547539     -2.16711033118961     -0.32759725200900       c
   -0.70417431547539      2.16711033118961     -0.32759725200900       c
    1.84358827357113      1.33938969002723     -0.32769778543889       c
    1.84358827357113     -1.33938969002723     -0.32769778543889       c
   -2.27868259625239     -0.00000000000000     -0.32754793015711       c
   -1.33644096138036     -4.11286438008659     -0.43863415766031       h
   -1.33644096138036      4.11286438008659     -0.43863415766031       h
    3.49874666389484      2.54201290833584     -0.43862678772842       h
    3.49874666389484     -2.54201290833584     -0.43862678772842       h
   -4.32468680510140      0.00000000000000     -0.43866855067580       h
$end
