$coord
   -3.35404012991301      3.35404012991301      1.81394206113528      cl
   -1.49117060273401      1.49117060273401     -0.23460912058623       c
   -1.49117060273401     -1.49117060273401      0.23460912058623       c
    1.49117060273401     -1.49117060273401     -0.23460912058623       c
    1.49117060273401      1.49117060273401      0.23460912058623       c
   -2.27507964442074     -2.27507964442074      3.40272098669729      cl
    3.35404012991301     -3.35404012991301      1.81394206113528      cl
    2.27507964442074      2.27507964442074      3.40272098669729      cl
   -2.27507964442074      2.27507964442074     -3.40272098669729      cl
   -3.35404012991301     -3.35404012991301     -1.81394206113528      cl
    2.27507964442074     -2.27507964442074     -3.40272098669729      cl
    3.35404012991301      3.35404012991301     -1.81394206113528      cl
$end
