$coord
   -3.68167253082794      0.00000000000000      2.89012767278427      ga
   -3.68167253082794      0.00000000000000     -2.89012767278427      ga
    1.84083626541397     -3.18842188662187      2.89012767278427      ga
    1.84083626541397     -3.18842188662187     -2.89012767278427      ga
    1.84083626541397      3.18842188662187      2.89012767278427      ga
    1.84083626541397      3.18842188662187     -2.89012767278427      ga
    4.33100963974607      0.00000000000000      3.96849440632778       s
    4.33100963974607      0.00000000000000     -3.96849440632778       s
   -2.16550481987304      3.75076450847077      3.96849440632778       s
   -2.16550481987304      3.75076450847077     -3.96849440632778       s
   -2.16550481987304     -3.75076450847077      3.96849440632778       s
   -2.16550481987304     -3.75076450847077     -3.96849440632778       s
   -6.76076582421632      0.00000000000000      0.00000000000000       s
    3.38038291210816     -5.85499495871125      0.00000000000000       s
    3.38038291210816      5.85499495871125      0.00000000000000       s
$end
