$coord
   -1.07143824167548     -1.26701185659667     -2.90000527124439      os
   -0.17418663949123      2.77813664441198      0.64476038121379      os
   -4.81772806765272      1.66333674705142      1.70215720188333       s
    1.56472535759578     -0.33228169410251      4.07426199964961       s
    1.14988304083327      2.17300268622280      7.20313483659188       p
   -2.69182907278952     -6.58108990827456     -2.41927122803326       f
   -0.85463638831891     -4.36544082770533     -5.48788391135474       f
    0.07081200636263      5.94689479685811      3.36927415707701       f
   -2.97954214313033      0.44281007445334     -0.44749527243730       c
   -3.34944091446777     -5.07322130754680     -4.35074839604902       c
    3.72802335529898      1.72356931067076      1.98390024944717       b
    3.28420983627279      1.59336151141734      8.70473956213009       h
   -0.68156430929675      0.87778610027912      8.65532038934841       h
    2.13517244788086      4.08117631857169     -0.82910203096042       h
    0.48679552873258      5.17664450663683      5.02873639865248       h
   -1.20133272433723      4.81907506443526     -1.34589582810611       h
    5.04062220906660      0.44222728291611      0.66239473850292       h
    4.67280629386514      3.47677349542063      3.08377357808441       h
   -4.09433996179215     -3.03040695639833     -3.66842403890443       h
    1.86128518079503     -0.58203583575221     -3.68228725873670       h
   -2.02207215027267      0.62322147180331     -4.95452269629060       h
    1.28225249780212      1.08707534742214     -1.74023215975857       h
$end
