$coord
   -1.56451276340662     -1.49232428053388      2.77722088313136      re
   -2.81078052940136      1.85347626552494      0.92442378517607       b
   -1.91112614044801     -0.23317614126495     -1.42104985818824       b
   -0.68184587848951     -3.18600530485206     -0.76279966702466       b
    1.88799419191339     -2.73370729346576      1.12827043210387       b
    2.17683032649083      0.48661676064107      1.58750921857802       b
    1.47781704203790     -0.78155179731726     -1.52687943452700       b
    0.15824509886568      2.34188335269770     -0.48117510528891       b
   -0.24102795331810      2.30589994369862      2.81565507794314       b
   -4.82376082933706      2.90222891197674      0.94325452807552       h
   -3.45595249296537     -0.33036211030381     -3.08057294894496       h
   -1.44731421674917     -5.09015741103241     -1.73260239052522       h
    3.42985688694749     -4.23158661291936      1.85701969098363       h
    4.17156758835224      1.01256212346931      2.53323966582370       h
    2.82052792573141     -0.73053334931523     -3.36347231992525       h
    0.76013477524190      4.14587638372530     -1.73092412475280       h
    0.05334696853438      3.76086074824366      4.53288303465320       h
$end
