$coord
   -0.00000869274018     -0.22931221825531     -0.27883664878220      tc
   -0.00000963760324      0.32365811789954      3.21959688749358       c
   -0.00002116493261      0.67254483547040      5.38670022669652       o
   -0.00008749431963     -3.82678346620073      0.30704383477317       c
   -0.00016440617295     -5.97623506263418      0.75269719115555       o
    4.39496401897039      0.54352038271702     -0.39055309994839       p
    4.63471508434521      3.85352403574538     -1.52290723021035       c
    2.24043397254618      5.19019252015130     -0.62029466397950       c
    0.00000812582234      3.76768984051746     -1.34267592376018       n
   -2.24038616247519      5.19024599940067     -0.62029428603428       c
   -4.63467653393224      3.85360151451655     -1.52292159212890       c
   -4.39500086862985      0.54359502689899     -0.39056198166118       p
   -5.76185716097930      0.55762510954818      1.90461206551940       h
   -6.19254426438972     -0.77243481362282     -1.87421147441408       h
   -6.36098727029386      4.78449780064647     -0.86521602003481       h
   -4.65788992966290      3.79101284036342     -3.59485397726104       h
   -2.19967428076386      7.09751709855183     -1.47654355560165       h
   -2.37749505256782      5.49799073359394      1.45922251490419       h
    2.19976328686439      7.09747250101525     -1.47649083224274       h
    2.37751451674692      5.49799073359394      1.45920645223212       h
    6.36103073399476      4.78438725166810     -0.86523246065210       h
    4.65787859130614      3.79095747138793     -3.59486304794644       h
    5.76182881508742      0.55747619912946      1.90461471113597       h
    6.19247453349568     -0.77249679663975     -1.87423245037408       h
   -0.00065611291092     -0.01989484768094     -4.06485513196745       h
    0.00080577922009     -1.47811089445048     -3.86037183630784       h
$end
