$coord
    0.00004119602954     -0.23982457572112     -0.23388384369910      re
    0.00012906829440      0.24828714725816      3.31493716102527       c
    0.00008220308648      0.54787261095760      5.49356575089751       o
   -0.00028648248069     -3.87460827704998      0.29190693953204       c
   -0.00063967229362     -6.04426085679677      0.65598837796348       o
    4.41613480973155      0.56383777315972     -0.37511800592459       p
    4.63905295066724      3.86612132804591     -1.53625984604340       c
    2.24305445576498      5.20689316376163     -0.64179407811395       c
    0.00001171630198      3.76521467723775     -1.32336840295917       n
   -2.24298132336390      5.20694815479189     -0.64179181044260       c
   -4.63908998929930      3.86624737277851     -1.53624775179619       c
   -4.41615295110236      0.56393717275394     -0.37518263455809       p
   -5.79505530264142      0.59274434678989      1.91246406654516       h
   -6.20246853908515     -0.75469255297190     -1.86891381619271       h
   -6.36221181282345      4.80962454407960     -0.88850935118058       h
   -4.66214710467934      3.78488974977025     -3.60754273230606       h
   -2.19042255959664      7.09870101196971     -1.52956133384489       h
   -2.39012447021249      5.54710131409925      1.43069199677307       h
    2.19060661892131      7.09867020943386     -1.52953242103517       h
    2.39020251590149      5.54718483999402      1.43071278376046       h
    6.36223808001660      4.80940401304071     -0.88854166549734       h
    4.66220209570961      3.78478694866900     -3.60762531333776       h
    5.79505360188790      0.59256161027352      1.91255231675523       h
    6.20243698065885     -0.75472656804217     -1.86890115502767       h
   -0.00455575174434     -0.02249586672064     -4.02746028652493       h
    0.00484828134863     -1.49018700028548     -3.80480670724687       h
$end
