$coord
    0.00000000000000      0.00000000000000      0.00000000000000      ne
    3.73231756894750      0.00000000000000      0.00000000000000       c
    1.94057355369542     -1.94057355369542     -1.94057355369542       c
    0.00000000000000      0.00000000000000     -3.73231756894750       c
   -1.94057355369542      1.94057355369542     -1.94057355369542       c
    0.00000000000000      3.73231756894750      0.00000000000000       c
    1.94057355369542      1.94057355369542      1.94057355369542       c
    0.00000000000000     -3.73231756894750      0.00000000000000       c
   -3.73231756894750      0.00000000000000      0.00000000000000       c
    0.00000000000000      0.00000000000000      3.73231756894750       c
   -1.94057355369542     -1.94057355369542      1.94057355369542       c
    4.94890472949089      1.18585624531127     -1.18585624531127       h
    4.94890472949089     -1.18585624531127      1.18585624531127       h
    3.14131384889218     -3.14131384889218     -3.14131384889218       h
   -1.18585624531127     -1.18585624531127     -4.94890472949089       h
    1.18585624531127      1.18585624531127     -4.94890472949089       h
   -3.14131384889218      3.14131384889218     -3.14131384889218       h
   -1.18585624531127      4.94890472949089      1.18585624531127       h
    1.18585624531127      4.94890472949089     -1.18585624531127       h
    3.14131384889218      3.14131384889218      3.14131384889218       h
    1.18585624531127     -4.94890472949089      1.18585624531127       h
   -1.18585624531127     -4.94890472949089     -1.18585624531127       h
   -4.94890472949089      1.18585624531127      1.18585624531127       h
   -4.94890472949089     -1.18585624531127     -1.18585624531127       h
   -1.18585624531127      1.18585624531127      4.94890472949089       h
    1.18585624531127     -1.18585624531127      4.94890472949089       h
   -3.14131384889218     -3.14131384889218      3.14131384889218       h
$end
