$coord
   -0.99080268301993     -0.47969261514313     -1.54636213293989      mo
   -3.58440039027774     -0.68221267433054     -4.28820753196687       c
    2.23541807249018     -0.27697394573989      1.58810353744461       c
    0.73066581911666      2.76043557979060     -2.65407876986271       c
   -2.03337762579353     -3.61209451562553      0.39548963150710       c
   -3.39447913517176      1.58561382327373      0.62834168474145       c
    1.51355875506548     -2.56616549795107     -3.59368763829613       c
   -2.49167646249265     -5.35297655219880      1.64601910786099       o
   -4.78622104190068      2.75540645165172      1.85164247529236       o
    1.83039798521229      4.60287357706889     -3.09987517851282       o
    2.95257480645056     -3.75834911324971     -4.73608396216377       o
   -5.08637833672582     -0.80089786853125     -5.89995418886317       o
    1.75377129156025      1.57262460177469      3.75271527275055       c
    4.00083461232872      0.22489989672392      0.62371412340433       h
    2.50748250975496     -2.18575229044907      2.34816045597013       h
    1.48181475765726      3.50534313088255      3.05188860710720       h
    3.32258355984853      1.63391824661374      5.12814260691667       h
    0.03823350589720      1.07400014338438      4.80403171063736       h
$end
