$coord
    0.00000000000000      0.00000000000000      1.98289661590170      ga
    0.00000000000000      0.00000000000000     -1.90786220548334       n
    0.89750633726603      1.55452650569426     -2.59296975126617       h
    0.89750633726603     -1.55452650569426     -2.59296975126617       h
   -1.79501267453206      0.00000000000000     -2.59296975126617       h
    3.27608873824670      0.00000000000000      2.56795828112671       f
   -1.63804427463704      2.83717603495543      2.56795828112671       f
   -1.63804427463704     -2.83717603495543      2.56795828112671       f
$end
