$coord
    0.00000000000000      0.00000000000000      0.00000000000000      ag
    2.27561009054428     -2.27561009054428     -2.27561009054428       b
   -2.27561009054428     -2.27561009054428      2.27561009054428       b
    2.27561009054428      2.27561009054428      2.27561009054428       b
   -2.27561009054428      2.27561009054428     -2.27561009054428       b
    3.63847093494573      3.63847093494573      3.63847093494573       f
    3.63847093494573     -3.63847093494573     -3.63847093494573       f
   -3.63847093494573      3.63847093494573     -3.63847093494573       f
   -3.63847093494573     -3.63847093494573      3.63847093494573       f
$end
