$coord
   -0.05723659181933      0.01612446611453      0.00000000000000      co
   -7.46063931200176      1.68989684775105     -0.00000000000000       h
   -7.41433365198513     -1.85110390334648     -0.00000000000000       h
   -5.37333192613663     -2.14884140386739      0.00000000000000       c
   -4.55755983429575     -4.60322015284038      0.00000000000000       c
   -3.90704599291902     -0.03435767761297      0.00000018897261       n
   -5.42816440837858      2.04096960050436      0.00000000000000       c
   -4.67702132798897      4.51594447452362     -0.00000000000000       c
   -2.22195093925390      5.32941242329918      0.00000000000000       c
   -0.10766601218792      3.86281222862683      0.00000000000000       n
   -1.92297188866827      7.37019909831455     -0.00000000000000       h
    1.96752974099104      5.38433277780599      0.00000000000000       c
    1.61517121858167      7.41647962497371      0.00000000000000       h
    4.44311178401456      4.63543336924567      0.00000000000000       c
    5.25888104126625      2.18112283938583      0.00000000000000       c
    7.29984553951007      1.88334943406852     -0.00000000000000       h
    3.79255277818342      0.06662267251410      0.00000000000000       n
    5.31372826337198     -2.00877717108646      0.00000000000000       c
    7.34616329377391     -1.65763941175442     -0.00000000000000       h
    4.56260067873661     -4.48362392167438     -0.00000000000000       c
    2.10748021225920     -5.29721961593605      0.00000000000000       c
    1.80850135064618     -7.33788969484946      0.00000000000000       h
   -0.00685743816569     -3.83052890338228      0.00000000000000       n
   -1.72962663879475     -7.38425129075942     -0.00000000000000       h
   -2.08198497223151     -5.35203150016323      0.00000000000000       c
    6.03250373673182     -5.91739201463521     -0.00000000000000       h
   -5.98937508427806     -6.07505621168978     -0.00000000000000       h
   -6.14699525071390      5.94963395487761     -0.00000018897261       h
    5.87488262543291      6.10731024617939     -0.00000000000000       h
$end
