$coord
    0.00000000000000     -0.00000018897261      2.81971477657943      hf
    0.00000000000000     -0.00000018897261     -2.81971496555204      hf
   -0.00000000000000     -2.44345424223912     -0.00000000000000       o
   -0.00000000000000      2.44345462018434     -0.00000000000000       o
    3.10011366194991      0.00000000000000      4.73100362244688       f
   -3.10011366194991      0.00000000000000      4.73100343347427       f
   -3.10011366194991      0.00000000000000     -4.73100343347427       f
    3.10011366194991      0.00000000000000     -4.73100343347427       f
$end
