$coord
    2.27202679186433      2.52217569730173     -2.62322804599420       v
   -1.40377171427384      2.46082762835026     -4.59975911944078      cl
    5.04209732928049     -0.50872580042374     -1.86771686366456      cl
    4.39794789652320      4.33360782419658     -5.66541725581495      cl
   -1.17264479201982     -1.14156125389261      1.53235604981250       c
   -2.23860074923144     -2.26213426456782      2.83412185959074       h
   -0.03297874445889      0.05029751748500      0.13246923450830       n
    2.30597043048311      4.57507079246886     -0.48317027813264       o
$end
