$coord
   10.81304539573370     13.57998125545219     11.48806955188129      na
    9.40934379029913     17.86257214342764     14.17646348051913      cl
    4.74475534843772      6.48964265953486      5.49635271898800       s
    7.82667737286397      9.60634736097979      8.65556076251162      na
    5.23807534559262     15.58272415307341     13.17291553964301      na
   14.18822853743381     13.08917421609953      6.70915494707382      na
   12.60001766354524     19.52939883668839     10.87604546326443      na
    6.75408828797781     12.61674570818439     11.08656114266317       f
   16.18054694985406     12.12071489890188      2.95818993866109       o
   11.93128213799945     10.34059780158468      8.91840598189855       o
    4.13132133515833      4.11391790240178      7.31009787066096       n
    3.64529549187683      2.37336127666740      8.55011064317894       c
   12.89400386873362      8.88122297475474      9.40808220913747       h
   17.23019249190035     13.13548951371941      1.87299656948773       h
    3.17994892159114      0.75769211525155      9.66320128325862       h
   16.17263523348272     10.47027685546808      2.19236349730056       h
   13.30550155922589     16.29488596293779      8.90406938567174       h
$end
