$coord
    0.00000000000000      0.00000000000000      2.56766612946765      as
    0.00000000000000      0.00000000000000     -3.56382599708192      as
    3.33223646987228     -0.48094248000281      1.11602481783538       c
    3.25236908488692      0.45522746482668     -1.63657350079325       c
   -2.08262653425126     -2.64533028276282      1.11602481783538       c
   -1.23194609860432     -3.04424806643493     -1.63657350079325       c
   -1.24960993562102      3.12627257379302      1.11602481783538       c
   -2.02042317525520      2.58902060160825     -1.63657350079325       c
    0.00000000000000      0.00000000000000      5.39661089536385       h
    4.73085187743897      0.52866373386036      2.25819758710233       h
    3.74914180064645     -2.50244752346509      1.24252440751193       h
    4.72567572860750     -0.51258481014546     -2.71581102013558       h
    3.68307130610634      2.47632659511712     -1.73117923777979       h
   -4.04175398596868     -1.99562826772978      1.24252440751193       h
   -1.90758970697599     -4.36136979071229      2.25819758710233       h
    0.30302608805688     -4.42779668759975     -1.73117923777979       h
   -2.80674917665696     -3.83626271039350     -2.71581102013558       h
    0.29261237429484      4.49807579119487      1.24252440751193       h
   -2.82326217046298      3.83270605685193      2.25819758710233       h
   -3.98609739416322      1.95146990351002     -1.73117923777979       h
   -1.91892636297792      4.34884752053896     -2.71581102013558       h
$end
