$coord
    0.00000000000000      0.00000000000000      0.00000000000000      be
    0.00000000000000      0.00000000000000     -3.18299024681817       c
    0.00000000000000      0.00000000000000      3.18299024681817       c
   -1.92064752553340      0.00000000000000      3.96620632593453       h
    0.96032385725301     -1.66332956609214      3.96620632593453       h
    0.96032385725301      1.66332956609214      3.96620632593453       h
   -1.92064752553340      0.00000000000000     -3.96620632593453       h
    0.96032385725301      1.66332956609214     -3.96620632593453       h
    0.96032385725301     -1.66332956609214     -3.96620632593453       h
$end
