$coord
   -0.05042129454625      2.60550487157715      0.00000151178090      nb
   -1.72118787780690     -1.50824408930898      1.32593295028464       c
    0.78331661254625     -1.09497307982015      2.21638097149779       c
    2.35220333604390     -0.92677913981940      0.00000207869874       c
    1.39573943337567     -1.14817038204536      4.16337619251427       h
    0.78330565213472     -1.09497610338195     -2.21639042012842       c
   -1.72115953191501     -1.50824049882934     -1.32592652521581       c
   -3.39045496338664     -1.60097635181430     -2.50464111755205       h
   -3.39044494783817     -1.60097559592385      2.50463507042845       h
    4.37486375805956     -0.62474610284169      0.00000000000000       h
    1.39573886645783     -1.14817038204536     -4.16337014539067       h
    3.30118883654146      5.39461647841057     -0.00000056691784      cl
   -4.11729503196139      4.26297968818600     -0.00000018897261      cl
$end
