$coord
   -0.00000000000000      0.00000000000000      0.00000000000000       f
    3.81866747043518     -0.00000000000000      4.99788510786613      si
    3.08738352190274      2.24363290093212     -4.99703435316425      si
   -1.90882993423242     -5.87403565018328     -1.17918910256646      si
   -4.99638239765081      3.63128317265322      1.18063304229926      si
   -3.08738352190274     -2.24363290093212      4.99703435316425      si
    4.99638239765081     -3.63128317265322     -1.18063304229926      si
    1.90882993423242      5.87403565018328      1.17918910256646      si
   -3.81866747043518      0.00000000000000     -4.99788510786613      si
   -1.90882993423242      5.87403565018328     -1.17918910256646      si
   -4.99638239765081     -3.63128317265322      1.18063304229926      si
    3.08738352190274     -2.24363290093212     -4.99703435316425      si
    1.18056217756954      3.63074176611815      4.99751736716203      si
   -6.17367988436524     -0.00000000000000     -1.17791845071940      si
    1.90882993423242     -5.87403565018328      1.17918910256646      si
    6.17367988436524      0.00000000000000      1.17791845071940      si
   -1.18056217756954      3.63074176611815     -4.99751736716203      si
   -3.08738352190274      2.24363290093212      4.99703435316425      si
   -1.18056217756954     -3.63074176611815     -4.99751736716203      si
    1.18056217756954     -3.63074176611815      4.99751736716203      si
    4.99638239765081      3.63128317265322     -1.18063304229926      si
    5.68989279962510     -0.00000000000000      7.44176434951097       f
    4.60005656233300      3.33869158534577     -7.44363498940301       f
   -2.84267381517353     -8.74968008399336     -1.75542990418096       f
   -7.44323474540954      5.40837992070339      1.75363315258044       f
   -4.60005656233300     -3.33869158534577      7.44363498940301       f
    7.44323474540954     -5.40837992070339     -1.75363315258044       f
    2.84267381517353      8.74968008399336      1.75542990418096       f
   -5.68989279962510      0.00000000000000     -7.44176434951097       f
   -2.84267381517353      8.74968008399336     -1.75542990418096       f
   -7.44323474540954     -5.40837992070339      1.75363315258044       f
    4.60005656233300     -3.33869158534577     -7.44363498940301       f
    1.75386143149645      5.40888202093504      7.44347908699762       f
   -9.19646897680480      0.00000000000000     -1.75532256773701       f
    2.84267381517353     -8.74968008399336      1.75542990418096       f
    9.19646897680480      0.00000000000000      1.75532256773701       f
   -1.75386143149645      5.40888202093504     -7.44347908699762       f
   -4.60005656233300      3.33869158534577      7.44363498940301       f
   -1.75386143149645     -5.40888202093504     -7.44347908699762       f
    1.75386143149645     -5.40888202093504      7.44347908699762       f
    7.44323474540954      5.40837992070339     -1.75363315258044       f
$end
