$coord
    0.61989215231468      0.78876072454238     -0.17362217829742      fe
   -2.06084101558134      3.60048006988309      1.21540721555038       p
    2.77356898739305     -0.67762385237900      3.14970687850779       p
   -1.09746279399103      1.21699912083884     -3.44710403935342       n
    1.94857541000296     -2.25093196809344     -1.84054638142626       n
   -1.37050667630687     -0.65304153904274     -7.00584591726620       h
    1.76818990190092     -4.08643353665397     -5.40755694497556       h
    1.69378269158376      0.49199416530496     -6.12168992816187       h
   -0.04329759396941     -0.40622289795703     -5.42892540108948       c
   -1.15841893374399     -3.92166491422904     -3.72608714191038       h
    0.61765981884215     -2.90761557629864     -4.13355064506907       c
   -4.23450340519470      2.31193497305431     -5.48066232296459       h
    3.94681263362217     -5.63022242952821     -1.53846723513107       h
   -3.18562244633895      2.38818598915253     -3.69515024653053       c
    3.37104067305951     -3.88828271324227     -0.57409993088646       c
   -4.59211820082329      5.83693427920811     -2.10727007471400       h
   -4.27391912375627      3.86445799110989     -1.54641069890132       c
   -6.11814990421021      3.06511026491972     -1.04659665791475       h
    1.49146275439308     -1.28305978880310      5.43021551711564       h
    4.67629227164960      0.86470768370694      4.24117262663825       h
   -3.66272103442905      3.05656549029621      3.27177487144648       h
   -1.64233206321673      6.20945750218921      1.73743555406484       h
    3.19477665763807      2.72204673840585     -0.86760709050192       c
    4.89399401258733      4.04274042300640     -1.27892147755998       o
   -2.66909869105665     -0.99894778056782      0.53662004776827       o
   -3.07226590186809     -2.39350462333390      2.73470015557231       c
   -2.95679229721836     -1.24888862715876      4.49147970215239       h
   -1.72359935731617     -3.97578270205018      2.95151145755952       h
   -4.98843156394867     -3.21550090611568      2.68689405301171       h
    4.16265885247687     -3.44414397234980      1.87171854770878       c
    5.46749244364791     -4.67587993340893      2.85408511535744       h
$end
