$coord
    0.00097150820133      0.00239031457666     -3.07723871616841      re
   -0.00094410717250     -0.00237916519252      3.07724155075760      re
   -2.36406533590883     -5.73963454865647     -2.38587239745658       f
   -0.00033693816825     -0.00069220667992      9.19539825798186       f
    2.36630088191578      5.74488534166991     -2.39207485654704       f
    5.74305344116346     -2.36260174302432     -2.38850289622385       f
   -5.74290963300528      2.36300708927832     -2.38854579300690       f
   -0.00063740462227     -0.00137420883876     -9.19543132818907       f
   -5.74527745984104     -2.36441909263960      2.39675948761316       f
    5.74140408820077      2.36417626283242      2.39432854392479       f
   -2.36244716342722      5.74029689766360      2.38065732026691       f
    2.36490021691126     -5.74341740241531      2.38320750567383       f
   -3.51740884322386     -1.44999271456003      2.67888029142957       b
    0.00002286568612      0.00015949288503     -6.76304086549930       b
   -0.00056540605687     -0.00134246143984      6.76314536735406       b
   -3.51488851548974      1.44942938720190     -2.67352046121866       b
    3.51603425643987     -1.44663542712474     -2.67349570580641       b
   -1.44773486978480     -3.51279791147664     -2.67106665184417       b
    1.44986780366311      3.51789847126308     -2.67639435671094       b
   -1.44808201247413      3.51280471449070      2.66828440806900       b
    1.44833107837752     -3.51703788998534      2.67087238799843       b
    3.51441192656078      1.44727680017188      2.67640890760211       b
$end
