$coord
    2.42524503026248     -0.56452525552432     -0.00000000000000      hf
    4.09066576728555     -2.40805116813330      3.37396029992404       c
    4.09066576728555     -2.40805116813330     -3.37396029992404       c
   -1.72842307222516     -1.24212416351846      0.00000018897261       c
    3.20232327892189      2.96109879408670     -0.00000000000000       f
   -3.10497989569674      1.30106264268679     -0.00000018897261       b
   -1.92511729473901     -2.41195005107627     -1.71662929147337       h
   -1.92511729473901     -2.41195005107627      1.71662910250076       h
    3.12647534140633     -1.86844648692177     -5.13278849859721       h
    6.09517650369755     -1.91573669425000     -3.60811418548653       h
    3.98607320566881     -4.47943024145577     -3.23193812190405       h
    3.12647534140633     -1.86844648692177      5.13278849859721       h
    3.98607320566881     -4.47943024145577      3.23193812190405       h
    6.09517650369755     -1.91573669425000      3.60811418548653       h
   -3.77032128414779      2.67557969577806     -2.57044440481796       c
   -3.77032109517518      2.67557931783284      2.57044478276318       c
   -3.08492876766518      1.71767733358280      4.27542240088943       h
   -3.07944194785861      4.63226921182045      2.60347738441666       h
   -5.83566438325150      2.83033295870829      2.75266937233096       h
   -3.07944194785861      4.63226921182045     -2.60347738441666       h
   -3.08492876766518      1.71767695563757     -4.27542258986204       h
   -5.83566419427888      2.83033276973568     -2.75266956130357       h
$end
