$coord
    0.00000000000000      0.00000000000000      0.00000000000000      sr
   -3.87920201228944      1.14521522832966      2.48633004933723       o
   -6.22651794965391      0.99076016418210      2.15192316923352       c
   -6.22651794965391     -0.99076016418210     -2.15192316923352       c
   -3.87920201228944     -1.14521522832966     -2.48633004933723       o
    0.94781557105301     -3.93209525758099      2.48633004933723       o
    2.93138663020905      2.78687984027872      2.48633004933723       o
    2.25523544139996     -5.88770290541630      2.15192316923352       c
    3.97128250825394      4.89694255226158      2.15192316923352       c
    3.97128250825394     -4.89694255226158     -2.15192316923352       c
    2.25523544139996      5.88770290541630     -2.15192316923352       c
    2.93138663020905     -2.78687984027872     -2.48633004933723       o
    0.94781557105301      3.93209525758099     -2.48633004933723       o
   -7.45066647134490      0.00000000000000      0.00000000000000       c
    3.72533333015875     -6.45246645540510      0.00000000000000       c
    3.72533333015875      6.45246645540510      0.00000000000000       c
   -7.87873365845436      1.97703374059607      4.29389107226315       c
   -7.87873365845436     -1.97703374059607     -4.29389107226315       c
    2.22720532274699     -7.81170053742570      4.29389107226315       c
    5.65152833570737      5.83466660785702      4.29389107226315       c
    5.65152833570737     -5.83466660785702     -4.29389107226315       c
    2.22720532274699      7.81170053742570     -4.29389107226315       c
   -9.50172342990935      0.00000000000000      0.00000000000000       h
    4.75086162046837     -8.22873380265860      0.00000000000000       h
    4.75086162046837      8.22873380265860      0.00000000000000       h
   -7.41628063681265      0.93825469069159      6.02399486690469       h
   -9.90269931430519      1.80550613473661      3.91084226373336       h
   -7.40986274894385      3.96427653761475      4.63647800984807       h
   -7.40986274894385     -3.96427653761475     -4.63647800984807       h
   -7.41628063681265     -0.93825469069159     -6.02399486690469       h
   -9.90269931430519     -1.80550613473661     -3.91084226373336       h
    0.27176718334518     -8.39926760154845      4.63647800984807       h
    2.89558803642508     -6.89181474056839      6.02399486690469       h
    3.38773545851884     -9.47874228151958      3.91084226373336       h
    6.51496385578634      7.67323614678296      3.91084226373336       h
    7.13809556559867      4.43499106393370      4.63647800984807       h
    4.52069260038758      5.95356004987680      6.02399486690469       h
    4.52069260038758     -5.95356004987680     -6.02399486690469       h
    6.51496385578634     -7.67323614678296     -3.91084226373336       h
    7.13809556559867     -4.43499106393370     -4.63647800984807       h
    0.27176718334518      8.39926760154845     -4.63647800984807       h
    2.89558803642508      6.89181474056839     -6.02399486690469       h
    3.38773545851884      9.47874228151958     -3.91084226373336       h
$end
