$coord
    0.00000000000000     -0.00000000000000      0.77512805129747      mo
    3.91347975448729     -0.20484952458282     -1.03863826530810       c
    4.17551484828404     -1.66760809501381      1.21029796302376       c
    2.53836006773446     -3.76260798901967      1.07438035628091       c
    1.18604106052639     -3.66359125331003     -1.24321699213708       c
    2.11808289863383     -1.50323177973262     -2.59356010170790       c
    4.98805569742223      1.46242692349589     -1.51837150956294       h
    5.36435383731244     -1.20205894608742      2.79955706799437       h
    2.27101068612643     -5.14718972345753      2.54636079020633       h
   -0.16946326903952     -5.04051714029400     -1.90159757440335       h
    1.67196221298051     -1.02586428361480     -4.52198800764689       h
   -2.11808289863383      1.50323177973262     -2.59356010170790       c
   -3.91347975448729      0.20484952458282     -1.03863826530810       c
   -2.53836006773446      3.76260798901967      1.07438035628091       c
   -1.18604106052639      3.66359125331003     -1.24321699213708       c
   -4.98805569742223     -1.46242692349589     -1.51837150956294       h
   -5.36435383731244      1.20205894608742      2.79955706799437       h
   -4.17551484828404      1.66760809501381      1.21029796302376       c
    0.16946326903952      5.04051714029400     -1.90159757440335       h
   -1.67196221298051      1.02586428361480     -4.52198800764689       h
   -2.27101068612643      5.14718972345753      2.54636079020633       h
    2.22368457400181      2.88765137566888      4.79921215312585       i
   -2.22368457400181     -2.88765137566888      4.79921215312585       i
$end
