$coord
   -0.75160360664649     -0.87997081265328     -3.22738577166674      hf
    3.35134027819692      2.88008396739768      0.00000018897261      hf
   -0.75160492945478     -0.87997345826986      3.22738520474890      hf
   -3.18927679872123     -0.46720719462926      6.65528717001914       s
   -2.12011076373954     -3.91769516655635      0.00000113383568       s
   -1.19261711847193      2.88387438006102     -0.00000018897261       s
    3.92157515223806      0.42404736169443     -3.60371244642146       s
   -3.18927717666646     -0.46720738360187     -6.65528717001914       s
    3.92157477429284      0.42404811758488      3.60371206847623       s
$end
