$coord
   -0.00000396842486     -0.00000094486306     -0.00000132280829      au
   -2.42051032145402      2.42051240015276      2.42051258912537       b
    2.42051107734447      2.42050994350880     -2.42050899864573       b
    2.42051069939925     -2.42050862070051      2.42050975453618       b
   -2.42051240015276     -2.42051372296105     -2.42051353398844       b
   -0.78523884196152      3.54346741060968      3.54346759958229       h
   -3.54346778855490      0.78524488908513      3.54347100108932       h
   -3.54346816650013      3.54347100108932      0.78524545600296       h
    3.54346854444535     -3.54346552088355      0.78524129860549       h
    0.78524451113990     -3.54346741060968      3.54346873341797       h
    3.54346684369184     -0.78523846401630      3.54346533191094       h
   -3.54346986725364     -0.78524583394819     -3.54347137903454       h
   -3.54346948930842     -3.54347137903454     -0.78524507805774       h
   -0.78524205449594     -3.54346967828103     -3.54346930033580       h
    0.78524507805774      3.54346911136319     -3.54346759958229       h
    3.54346722163707      3.54346533191094     -0.78523846401630       h
    3.54346873341797      0.78524129860549     -3.54346570985616       h
$end
