$coord
    0.35265728810988      1.25296136490532      2.85142305816387      in
   -0.35585791724933     -1.25122773015741     -2.85764989472135      in
   -1.76067049267332      4.29720187243574      3.66516350544679       o
    2.89951356450642     -0.52405677053801      5.00772453385851       o
    1.48324490238934      1.84759222528670     -1.01678471649765       o
    1.61810823092655      4.32517189779792     -2.12829951396094       c
    3.52637370396517      4.64578132053853     -2.87092805534504       h
    1.20160276620062      5.76796305506473     -0.69981604011121       h
    0.24403205094045      4.50595689400297     -3.66851474575847       h
    3.89178267500006      0.60277104464135      7.23605084214339       c
    5.10575161999601      2.24141814191255      6.82477897392316       h
    5.05801751600081     -0.82004835309120      8.19583990690276       h
    2.41331707895575      1.21146052253642      8.56641123176841       h
   -3.91351414750278      4.73095826901986      2.10908232206874       c
   -4.60530735534645      6.64712714363486      2.50302918116665       h
   -5.45618394456525      3.39566323756225      2.51264939892842       h
   -3.49418448708168      4.61762950352304      0.07160474647245       h
   -2.89447385390124      0.50830155690848     -5.03759543473074       o
   -1.50002283579822     -1.83669474163643      1.00879457649209       o
    1.77097649204619     -4.29391733945630     -3.64177908950174       o
    3.91354343825773     -4.71323282693146     -2.06737663338780       c
    3.48153843984710     -4.57972745558832     -0.03379605100835       h
    5.45893954320205     -3.38213355439120     -2.47426773850295       h
    4.60730989812207     -6.63332099353159     -2.43816357600441       h
   -1.64223455334863     -4.31409262249433      2.12019485655214       c
   -0.27834739868820     -4.49429199257297      3.66950231663187       h
   -1.21551511891217     -5.75751891671206      0.69534816063173       h
   -3.55551800514198     -4.63434091857228      2.84994019007287       h
   -3.86722190454164     -0.63186489013060     -7.26782053982692       c
   -5.04108538094006      0.77904299691251     -8.23582972426138       h
   -5.06915197130727     -2.27993321700252     -6.85889004227669       h
   -2.37741965249540     -1.23059834593133     -8.59002619430082       h
$end
