$coord
    0.06012314847666     -1.51826644079034      1.90330626476639      cu
    1.47175631240689     -0.03746741092576     -1.98850362228988      cu
   -1.96866263180353      3.04640518880765     -0.48965147182667      cu
   -2.46046442298886     -0.33174406701969      4.31078012156823       o
    0.07500587555386      2.87920713447526     -3.49481603355296       n
    2.82999564259482     -3.13261581747985     -0.10722306038401       c
    2.05430369702138     -5.05922070462517     -0.14235042344806       h
   -3.02891860810156      1.25597680088443      3.31891597938337       h
   -3.65227065998017      3.32447555364579      1.82580311613715       h
    3.81002839847798     -2.97531161325226     -1.97044615532116       h
   -0.88280653567782      2.61946314463356     -5.13630055460221       h
    4.37454666201563     -3.05095319267487      1.27709543520451       h
    1.26605584414957      4.35809602917177     -3.76682869232189       h
   -3.94869291111745     -1.37804460485051      4.46021928565979       h
$end
