$coord
    0.00000000000000      0.00000000000000      0.00000000000000      al
    0.00000000000000      0.00000000000000     -3.61389542462352       c
    0.00000000000000      0.00000000000000      3.61389542462352       c
   -1.93910939389307      0.00000000000000      4.34201238114156       h
    0.96955460246023     -1.67931797192561      4.34201238114156       h
    0.96955460246023      1.67931797192561      4.34201238114156       h
   -1.93910939389307      0.00000000000000     -4.34201238114156       h
    0.96955460246023      1.67931797192561     -4.34201238114156       h
    0.96955460246023     -1.67931797192561     -4.34201238114156       h
$end
