$coord
   -1.53474088418339      0.97977197367779      2.87690355832778       y
   -1.03984334365859      1.07784819269456     -7.49106768208113       h
    1.30956584333554      3.26084885293170     -6.65810512961809       h
    1.53458706047674     -0.97962325223168     -2.87703999655407       y
   -4.51133146407767     -2.36982748881195     -1.33640959192667       c
   -6.63582733729238     -0.82255337404370     -0.16528036025982       c
   -6.06782290699765     -0.44578960563606      2.55511967079991       n
   -0.90969639358642     -1.21975358563997      6.77219639960671       c
   -2.12373714817516     -0.47428535280646      8.29276547168147       h
   -3.10552583757451      5.18065034807853      3.44342984484682       c
   -4.08269943782918      5.39566848894486      5.27199366188131       h
   -2.16174502077293     -1.22157830518714     -0.81022801333269       o
   -4.84840115726539     -2.51913645077344     -3.38598783979760       h
   -4.55492536710362     -4.31046604908610     -0.56816071064534       h
   -6.68291723365126      1.04783650722596     -1.05836360455555       h
   -8.47213865349786     -1.74377312857329     -0.48853086423400       h
   -4.45725298255995      5.80253540556560      1.98617377894925       h
   -1.59576448715904      6.61490995880471      3.44335406682917       h
   -6.34815319530976     -2.07522768955049      3.53650622647967       h
   -7.22710979195127      0.87638014404144      3.32470647817838       h
    4.51115288495877      2.36936280515759      1.33621381630003       c
    6.63606090744154      0.82209209189636      0.16561068438663       c
    6.06758650225930      0.44620288873980     -2.55484131414156       n
    0.90970130687435      1.21971598009006     -6.77191823192098       c
    2.12385468914019      0.47398696505118     -8.29222765562604       h
    3.10538750962210     -5.18067661527168     -3.44339507388611       c
    4.08259474700180     -5.39555340462379     -5.27195511146834       h
    2.16134591061514      1.22236745481732      0.80927275677604       o
    4.84682796026557      2.51938872921125      3.38595892698788       h
    4.55648023376002      4.30961019212368      0.56695808893882       h
    6.68512670143767     -1.04851227328858      1.05818313571053       h
    8.47175201553250      1.74467131540094      0.48851328978103       h
    4.45713033933438     -5.80248476090542     -1.98616206264727       h
    1.59581418695616     -6.61511272641802     -3.44342587642196       h
    6.34885503959292      2.07601117000229     -3.53537824895512       h
    7.22553999645848     -0.87653812514557     -3.32533197752605       h
    1.03980649399914     -1.07807836133670      7.49152499580360       h
   -1.30952899367608     -3.26088683642683      6.65843375299139       h
$end
