$coord
   -1.39809611082729      5.00717216691191      1.14536413874838      tc
   -1.88438481501290      8.62898724475650      1.31206047079435       c
    3.21582726181762      5.34670455118691      4.75770205109893       o
   -0.95441336084900      0.41298358214508      1.14205938569939       p
   -5.03239906582971      4.60583383304513      0.37989976891358       c
    3.76154898649871      3.99702681418502     -2.17410212888285       c
    1.90015930384892      7.93233838563231     -3.23757971028034       o
    1.57875147182011      5.84999946769741     -2.33961284675742       c
    1.62744158826241      5.25566812890698      3.27881825866296       c
    3.48745195981291      1.72873790059773     -2.24678080671265       o
   -7.18430125910324      4.38072663336519      0.23171084762692       o
   -2.20240606885147     10.77329103825036      1.45892866249161       o
    5.64431109368730      4.92077577816153     -2.08614199176329       h
   -1.32261175661835     -0.97758782822146     -1.10249003240379       h
    1.34009550273525     -0.69322524230188      1.91944528177210       h
   -2.61505309077353     -0.95506682814334      2.72311991387275       h
   -2.51783877584278      4.78311489906753      4.02549875080623       h
   -0.44334996920751      4.89004524087463     -2.37037324171711       h
$end
