$coord
   -0.00002286568612     -0.00000000000000      0.00000000000000      ta
    1.68551173827588     -2.86120579237247     -2.67644367856283       c
    0.93061660666328     -4.76637154764676     -2.33394782577718       h
    3.74517583242601     -2.96258015039680     -2.41020658975251       h
    1.32491287612187     -2.37340133886127     -4.65865904819614       h
    1.68551173827588      2.86120579237247      2.67644367856283       c
    1.32491287612187      2.37340133886127      4.65865904819614       h
    0.93061660666328      4.76637154764676      2.33394782577718       h
    3.74517583242601      2.96258015039680      2.41020658975251       h
   -3.32098315079250      0.02858324149003      2.67716876647734       c
   -4.59417025442341     -1.57735118476081      2.33523094981667       h
   -4.43827295129656      1.76190750739534      2.41086232471820       h
   -2.71792562367047     -0.03963379295650      4.65932385384724       h
    1.63568249492488     -2.89007778401454      2.67660827370840       c
    3.66305797259730     -3.18944989763437      2.33460771814034       h
    0.69317346380604     -4.72421213572298      2.40998020056263       h
    1.39323271166965     -2.33413566455409      4.65885917019287       h
   -3.32098315079250     -0.02858324149003     -2.67716876647734       c
   -4.59417025442341      1.57735118476081     -2.33523094981667       h
   -4.43827295129656     -1.76190750739534     -2.41086232471820       h
   -2.71792562367047      0.03963379295650     -4.65932385384724       h
    1.63568249492488      2.89007778401454     -2.67660827370840       c
    3.66305797259730      3.18944989763437     -2.33460771814034       h
    0.69317346380604      4.72421213572298     -2.40998020056263       h
    1.39323271166965      2.33413566455409     -4.65885917019287       h
$end
