$coord
   -0.00003061356324      0.00000000000000      3.08271608734436      si
    0.00060641311380      0.00000000000000      0.00000000000000       o
   -0.00003061356324     -0.00000000000000     -3.08271608734436      si
    2.64086164739289     -0.00000000000000      4.02736750097215       h
   -1.32056707295012     -2.28709565696493      4.02703150766696       h
   -1.32056707295012      2.28709565696493      4.02703150766696       h
    2.64086164739289      0.00000000000000     -4.02736750097215       h
   -1.32056707295012     -2.28709565696493     -4.02703150766696       h
   -1.32056707295012      2.28709565696493     -4.02703150766696       h
$end
