$coord
   -1.60562186554962     -4.80265485618203      3.46560332429039      zn
    0.01107587379656      4.80740014745679     -2.87856576142812      zn
   -2.34182401529735     -1.95902861904104      0.33127050165253       s
    0.97827814517526      0.30424080401061      1.31622145875098       s
    0.07244095028316      1.81714628075437     -5.34136966536086       n
   -0.34415465437897      4.40835934261389      1.61722497293530      si
    1.43021862037853     -2.71268598004116     -1.99956589005833      si
    0.42112773482990     -0.08279589356269     -4.26432762983161       c
    2.43529251510132      4.86153059644297      2.18899468253591       h
   -1.05683330433879     -6.64151201142433      5.56451419548643       h
$end
