$coord
   -0.00000000000000      0.00000000000000     -0.00000000000000      sc
   -2.47859502235866      2.47859502235866      2.47859502235866       c
   -1.35454491561178      3.71834644575344      3.71834644575344       h
   -3.71834644575344      1.35454491561178      3.71834644575344       h
   -3.71834644575344      3.71834644575344      1.35454510458439       h
    2.47859502235866     -2.47859502235866      2.47859502235866       c
    3.71834644575344     -3.71834644575344      1.35454491561178       h
    1.35454491561178     -3.71834644575344      3.71834644575344       h
    3.71834644575344     -1.35454491561178      3.71834644575344       h
   -2.47859502235866     -2.47859502235866     -2.47859502235866       c
   -3.71834644575344     -1.35454510458439     -3.71834644575344       h
   -3.71834644575344     -3.71834644575344     -1.35454491561178       h
   -1.35454491561178     -3.71834644575344     -3.71834644575344       h
    2.47859502235866      2.47859502235866     -2.47859502235866       c
    1.35454491561178      3.71834644575344     -3.71834644575344       h
    3.71834644575344      3.71834644575344     -1.35454491561178       h
    3.71834644575344      1.35454491561178     -3.71834644575344       h
$end
