$coord
    3.99476670173843      3.84454046671543     -1.70357279572425      hg
    3.91438096487673      4.44984336642027     -5.40090340825885       o
    2.11110262826995      1.64228916643367     -7.17111304944314      hg
    0.39220944489775     -1.03970237008960     -9.18099589928587       o
    3.97070255130590      3.39982346962844      2.05723560710573       o
   -3.76733022563570     -3.78385002245578     -1.15591788121635      hg
   -4.02302113088256     -5.16713238120946     -4.66290923122592       o
   -1.78640988531648     -3.05313053511714     -6.84639611799526      hg
   -1.51023321502911     -0.00689107529074      5.43038049020643       c
   -1.76002741887268     -1.08307139570657      2.80649292979429       c
   -3.79309040526624     -2.51652730591140      2.52619079840145       o
   -0.22047642580840     -0.72181585372381      0.96086942118556       n
   -3.23566749641353      1.02019793982627      5.92258876148145       h
    0.11286068033543      1.25898184336985      5.56101612345476       h
   -1.30719574882842     -1.55009868840865      6.79247996395176       h
    1.25325729601664      0.39608413934631      1.49971178687789       h
    5.65417168461229      2.91045942514552      2.56484250069032       h
$end
