$coord
    1.78232543126794     -3.10970458895673      0.46372613013273      bi
   -5.38628165235964     -0.99174074306884      1.56200623067322      bi
    0.14406062559200      3.44389358363812      0.90016272528122      bi
    5.05260118297873      0.36157622850633      0.11522075929407      cl
   -3.37052326604624      4.91574740591310      1.32680789348093       f
    1.57685040733745      4.53914520908923      4.23226823713297       f
    2.69532393228677     -2.86190631384735     -4.51795514312159       o
   -1.09960631033565     -0.45623884624927      1.10164967119560       c
   -4.49154168516932     -4.31611292869554      1.49328690702242       h
    2.40956408286970     -4.23706436204053     -5.68492395374964       h
    4.34422109303752     -2.19401436204416     -4.93463994285687       h
    1.43324841827620      5.87894723735713     -1.00535338521681       h
   -5.09024225973546     -0.97252751960151      4.94774405970436       h
$end
