$coord
   -0.00000000000000     -0.00000000000000      3.82560692271474       p
    2.31026521104946     -0.00000000000000     -0.90771199218161       c
    2.52411398938908      0.00000000000000      1.70703590782258       c
    0.00000000000000      0.00000000000000     -2.16924496582143       c
   -2.52411398938908     -0.00000000000000      1.70703590782258       c
   -2.31026521104946      0.00000000000000     -0.90771199218161       c
   -0.00000000000000     -0.00000000000000     -4.22273797033480       h
   -4.03043698311846      0.00000000000000     -2.03673302350269       h
   -4.41465042985965      0.00000000000000      2.52059702009615       h
    4.41465042985965      0.00000000000000      2.52059702009615       h
    4.03043698311846      0.00000000000000     -2.03673302350269       h
$end
