$coord
    2.16546041130908     -4.25865429405641      1.44872281860342      pb
   -2.37421165342406     -1.69710029477040      4.09147419212221      pb
   -2.16546041130908      4.25865429405641      1.44872281860342      pb
    2.37421165342406      1.69710029477040      4.09147419212221      pb
    2.90633150739609      0.59956134481649     -1.66563748860971      pb
   -2.90633150739609     -0.59956134481649     -1.66563748860971      pb
    4.70079672826947     -5.96211691874752      4.29363973868841       n
   -4.70079672826947      5.96211691874752      4.29363973868841       n
    5.46376817139897      2.14152740786968     -4.55329963571750       n
   -5.46376817139897     -2.14152740786968     -4.55329963571750       n
    4.93545743837893      1.51417348297424     -7.17723784078982       c
    5.80905250405601      2.92527034262993     -8.43920941986347       h
    2.89445968095530      1.54644263527285     -7.53574609893074       h
    5.66562947205889     -0.35780905947433     -7.75290567744295       h
   -4.93545743837893     -1.51417348297424     -7.17723784078982       c
   -5.80905250405601     -2.92527034262993     -8.43920941986347       h
   -2.89445968095530     -1.54644263527285     -7.53574609893074       h
   -5.66562947205889      0.35780905947433     -7.75290567744295       h
   -6.42714695990712      7.93164466717148      3.47162021227528       c
   -7.04199429935608      7.59634810400770      1.52119702806640       h
   -5.60794047980502      9.85234718373515      3.56942336586686       h
   -8.13477907632243      7.94348210059678      4.67009019050437       h
    6.42714695990712     -7.93164466717148      3.47162021227528       c
    8.13477907632243     -7.94348210059678      4.67009019050437       h
    7.04199429935608     -7.59634810400770      1.52119702806640       h
    5.60794047980502     -9.85234718373515      3.56942336586686       h
   -8.15187221604910     -2.01688107260480     -3.98410826844309       c
   -9.18405007465056     -3.44967935811781     -5.09255244992439       h
   -9.01417673504172     -0.16411118670572     -4.42275527624106       h
   -8.49290731053943     -2.42672071739420     -1.98109986430119       h
   -3.79350576706872      6.38867912797030      6.84624456195996       c
   -2.49886951601830      4.87448259033733      7.41613928529844       h
   -5.39046796264636      6.38488512482732      8.18967297466347       h
   -2.80442141201507      8.21445673280475      7.08632746324249       h
    3.79350576706872     -6.38867912797030      6.84624456195996       c
    2.49886951601830     -4.87448259033733      7.41613928529844       h
    5.39046796264636     -6.38488512482732      8.18967297466347       h
    2.80442141201507     -8.21445673280475      7.08632746324249       h
    8.15187221604910      2.01688107260480     -3.98410826844309       c
    9.18405007465056      3.44967935811781     -5.09255244992439       h
    9.01417673504172      0.16411118670572     -4.42275527624106       h
    8.49290731053943      2.42672071739420     -1.98109986430119       h
$end
