$coord
   -0.44045547570046     -7.64962477473020      2.32875183482138      in
   -1.74647657076902     -0.53463054410291      1.92103038404651      in
    4.24318121653748     -2.18429531160600      1.58164142998446      in
   -3.15753771460094      3.65162607439862     -2.63913330387813      in
    0.65589483652025      4.44660305303217     -1.82159394016430       o
    0.49761893511872     -3.90623756808236      1.99785360921565       o
    1.87782104028718      1.11478893694903      0.80055412734894       n
   -3.79039206533106     -0.18469805209397     -1.69035283866523       c
    2.29053174597967      2.85190115887373     -0.83147420416627       c
   -2.95151863851879      0.12576221854223      4.86823269912111       h
   -2.75792772424891     -1.35526187770395     -3.05378362446626       h
   -4.27531582033593      6.52076153554063     -3.56772317927138       h
   -5.79657483141926     -0.66499859213181     -1.73181758726513       h
    5.55980462003544     -2.08890344855108      4.55973037372397       h
    5.56515897004059     -3.33043348217555     -1.17806773908334       h
    4.22618728743242      3.18764086281403     -1.54384785232937       h
$end
