$coord
    0.00000000000000      0.00000000000000      1.64392963768357      ca
    0.00000000000000      4.62956633654256      2.79127496530235      cl
    0.00000000000000     -4.62956633654256      2.79127496530235      cl
    4.07588036110384      0.00000000000000     -0.70042377603331       n
    5.06901175362873      1.54911621979579     -0.14734156809180       h
    5.06901175362873     -1.54911621979579     -0.14734156809180       h
   -4.07588036110384      0.00000000000000     -0.70042377603331       n
   -5.06901175362873      1.54911621979579     -0.14734156809180       h
   -5.06901175362873     -1.54911621979579     -0.14734156809180       h
    4.10337115192048      0.00000000000000     -2.61813277744092       h
   -4.10337115192048      0.00000000000000     -2.61813277744092       h
$end
