$coord
    0.01636238263379     -0.56619974184449      1.18837354948359      mo
    3.96878693593207      0.75978064056591      3.12109188961884       p
    0.76293629422356      1.91195913172431     -2.70781351019812       p
   -3.85253363028280     -1.64278616440478     -0.82490872868703       p
   -0.90938345493997     -2.64251855926008      4.09675748842503       c
   -1.84867220376766     -4.36822439428880      6.35947926884539       s
    1.82881722930797     -3.60716573194394     -0.38692709345800       c
    2.83594015406908     -5.32795336575737     -1.24597410255478       o
   -1.65925928498955      2.49826007934270      2.79337312821995       c
   -2.66308785019536      4.20868388816381      3.70090824203617       o
    5.18799401277642      3.50052678590545      2.44243586882987       o
    4.85406239879338      3.94555350910448      0.69135535830030       h
    6.30674759513761     -1.19684330197991      2.65251917889100       o
    7.86134458761637     -0.64302428982192      3.45006164971308       h
    3.99260069765292      1.18656470363587      6.17756988559542       o
    2.75839751016381      0.09703724759275      6.97230970360017       h
    1.25219470301604      0.35324367012675     -5.33159845848163       o
    0.18205829366869     -1.13347360401895     -5.41071014198925       h
    3.21926920898335      3.78004808246306     -2.81690210821363       o
    3.30293003019387      4.81161877206027     -4.33016644394869       h
   -1.40601878761016      3.96405865219243     -3.51355550268052       o
   -3.08470313436575      3.38018279011143     -3.04489813222224       h
   -5.83856114442990      0.66178095545723     -1.65092445893862       o
   -6.64826456979004      1.38743654369627     -0.17894629268455       h
   -5.87873634392148     -3.51733589979540      0.55399078826284       o
   -5.13363755254558     -4.26054307531926      2.05926536193756       h
   -3.58205372837459     -2.85098294094915     -3.66376983242893       o
   -5.19510051684551     -3.18101189253696     -4.47183769982710       h
$end
