$coord
   -0.87516108171762      2.53058781315121      0.00000000000000      sn
   -0.26006127485824     -0.38332546443463     -3.09735163824429       c
   -0.26006127485824     -0.38332546443463      3.09735163824429       c
    1.39676347596330     -1.55306858198812     -2.68446613288515       h
   -1.92046705668837     -1.61448014573742     -3.23909640446899       h
    0.01822055033339      0.53380530070373     -4.93455414929075       h
   -1.92046705668837     -1.61448014573742      3.23909640446899       h
    0.01822055033339      0.53380530070373      4.93455414929075       h
    1.39676347596330     -1.55306858198812      2.68446613288515       h
    2.40619394529676      3.50351765544492      0.00000000000000       h
$end
