$coord
    0.00000000000000      0.00000000000000      2.42341407461909      ge
    0.00000000000000      0.00000000000000     -2.42341407461909      ge
    2.39056950071514      0.00000000000000      0.00000000000000       o
   -2.39056950071514      0.00000000000000      0.00000000000000       o
   -0.30537634043967      2.72405910775733      4.31578789580188       o
    0.30537634043967     -2.72405910775733      4.31578789580188       o
   -0.30537634043967     -2.72405910775733     -4.31578789580188       o
    0.30537634043967      2.72405910775733     -4.31578789580188       o
    0.78426204252704      2.68835972459497      5.77686649970694       h
   -0.78426204252704     -2.68835972459497      5.77686649970694       h
    0.78426204252704     -2.68835972459497     -5.77686649970694       h
   -0.78426204252704      2.68835972459497     -5.77686649970694       h
$end
