$coord
    0.73415519840815     -0.69343670265537      3.75783567466131      po
    1.98768272526079     -2.38354803432172     -3.89814651670167       s
   -2.11232792668999      3.61130593291319     -0.29047792863563      po
    1.05129754062556      2.98063459380372      2.06715251186926       o
   -0.18132848143887     -4.09240733888319     -4.31725772478261       o
    2.74271505099013     -2.04225612605088     -1.19496207962157       o
   -0.28571657468879      0.28258019623762      7.93693419957051       s
   -0.36383898656949      3.08607847704018     -5.26550150777575      po
   -3.57263835692487     -0.74895099808355      1.20442337141615       s
$end
