$coord
    0.00000000000000     -0.00000000000000     -0.00000000000000      ni
   -7.89181301988960      1.28047861188773      0.00000000000000       c
   -7.89181301988960     -1.28047880086034     -0.00000000000000       c
   -5.29477204265778     -2.05828572791389     -0.00000000000000       c
   -4.54787895632534     -4.54787895632534      0.00000000000000       c
   -3.70199936990127     -0.00000018897261     -0.00000000000000       n
   -5.29477204265778      2.05828553894128      0.00000000000000       c
   -4.54787933427056      4.54787914529795     -0.00000000000000       c
   -2.05828553894128      5.29477204265778     -0.00000000000000       c
    0.00000018897261      3.70199936990127      0.00000000000000       n
   -1.28047880086034      7.89181301988960      0.00000000000000       c
    2.05828534996867      5.29477204265778      0.00000000000000       c
    1.28047898983295      7.89181301988960      0.00000000000000       c
    4.54787933427056      4.54787914529795     -0.00000000000000       c
    5.29477204265778      2.05828534996867      0.00000000000000       c
    7.89181301988960      1.28047898983295      0.00000000000000       c
    3.70199974784650     -0.00000018897261      0.00000000000000       n
    5.29477204265778     -2.05828534996867      0.00000000000000       c
    7.89181283091699     -1.28047898983295      0.00000000000000       c
    4.54787895632534     -4.54787914529795     -0.00000000000000       c
    2.05828553894128     -5.29477185368517      0.00000000000000       c
    1.28047880086034     -7.89181283091699      0.00000000000000       c
    0.00000018897261     -3.70199955887388      0.00000000000000       n
   -1.28047880086034     -7.89181301988960     -0.00000000000000       c
   -2.05828572791389     -5.29477185368517      0.00000000000000       c
    9.48052145866712      2.56681556373838     -0.00000000000000       h
    9.48052145866712     -2.56681556373838     -0.00000000000000       h
    5.99773787827565     -5.99773787827565      0.00000000000000       h
    2.56681556373838     -9.48052145866712     -0.00000000000000       h
   -2.56681556373838     -9.48052145866712     -0.00000000000000       h
   -5.99773806724827     -5.99773806724827      0.00000000000000       h
   -9.48052164763973      2.56681575271099      0.00000000000000       h
   -9.48052145866712     -2.56681575271099      0.00000000000000       h
   -5.99773825622088      5.99773825622088     -0.00000000000000       h
    2.56681575271099      9.48052145866712      0.00000000000000       h
   -2.56681575271099      9.48052164763973      0.00000000000000       h
    5.99773806724827      5.99773806724827     -0.00000000000000       h
$end
