$coord
    2.15376735295980     -2.79513435296930      0.00000000000000      at
   -1.66381900515875      1.47931616177358      0.00000000000000       c
   -1.60146673574397     -1.02489995637275      0.00000000000000       c
   -3.12508771551207     -2.39912807033938      0.00000000000000       h
   -3.43791278942223      2.51629562548836      0.00000000000000       h
    0.72723256469111      2.86939038519639      0.00000000000000       c
    0.13169860419415     -6.22832263810415      0.00000000000000       o
    1.30612691973161     -7.63831778742844      0.00000000000000       h
    2.80036983920112      1.75385368361934      0.00000000000000       o
    0.52288060499724      5.33817697307114      0.00000000000000       o
    2.18621036006199      6.12876997606520      0.00000000000000       h
$end
