$coord
    0.00000000000000      0.00000000000000     -2.83771649662744      bi
   -2.28088374924385      0.00000000000000      8.01619876192172       c
    0.00000000000000      0.00000000000000      9.33164222042666       c
    2.28088374924385      0.00000000000000      8.01619876192172       c
    2.23855652964009      0.00000000000000      5.40983954516304       c
    0.00000000000000      0.00000000000000      4.19909409499266       n
   -2.23855652964009      0.00000000000000      5.40983954516304       c
    0.00000000000000      0.00000000000000      2.24914126361652       h
   -2.89270525922000      0.00000000000000     -5.66066780714271       c
    2.89270525922000      0.00000000000000     -5.66066780714271       c
   -2.37366779024502      0.00000000000000     -8.21426927197306       c
    0.00000000000000      0.00000000000000     -9.38041132742103       c
    2.37366779024502      0.00000000000000     -8.21426927197306       c
   -4.07940281060253      0.00000000000000      8.99707169004046       h
    0.00000000000000      0.00000000000000     11.38329066326853       h
    4.07940281060253      0.00000000000000      8.99707169004046       h
    3.91946111562101      0.00000000000000      4.23593411684462       h
   -3.91946111562101      0.00000000000000      4.23593411684462       h
   -4.85394561371880      0.00000000000000     -5.05194507006782       h
    4.85394561371880      0.00000000000000     -5.05194507006782       h
   -3.99462289358025      0.00000000000000     -9.48778216438808       h
    0.00000000000000      0.00000000000000    -11.43380058597008       h
    3.99462289358025      0.00000000000000     -9.48778216438808       h
$end
