$coord
    2.84665112175073      2.36691863338634     -4.53334072632089      mg
   -0.70162601979461      3.02968432512778     -4.65190176551512       o
   -0.74542495810522      0.36825470960790     -7.18235559708401      mg
    2.94260876880775     -0.11375886716307     -7.22175204043909       o
    2.89576302506433     -0.26977012077532     -1.88809434739806       o
   -1.40794026113498      0.29992637029255     -2.18718602566080      mg
   -1.40736994179018     -2.36328469004622     -4.81893787031852       o
    2.19070601851553     -2.64301517928597     -4.68711152063826      mg
   -2.20874534411344      0.03235400100167      5.77818609546066       c
   -0.90347484826210     -0.00253279992655      3.23005689954571       c
   -2.40327318459655      0.29710406432351      1.32298327677471       o
    1.52734544098965     -0.30899422110772      2.97258077002771       n
   -3.20586084622959      1.83068238899424      6.00297166375397       h
   -0.90201692455596     -0.22628865645385      7.35591787106323       h
   -3.64087032020779     -1.45956776786739      5.82408074004491       h
    2.39140438171756     -0.51362661615867      4.66937625197400       h
    2.73212351399964     -0.32408557394922      0.01452632472985       h
$end
