$coord
    0.09686887299493      4.41392477502730      2.66748335316422      ga
    1.31485613162502      0.12388250796479     -2.16948874049167      ga
   -3.16891122026232     -0.41219783402192      0.91874194563331      ga
    2.65600288900411     -2.21413238638057      2.62437624358830      ga
    0.58175880190215      0.63127529557931      1.49345849415465       o
    2.25521087496033     -3.23588122443837     -1.04014891237315       o
   -1.67969629509601      5.41332060965958     -1.12386000029861       n
   -2.18949168050702      3.48249615304771     -2.12492238440133       c
   -2.38374494378404      0.91600222069596     -2.69941405551369       c
   -3.46772246316798      0.36526251726014     -4.35527617984669       h
   -4.50707731262302      1.65472167461602      2.58917612606841       h
    5.46021718703578     -1.34908738656016      2.88883661189505       h
    3.75384343924771     -3.91410015157442     -1.82268034371409       h
    1.10037297222493     -4.00841581560064      4.33708435335041       h
   -3.42842806502369     -3.31673334570795      1.24986656042892       h
    3.60594043352390      1.44966220146061     -3.43323288267142       h
$end
