$coord
   -0.00006708527747      0.00000680301405      2.48045300108565      si
    0.00005706972900     -0.00004818801621     -3.55072565968668      si
    3.27210047125797     -0.46527362685723      1.15100043589152       c
    3.21976885257104      0.43087267451598     -1.65577689768472       c
   -2.03906078814458     -2.60123163388864      1.15116144055744       c
   -1.23671387761999     -3.00367961493655     -1.65568241137843       c
   -1.23314872031085      3.06643042759128      1.15102519130376       c
   -1.98293762295863      2.57294848090740     -1.65578426761661       c
   -0.00000907068540     -0.00006179404432      5.33460066637786       h
    4.74437551348642      0.48698204470121      2.27539069334106       h
    3.70981036387010     -2.49513220465909      1.23699015557960       h
    4.76660606265898     -0.47558567335370     -2.70586690331583       h
    3.63190697124739      2.46856511197279     -1.72334688990574       h
   -4.01582543174033     -1.96549053752858      1.23707935065274       h
   -1.95040353105717     -4.35239510339513      2.27557456369311       h
    0.32189141294443     -4.37933806260787     -1.72329057606719       h
   -2.79513491988713     -3.88990069675127     -2.70589392639943       h
    0.30594817156537      4.46027427669005      1.23696464427690       h
   -2.79397991927898      3.86534219396420      2.27541204724628       h
   -3.95371769288624      1.91097930872803     -1.72335709442682       h
   -1.97146604051131      4.36573581395359     -2.70592775249708       h
$end
