$coord
    0.15051838668207      1.77318822750395      1.06609031673916      mo
    0.45699757128882      5.55152100556253     -0.37069377911861       c
   -2.18554253084910      4.72771946741267     -0.38717559244355       c
    1.00492895272893      6.93575805395502      1.06894777161415       h
    1.40756212693719      5.88469446142385     -2.16750358319641       h
   -3.15483691802179      4.50127623136171     -2.19379194127914       h
   -3.41899757576496      5.56692340732435      1.05732444415892       h
   -3.22626176256705     -0.91297091101740      1.71369549166290       o
    4.60613543333482      1.48515522653002      1.29440816110702       s
   -5.33153023936849     -0.01076028953353      3.16247972636541       c
   -4.08513680658637     -2.24858530619028     -0.55384452346069       c
   -1.83074286023027     -3.34958925796866     -1.94924682969550       c
    0.53041721073259     -0.68020899771924     -2.28097294431699       p
    3.75455548805195     -2.25514435660070     -2.64503869802159       c
    5.77669113312246     -0.54194888647072     -1.58406481476832       c
   -5.10685937745102     -0.88720978652380     -1.74815389167837       h
   -5.40321907865354     -3.73194434803763      0.06628837996243       h
   -2.47359858648176     -4.13527426426851     -3.75744166676405       h
   -0.97842063052515     -4.87876168617684     -0.83752283955008       h
    4.10639093426968     -2.67882057608400     -4.64034892484438       h
    3.68478679948344     -4.05393875105592     -1.61810086099466       h
    6.36023572621359      0.91109668064572     -2.93560109741505       h
    7.45078306744687     -1.55268194402276     -0.91085101624935       h
    3.96131911622770     -1.11670965458340      3.51096544405235       c
    0.04639485508977     -0.00550099275252     -4.87185794972106       h
    1.91243572065327     -1.58951232827148      3.53123918182154       h
    4.52875549484899     -0.56607218533099      5.41566878334363       h
    4.98157809420784     -2.81987370254662      2.93149075411859       h
   -4.55236800073743      0.88693766596167      4.84998814926593       h
   -6.56059696227476     -1.59304649407215      3.71063711905018       h
   -6.41237421489045      1.38428334668258      2.07298704128300       h
$end
