$coord
   -0.00000207869874     -0.00001398397333     -0.20976356840063      re
   -0.00000264561658     -3.81074479365231     -0.41367711163328       c
   -0.00000321253441      3.81069131440295     -0.41320808160883       c
   -0.00005858150990     -0.00042632221400     -4.93726363861008      cl
    0.00002381054919      0.00016213850160      3.46989338054142       c
   -3.81073232145988     -0.00001473986378     -0.41322962448667       c
    3.81072381769231     -0.00001511780901     -0.41317425551118       c
    0.00005669178378      0.00043388111851      5.64726435767687       o
    5.95814943874618     -0.00002683411099     -0.57889832346536       o
   -0.00000396842486     -5.95812298258041     -0.57989950036687       o
   -5.95814584826654     -0.00002570027531     -0.57901340778643       o
   -0.00000510226054      5.95810295148348     -0.57903060429418       o
$end
