$coord
    5.34182319963108     -1.20356430191932     -1.01951631561265      pd
   -1.82718488388041      0.21054780474288     -3.53057872254054       c
    0.92434668435014      0.30849608930093     -3.62871522382073       c
    1.68822784163665      2.50940719581420     -2.22932578443287       c
   -0.61205961546802      3.71116284085841     -1.30560063100554       c
   -2.78499068107065      2.30125102845627     -2.09932245354627       c
   -2.44315793318258     -2.00825201619607     -2.18602119847679       c
   -3.91118449313476     -1.33949570366289      0.01398624100307       c
   -4.19372859560337      1.39026659754243      0.10158638529565       c
    2.05437834120335     -2.04506652674533     -2.79617502514683       c
    4.62053061107154     -2.84349622398353      1.96010273937100       c
    3.46980834286576      2.03452298879844     -0.20168574510282       c
    1.84990808465400      2.30039498252123      2.03919873815177       c
   -0.51026233673672      3.56172670032865      1.35464072472636       c
   -2.68776011449522      2.18453455093354      2.25367566145564       c
   -0.07854948998516     -3.26053062305210     -1.49698963639352       c
   -2.38207933917666     -2.15704016963726      2.08635061752759       c
   -0.08835074350979     -3.41686766544845      1.21565476967287       c
    2.07186152040241     -2.34317479153215      2.55483583393580       c
   -1.62875891634478      0.01476820967397      3.46744240575612       c
    1.12718213882796      0.09040865526091      3.44645643021008       c
$end
