$coord
    0.66826366093216     -0.67884026908625     -0.00000000000000      au
    0.83902630565585     -0.74380867534973      3.99716967748014       c
    0.83902592771062     -0.74380810843190     -3.99716967748014       c
   -2.74487727562339      1.40337147028037      0.00000018897261       c
   -0.97257400686420     -1.36466137545422     -4.78560914858111       h
    1.27647825065179      1.13219482634954     -4.76600437386050       h
    2.32391961614482     -2.05132322097560     -4.64468244479631       h
   -0.97257325097375     -1.36466232031728      4.78560933755372       h
    2.32392037203527     -2.05132359892082      4.64468187787848       h
    1.27647881756963      1.13219425943171      4.76600475180572       h
   -2.42854411413309      2.66533378969600      1.65372276538586       h
   -2.42854449207832      2.66533341175078     -1.65372295435847       h
$end
