$coord
   -0.00024717617727     -0.46243242362693      1.08113064697526      cr
    3.72439035682193      0.74597260073651      2.87659099762655       p
    0.88935216903274      1.64892985301272     -2.69252921631917       p
   -3.66197799411635     -1.49906795718679     -0.73576259945084       p
   -0.89665085824883     -2.23822412681454      3.83022257877727       c
   -1.77604454854326     -3.85463991902273      6.21573044806416       s
    1.63738022487640     -3.36086714348807     -0.22204130801326       c
    2.60953150000624     -5.16279130235303     -0.95157820474230       o
   -1.42906739922263      2.47060847283274      2.43050092553647       c
   -2.30399698948983      4.27229641593195      3.31649089384599       o
    4.56425456704200      3.71802783792861      3.02529468030991       o
    3.26914134911741      4.77788300331534      3.75743656450351       h
    6.25556927630532     -0.34208086892840      1.54456349161325       o
    7.79862457749749      0.31608277277861      2.28081912061034       h
    4.08367340267447      0.02075750765742      5.86327517167714       o
    2.88952352734181     -1.27383811428129      6.36842863383246       h
    1.22826226649448     -0.10902378040939     -5.21489161856214       o
   -0.00486850141818     -1.46643881206119     -5.24593585038594       h
    3.44747537053717      3.29182051927227     -2.91741323934364       o
    3.72298855798173      3.96247449478108     -4.60056659941439       h
   -1.16723790762838      3.78086009777937     -3.58920010566493       o
   -2.87921374851670      3.30225558693953     -3.12380685914393       h
   -5.61950881622999      0.78300461876286     -1.68555992629209       o
   -6.48692920179066      1.54294796474821     -0.26528183225367       h
   -5.72678535586336     -3.23099873904686      0.75987172536518       o
   -5.00297395135059     -3.91902024251583      2.30331196376918       h
   -3.45278701273187     -2.91357085921183     -3.48835279225713       o
   -5.08144823023594     -3.29225515628123     -4.24018789035404       h
$end
