$coord
    0.47038458013736      6.87848952576416     -0.06626608119415      cl
    0.14287557833845      3.51196983348827      0.05388478458981       c
   -0.16777914511611     -3.84470600672406     -0.03523224286404       c
    1.66409074777565      2.66326794109516     -1.04393214407722       h
    0.18506409204456      2.91804440786969      2.02436419909078       h
   -2.80742947806229      2.46304616682208     -1.28094348451470      cl
   -0.25931823454553     -5.90140890003489     -0.00219661764876       h
   -1.87161839222411     -2.98067163243579     -0.80424306171933       h
    0.20072387450474     -2.76447392452167      3.16064347948886      cl
    2.44300637714728     -2.94355741132296     -2.00607864217866      cl
$end
