$coord
   -0.01810093066962      0.44305120350701     -0.01680401162941      ir
    0.06334361974043      0.43690373544682     -5.20162800882962       i
   -0.09502450029605      0.59148200973778      5.16566954421540       i
    4.39210297361577      0.15842613462854      0.05605985936073       p
   -4.36421193880566     -0.35999490568417     -0.07694416764120       p
    0.24870420981415     -4.12827547458859      0.05754650690398      cl
   -0.36916631349104      6.11463217902683     -0.10929552302629       o
    5.37192634784418     -1.11203050372304      2.17170954663484       h
    5.84159358794415      2.39413068959941      0.04257496269886       h
   -0.23133517007309      3.95365911137634     -0.07383840275327       c
   -5.25290629417397     -1.72641297054503      2.01936908602217       h
   -5.17305440494283     -1.82261968350545     -2.14008176738336       h
    5.43557213479214     -1.17813935970351     -1.98721634085291       h
   -6.06909733829696      1.68675064272403     -0.15689999180926       h
$end
