$coord
   -0.00000170075351      0.00000094486306      0.00000094486306      pt
    2.28402617481862     -2.28402579687340      2.28402447406511       n
   -2.28402560790078      2.28402617481862      2.28402636379123       n
    2.28402617481862      2.28402447406511     -2.28402560790078       n
   -2.28402428509249     -2.28402598584601     -2.28402598584601       n
    3.49011817440395      3.49011855234918     -3.49011836337656       n
    3.49011817440395     -3.49011817440395      3.49011836337656       n
   -3.49011893029440     -3.49011855234918     -3.49011855234918       n
   -3.49011836337656      3.49011817440395      3.49011817440395       n
$end
