$coord
    0.00000000000000      0.00000000000000      0.00000000000000      zn
   -2.28884648822059      0.00000000000000     -3.69612307754015       c
    1.85171579666605      1.34535026417356     -3.69612307754015       c
    1.85171579666605     -1.34535026417356     -3.69612307754015       c
   -0.70729255255576     -2.17682238964110     -3.69612307754015       c
   -0.70729255255576      2.17682238964110     -3.69612307754015       c
   -4.33343207966687      0.00000000000000     -3.69919860681006       h
    3.50582009775673      2.54712745209561     -3.69919860681006       h
    3.50582009775673     -2.54712745209561     -3.69919860681006       h
   -1.33910415240960     -4.12133885689822     -3.69919860681006       h
   -1.33910415240960      4.12133885689822     -3.69919860681006       h
   -2.28884648822059      0.00000000000000      3.69612307754015       c
    1.85171579666605      1.34535026417356      3.69612307754015       c
    1.85171579666605     -1.34535026417356      3.69612307754015       c
   -0.70729255255576     -2.17682238964110      3.69612307754015       c
   -0.70729255255576      2.17682238964110      3.69612307754015       c
   -4.33343207966687      0.00000000000000      3.69919860681006       h
    3.50582009775673      2.54712745209561      3.69919860681006       h
    3.50582009775673     -2.54712745209561      3.69919860681006       h
   -1.33910415240960     -4.12133885689822      3.69919860681006       h
   -1.33910415240960      4.12133885689822      3.69919860681006       h
$end
