$coord
    0.00457975126614     -0.09645540091859     -0.08676583020799       v
   -0.31825444604251      1.03749044565922      3.21480151847648       n
   -3.52598026298575     -0.46035996098465     -0.76624501569741       n
    3.56037082183331      0.56930493981458     -0.40643568111881       n
    0.53368813768392     -3.55834692515246     -0.13641819519361       n
   -1.90806856357629      5.60760751006163     -1.41718310058941       c
   -3.81601391700918      4.85123858104344     -1.43058900669921       h
   -1.60754730749930      7.42557619962599     -0.51447774880578       h
    0.02262852549468      4.35083343372468     -2.49767558705195       c
    1.89928984085839      5.18579323773019     -2.35687114854750       h
   -0.12366670124121      1.84919376817841     -3.65884652895310       c
   -1.88603813640046      1.45929678114094     -4.64782713804244       h
    1.51162348653994      1.35752501371234     -4.81366269983805       h
   -4.73940553377528     -0.69533908994633      0.69505638691789       h
   -4.45952802384293     -0.57867287913854     -2.42696127953003       h
    4.61345547645614      0.67612189805413     -1.99800951162104       h
    4.49444317066304      1.38610806622976      1.04764016468148       h
   -0.81843603876057      2.78506570319785      3.80089648594714       h
   -0.08162653103597     -0.15995303333828      4.68726780098887       h
   -0.85727198934671     -4.82912613975374     -0.42782568011057       h
    2.27895226017056     -4.32538392506924     -0.07914739933140       h
$end
