$coord
   -0.10145599419296      0.28955819893015     -0.00013001315746      mo
   -0.07336842786576      0.19751927694042      4.39227531663845       n
   -0.07293851517211      0.19716022897650     -4.39244010075663       n
   -6.07564618418629      0.96373519085549     -0.00043425906373       o
    5.85275185379979     -0.57883955298285      0.00065119962299       o
   -0.91378878448469     -5.54903639365218      0.00076080373829       o
    3.68295905637446     -0.21914473580747      0.00046241598301       c
   -0.60345229090973     -3.36162435674672      0.00017120918701       c
   -3.88539634555756      0.76328891711865     -0.00050323406733       c
    0.71457914752464      1.71649115249356     -5.25210807385838       h
    0.92070480416029     -1.34005959793886     -4.95936341873473       h
   -1.84632818748108      0.00570565009195     -5.09024906274952       h
   -1.84719443793720      0.01626789632749      5.09166673528917       h
    0.72326376188148      1.71287213798984      5.25070703090863       h
    0.91208935377966     -1.34488142312173      4.95932751393834       h
    0.31605820633898      3.83455950023622      0.77327819839282       h
    0.31783776143174      3.83419591692960     -0.77407018261218       h
$end
