$coord
    0.00000000000000      0.00000000000000      0.00000000000000      ar
    5.40796663759965      0.00000000000000      0.00000000000000      si
    2.80674426336903     -2.80674426336903     -2.80674426336903      si
    0.00000000000000      0.00000000000000     -5.40796663759965      si
   -2.80674426336903      2.80674426336903     -2.80674426336903      si
    0.00000000000000      5.40796663759965      0.00000000000000      si
    2.80674426336903      2.80674426336903      2.80674426336903      si
    0.00000000000000     -5.40796663759965      0.00000000000000      si
   -5.40796663759965      0.00000000000000      0.00000000000000      si
    0.00000000000000      0.00000000000000      5.40796663759965      si
   -2.80674426336903     -2.80674426336903      2.80674426336903      si
    7.10901683791843      1.59080320018809     -1.59080320018809       h
    7.10901683791843     -1.59080320018809      1.59080320018809       h
    4.43907891948926     -4.43907891948926     -4.43907891948926       h
   -1.59080320018809     -1.59080320018809     -7.10901683791843       h
    1.59080320018809      1.59080320018809     -7.10901683791843       h
   -4.43907891948926      4.43907891948926     -4.43907891948926       h
   -1.59080320018809      7.10901683791843      1.59080320018809       h
    1.59080320018809      7.10901683791843     -1.59080320018809       h
    4.43907891948926      4.43907891948926      4.43907891948926       h
    1.59080320018809     -7.10901683791843      1.59080320018809       h
   -1.59080320018809     -7.10901683791843     -1.59080320018809       h
   -7.10901683791843      1.59080320018809      1.59080320018809       h
   -7.10901683791843     -1.59080320018809     -1.59080320018809       h
   -1.59080320018809      1.59080320018809      7.10901683791843       h
    1.59080320018809     -1.59080320018809      7.10901683791843       h
   -4.43907891948926     -4.43907891948926      4.43907891948926       h
$end
