$coord
    0.00000000000000      0.00000000000000      0.00000000000000      ba
   -4.28132666119722      0.51140373131677      2.70040691762024       o
   -6.62696792326890      0.43924680687033      2.33119184919515       c
   -6.62696792326890     -0.43924680687033     -2.33119184919515       c
   -4.28132666119722     -0.51140373131677     -2.70040691762024       o
    1.69777473802474     -3.96343957791359      2.70040691762024       o
    2.58355192317248      3.45203584659682      2.70040691762024       o
    2.93308492707840     -5.95874583631151      2.33119184919515       c
    3.69388280721788      5.51949902944118      2.33119184919515       c
    3.69388280721788     -5.51949902944118     -2.33119184919515       c
    2.93308492707840      5.95874583631151     -2.33119184919515       c
    2.58355192317248     -3.45203584659682     -2.70040691762024       o
    1.69777473802474      3.96343957791359     -2.70040691762024       o
   -7.84688270254741      0.00000000000000      0.00000000000000       c
    3.92344125678740     -6.79559971281302      0.00000000000000       c
    3.92344125678740      6.79559971281302      0.00000000000000       c
   -8.28968200556183      0.87268761919142      4.64364271748184       c
   -8.28968200556183     -0.87268761919142     -4.64364271748184       c
    3.38907149488986     -7.61541903109775      4.64364271748184       c
    4.90061051067197      6.74273141190633      4.64364271748184       c
    4.90061051067197     -6.74273141190633     -4.64364271748184       c
    3.38907149488986      7.61541903109775     -4.64364271748184       c
   -9.89800901406068      0.00000000000000      0.00000000000000       h
    4.94900450703034     -8.57192734232994      0.00000000000000       h
    4.94900450703034      8.57192734232994      0.00000000000000       h
   -7.82669608115262     -0.55101749317633      6.07372584449714       h
  -10.31219483996706      0.79123607679470      4.22462561776197       h
   -7.83119608597624      2.71995991384501      5.45848374126048       h
   -7.83119608597624     -2.71995991384501     -5.45848374126048       h
   -7.82669608115262      0.55101749317633     -6.07372584449714       h
  -10.31219483996706     -0.79123607679470     -4.22462561776197       h
    1.56004356111885     -8.14199480656159      5.45848374126048       h
    4.39054319367144     -6.50260901534777      6.07372584449714       h
    4.47086694751622     -9.32624081624098      4.22462561776197       h
    5.84132808142346      8.53500473944628      4.22462561776197       h
    6.27115252485740      5.42203489271659      5.45848374126048       h
    3.43615288748118      7.05362631955149      6.07372584449714       h
    3.43615288748118     -7.05362631955149     -6.07372584449714       h
    5.84132808142346     -8.53500473944628     -4.22462561776197       h
    6.27115252485740     -5.42203489271659     -5.45848374126048       h
    1.56004356111885      8.14199480656159     -5.45848374126048       h
    4.39054319367144      6.50260901534777     -6.07372584449714       h
    4.47086694751622      9.32624081624098     -4.22462561776197       h
$end
