$coord
   -0.00558980988044      1.47917443231414      0.01124897270969      ir
    5.81874736599976     -2.73308179411809      1.46212721293232       c
    3.63085798427490     -2.47302505460255      2.82897084411674       c
    1.37441066151039     -2.11487263189114      1.42047122404849       c
   -1.40794347366939     -2.11749235921948      1.36812146399075       c
   -3.71518020962948     -2.48806311716730      2.68977078309318       c
   -5.84773368607245     -2.75770416964821      1.24078453666781       c
   -5.79594819823591     -2.75296927186714     -1.46943705153256       c
   -3.60876462921907     -2.48035681402585     -2.83478288578958       c
   -1.35331961719174     -2.11989476804335     -1.42488619119645       c
    1.42620087366224     -2.11681262473199     -1.37115523031328       c
    3.73475833921172     -2.46448916169182     -2.69447336655750       c
    5.87012769655490     -2.72772914486645     -1.24696053959250       c
   -7.65830466477172     -3.03327896216448      2.16822545857650       h
    7.59367659818351     -3.00182541566181      2.45813987088139       h
    7.68132587535536     -2.99180948924927     -2.17619972488261       h
   -3.78691024494407     -2.60732751242559      4.73749161915496       h
   -3.60274339486409     -2.59312451983588     -4.88423716762665       h
    3.80693038146716     -2.57604498613731     -4.74264490230031       h
    3.00783946905751      5.08750555835992     -3.10603625260112       h
   -2.27880901893021      4.95397127420706      0.39676822020389       c
   -0.35017173133648      5.03773659727234      2.30228659837327       c
    2.02966582573702      5.01807569768578      1.03044044440130       c
    1.57099981525164      5.08279881749813     -1.65394726484962       c
   -1.08065027859406      5.07048347233559     -2.04586096760866       c
   -4.29438561359030      4.91232095450161      0.73237753304151       h
   -0.64605956792535      5.04821437275005      4.32232030107392       h
    3.86976793255107      5.00690458169248      1.91943243163444       h
    3.62499359718837     -2.59239999883921      4.87781361057947       h
   -2.03830395283116      5.06984871332989     -3.84974817397321       h
   -7.56948451329225     -3.02473286473268     -2.46642159562818       h
$end
