$coord
    0.69377194007011      0.07483183177766     -0.02353634992557      co
    3.56332389685027      2.62755627471298      0.57054157659138       c
    3.56640887475081      1.81317936767086     -1.98475705127266       c
    3.85792482994740     -0.87917391514599     -1.99050503122983       c
    3.29802354528056      2.99672995813591     -3.62814509344854       h
    4.08733493601603     -1.72260592829178      0.56176134209257       c
    3.86778088552968      0.44185538481453      2.14536770930275       c
    3.85975805326214      0.43624289822059      4.18889014083060       h
    3.29058747297511      4.54434157799025      1.22285387032213       h
    3.83721456544312     -2.07515417920420     -3.64800989448409       h
    4.28430694827039     -3.65902888752425      1.18158092892402       h
   -2.04666844758226      3.55755021661778      2.99724245186126       h
   -2.34146080993595      1.93574095707364      1.74483628849173       c
   -2.68927246231378      2.36794626645361     -1.10214704711193       b
   -2.26570811461713     -0.03152271047888     -2.67409437104310       c
   -1.90744533189997      0.12924857427191     -4.70707572126802       h
   -1.93874713339473     -2.45169987321690     -1.59149313919666       c
   -1.35855812698537     -3.96920021903580     -2.87443293039076       h
   -1.97560265100092     -2.93091665532153      1.26883430847249       b
   -2.01679622390175     -0.48439652141574      2.82778636378102       c
   -1.50189271979980     -0.54048208105179      4.83192709181756       h
   -1.53410083394455     -5.63232323806238      2.48132718839150       c
   -2.95484795800742      5.09108847909464     -2.31614377108194       c
   -0.51708897236656     -6.94145444438896      1.23510156328937       h
   -3.37474321345800     -6.51995764604667      2.86699742500315       h
   -0.53820363826178     -5.56831651342437      4.29963886324771       h
   -2.11199911434408      6.59477738357712     -1.16257103998784       h
   -4.97094101481772      5.56891687941457     -2.49395792884445       h
   -2.16235974868169      5.22622695175579     -4.22781793210646       h
$end
