$coord
   -0.57235533572702     -0.03804415533939      0.15397072734149      ru
    3.40291166006340      0.42366072372907     -2.23831502264120       s
   -4.03479847101705     -0.44087008161248      2.62405083274942       p
   -2.62904840246200     -0.29162650417495     -3.73592940249194       p
    0.67036824891858     -4.17991318584209      0.23199884188851       p
   -0.32563004711193      4.27995944434512      0.20165021825166       p
    5.87520123325774      0.72428421398947      0.18694777104687       c
   -6.50466522634537     -0.72963119406272      1.59376629075351       h
   -4.69002680113270      1.49126357725941      4.36968137313187       h
   -4.22684226650766     -2.47201915338573      4.36998731979166       h
   -2.43926849887023      1.72675841248085     -5.49605281945182       h
   -1.99099522618689     -2.23452234230650     -5.47568270565021       h
   -5.29162186920589     -0.59445776146825     -3.93146257727404       h
    3.17147784628653     -4.67715304189995      1.01196024569821       h
   -0.54349808394873     -6.04022100028480      1.75029910877650       h
    0.71829491600602     -5.58606368736322     -2.04591274610451       h
   -1.94256438016906      5.82130983462649      1.70157478829132       h
   -0.59638943951415      5.64013366511337     -2.08843309571834       h
    1.98958397871606      5.34941819790372      0.98112407272087       h
    1.01902687654604      0.15887267691209      2.78494249305444       h
    7.69493927339379      0.93937151883200     -0.77308469043752       h
    5.54914448598659      2.37818782616558      1.38532288502444       h
    5.94672850095903     -0.95423308097659      1.39319718481849       h
$end
