$coord
   -4.02059831301653      1.79867364095578      0.00000000000000      li
    0.71293470784988     -1.56923254337869     -1.46551908235572       c
    0.66892487610361      1.23886816540352     -2.16557738535627       c
   -0.43704659874193      2.50735363043318      0.00000000000000       o
    0.66892487610361      1.23886816540352      2.16557738535627       c
    0.71293470784988     -1.56923254337869      1.46551908235572       c
    2.37063232316897     -2.50879473557679     -2.26556487337679       h
   -1.00070995018023     -2.49901767054657     -2.14242578366994       h
    2.57762215156199      2.00499828575248     -2.46528322460993       h
   -0.49898067176505      1.68492252166982     -3.81278702067658       h
    2.57762215156199      2.00499828575248      2.46528322460993       h
   -0.49898067176505      1.68492252166982      3.81278702067658       h
   -1.00070995018023     -2.49901767054657      2.14242578366994       h
    2.37063232316897     -2.50879473557679      2.26556487337679       h
   -5.20320196171989     -1.00951550700912      0.00000000000000       f
$end
