$coord
   -0.00000000000000      0.00022638918988     -3.84810278943538      si
    0.00000000000000     -0.00022638918988      3.84810278943538      si
    2.28749892452020     -1.32043554801176     -2.91146929478720       h
   -0.00000000000000      2.64203762396104     -2.91246669223646       h
    0.00000000000000     -0.00022525535421     -6.65082212512884       h
   -2.28749892452020     -1.32043554801176     -2.91146929478720       h
    0.00000000000000      0.00022525535421      6.65082212512884       h
   -2.28749892452020      1.32043554801176      2.91146929478720       h
    2.28749892452020      1.32043554801176      2.91146929478720       h
    0.00000000000000     -2.64203762396104      2.91246669223646       h
$end
