$coord
    0.00000000000000      0.00000000000000      2.06686111610065      as
    0.00000000000000      0.00000000000000     -2.48659687866621      si
    1.28739330875503      2.22983053028110      3.21226021478236       h
    1.28739330875503     -2.22983053028110      3.21226021478236       h
   -2.57478642853746      0.00000000000000      3.21226021478236       h
    2.72123906945964      0.00000000000000     -3.07234829392717       h
   -1.36061944024351      2.35666214483798     -3.07234829392717       h
   -1.36061944024351     -2.35666214483798     -3.07234829392717       h
$end
