$coord
   -3.33417268326089     -2.17102962317474      1.81581742534263      ba
   -1.22517880037484      6.16027983640642     -2.14137717464267      cl
    0.84495135295102      1.61066913505930     -5.88665221769029       p
    1.03008064054693     -4.36150055976020     -3.75035632762757      ba
   -0.61281777358973      4.66186969288406      4.22007251163420      ba
    4.25648677819000     -0.95299890084376      1.87654547515219      ba
    0.34586976981085     -0.10413222433247      4.51185397335148       f
   -4.53796734279495      2.36850543641426      2.88537406671454       f
    1.16970475611314     -4.73166786118014      0.92920365843894       o
   -3.56695727327255     -3.25997768918766     -3.09106810990303       o
    0.67584524214930      1.05347072567035     -2.07229445665786       c
   -0.04539707969530      3.20355235679418     -3.03638302629890       c
   -2.82095368102757     -6.60501138438459      3.72476074314260       h
   -4.28734165945598     -1.90700653749353     -4.07226059070966       h
   -1.14766525825190      7.40858604997318      7.95368605475885       h
    3.41635876220274      2.43805151524515     -6.12625059319414       h
    4.13207892636221      3.80105522294172      2.82195523587430       h
    5.51900014174394     -2.75227819902290     -2.60772681155599       h
    0.18807518165358     -5.86043680303602      2.04510016387037       h
$end
