$coord
   -0.00000132280829     -0.00000453534270     -0.18024547939611      ni
   -2.39665706445714      0.97310105148072      2.17580401623185       o
   -2.11360046826318      0.86112362913654      4.57382130555441       c
   -0.00001133835676      0.00000113383568      5.86158518960274       c
    2.11361766477092     -0.86114063667167      4.57380713260847       c
   -0.00000056691784     -0.00000245664396      7.90765100352345       h
   -3.74903011783241      1.53337158863256      5.65333888230860       h
    2.39664515918255     -0.97310690963171      2.17581384280770       o
    3.74902747221584     -1.53338330493454      5.65333302415761       h
    2.86351730536968     -0.15157398769600     -3.01723291968417       c
   -1.76655415496634      2.50628839181600     -2.74123388365264       c
    1.76653922612994     -2.50627894318537     -2.74125882803750       c
    4.52335371271808      0.23280140857418     -1.86064286288484       h
   -2.86349084920392      0.15156888543546     -3.01725389564417       c
   -2.68737253166679      3.80977101777963     -1.43997414253092       h
    2.68738330310571     -3.80978235613638     -1.43996526081813       h
   -4.52336618491051     -0.23280632186211     -1.86063851651475       h
    2.32481477941066      1.69399264015634     -5.12641747593633       c
    1.78330147481197      0.67381737704359     -6.83671524002484       h
    4.07050220054950      2.70682423857121     -5.57439425059051       h
   -0.29191676610789     -3.62644698555180     -4.34636234171078       c
   -1.17655482434694     -5.15711173048161     -3.27013251047045       h
    0.55617153221213     -4.52748559889238     -6.01762837958651       h
   -2.32482819646616     -1.69398848275887     -5.12640160223687       c
   -1.78329561666098     -0.67379753491926     -6.83671996434016       h
   -4.07049501959022     -2.70680779795391     -5.57440029771412       h
    0.29192092350537      3.62645038705883     -4.34635705047763       c
   -0.55617474474655      4.52749240190643     -6.01761212794183       h
    1.17655350153865      5.15711154150900     -3.27012060519586       h
$end
