$coord
    0.00000000000000      0.00000000000000      0.00000000000000      rn
    5.71501141723589      0.00000000000000      0.00000000000000      si
    3.01740923113172     -3.01740923113172     -3.01740923113172      si
    0.00000000000000      0.00000000000000     -5.71501141723589      si
   -3.01740923113172      3.01740923113172     -3.01740923113172      si
    0.00000000000000      5.71501141723589      0.00000000000000      si
    3.01740923113172      3.01740923113172      3.01740923113172      si
    0.00000000000000     -5.71501141723589      0.00000000000000      si
   -5.71501141723589      0.00000000000000      0.00000000000000      si
    0.00000000000000      0.00000000000000      5.71501141723589      si
   -3.01740923113172     -3.01740923113172      3.01740923113172      si
    7.42779284837168      1.58991124945666     -1.58991124945666       h
    7.42779284837168     -1.58991124945666      1.58991124945666       h
    4.66397069039084     -4.66397069039084     -4.66397069039084       h
   -1.58991124945666     -1.58991124945666     -7.42779284837168       h
    1.58991124945666      1.58991124945666     -7.42779284837168       h
   -4.66397069039084      4.66397069039084     -4.66397069039084       h
   -1.58991124945666      7.42779284837168      1.58991124945666       h
    1.58991124945666      7.42779284837168     -1.58991124945666       h
    4.66397069039084      4.66397069039084      4.66397069039084       h
    1.58991124945666     -7.42779284837168      1.58991124945666       h
   -1.58991124945666     -7.42779284837168     -1.58991124945666       h
   -7.42779284837168      1.58991124945666      1.58991124945666       h
   -7.42779284837168     -1.58991124945666     -1.58991124945666       h
   -1.58991124945666      1.58991124945666      7.42779284837168       h
    1.58991124945666     -1.58991124945666      7.42779284837168       h
   -4.66397069039084     -4.66397069039084      4.66397069039084       h
$end
