$coord
    1.30483963829464     -2.26011717090102      0.00000000000000       b
    2.42956210959712     -4.20760882297078     -0.00000000000000       h
    2.60017867849128     -0.00000000000000      0.00000000000000       o
    1.30483963829464      2.26011717090102     -0.00000000000000       b
    2.42956210959712      4.20760882297078      0.00000000000000       h
   -1.30022133661553      2.25189629533549     -0.00000000000000       o
   -2.60986711536620      0.00000000000000     -0.00000000000000       b
   -4.85867257465015      0.00000000000000     -0.00000000000000       h
   -1.30022133661553     -2.25189629533549      0.00000000000000       o
$end
