$coord
    4.54409893715568     -1.80770105163185     -0.25079311307373      zr
   -3.21288420234914     -0.19511554530827     -1.02958005209617      zr
   -6.64660312258014     -1.10088149752541      1.60680388924137      cl
   -0.01075499830038     -3.24718802276751     -0.92384911946118       s
    1.12980205512892      3.99801457403103      0.24780281045209       n
   -0.93159189431687      3.35294767923962     -0.17322382403008       c
    5.33018551025729      2.00264519878050      0.54007427815381       c
    3.88221196806279      4.35489351030619      0.73118662763696       b
    7.38493008038384      2.12856653226253      0.89589553471631       h
    5.95502968988491     -3.57037900036873      2.42858644399831       h
    4.49241341583121      6.47395925549811      1.20475804191305       h
   -4.38243589064607     -0.28748309067129     -4.28686204696523       h
    6.46729834884951     -2.50935938574322     -3.09363190133805       h
$end
