$coord
   -2.81688717937723     -2.81688717937723     -2.81688717937723      bi
    2.81688717937723      2.81688717937723     -2.81688717937723      bi
    2.81688717937723     -2.81688717937723      2.81688717937723      bi
   -2.81688717937723      2.81688717937723      2.81688717937723      bi
    0.00000000000000     -5.53895111429083      0.00000000000000       s
    0.00000000000000      0.00000000000000     -5.53895111429083       s
    5.53895111429083      0.00000000000000      0.00000000000000       s
   -5.53895111429083      0.00000000000000      0.00000000000000       s
    0.00000000000000      5.53895111429083      0.00000000000000       s
    0.00000000000000      0.00000000000000      5.53895111429083       s
    5.36604495322252     -5.36604495322252      5.36604495322252       s
   -5.36604495322252     -5.36604495322252     -5.36604495322252       s
    5.36604495322252      5.36604495322252     -5.36604495322252       s
   -5.36604495322252      5.36604495322252      5.36604495322252       s
$end
