$coord
    0.32878834638616      1.04408067655072      2.54623361163805      ga
   -0.32933995744231     -1.04427871984871     -2.54613288923554      ga
   -1.50566782568153      3.68331016748866      3.62466572970552       o
    2.64381887980732     -0.38473179861753      4.55344608949226       o
    1.41033152057470      1.68666447121269     -0.89520729646125       o
    1.71110278741815      4.17123367374579     -1.96839485761149       c
    3.64581894601371      4.37686951336960     -2.67334188209976       h
    1.35427052737830      5.59535395894341     -0.51011361529061       h
    0.36811430295675      4.43089111413093     -3.52070773812186       h
    3.52473002018085      0.82883066628874      6.78679736851854       c
    4.99283897219212      2.23618926972217      6.35767817087479       h
    4.36136487742436     -0.61269645317245      8.01972045552996       h
    2.00369286294470      1.77721315517952      7.83659182098355       h
   -3.70794369240293      4.40679502732686      2.25876620569361       c
   -4.13755932109995      6.38376073778240      2.71265801209450       h
   -5.34716526641641      3.24757938504819      2.79380247399576       h
   -3.47545012021465      4.25823817636349      0.19476802467371       h
   -2.64441055305734      0.38424273749614     -4.55335198113119       o
   -1.41029561577831     -1.68660022052441      0.89539022195024       o
    1.50504289325169     -3.68338141016360     -3.62463530511489       o
    3.70678718001387     -4.40760194038263     -2.25817868984107       c
    3.47586321434578     -4.25361023708114     -0.19440292958619       h
    5.34763788692050     -3.25248908249591     -2.79702294525953       h
    4.13273352749222     -6.38640540949561     -2.70752022470338       h
   -1.71118895892949     -4.17105755127086      1.96906778908492       c
   -0.36724427304838     -4.43093873522930      3.52050591537161       h
   -1.35576643457957     -5.59530860551639      0.51059927490497       h
   -3.64549032264041     -4.37587230489296      2.67534574768368       h
   -3.52336299230137     -0.82825392187511     -6.78809013016127       c
   -4.34844803243595      0.61543296557538     -8.02629405683154       h
   -5.00001482921003     -2.22740468885327     -6.36152262970533       h
   -2.00358855006255     -1.78605404988697     -7.83112030795860       h
$end
