$coord
    0.00009410836107      0.00001492883639     -0.00007785671639      zr
    1.78629404510496      2.40597549295660      2.19706721460056       o
    2.40580107123518     -1.78637643716405     -2.19716774803046       o
   -2.40506540085436      1.78661151909411     -2.19772124881274       o
   -1.78629347818712     -2.40599117768345      2.19689619438617       o
    3.45333238769180      3.10223695822498      2.31698621098887       h
    3.10251890536297     -3.45329421522406     -2.31675471953844       h
   -3.10328859081405      3.45290001835420     -2.31629570506246       h
   -3.45339304790045     -3.10207689842212      2.31706746921228       h
$end
