$coord
   -1.58940990511545      1.09655024524483     -0.41650678753422      ca
    0.00231812703865     -4.13279569948176     -1.40528179442105       s
    2.62478744799330      0.71950755326101      3.12189691294848       s
   -1.37351852180635      1.46166026160661     -4.97647980209275       n
    1.04322746520487      4.37338429147559      3.23679736366421      si
    0.52009703841378     -4.13804743735828     -5.36375630591143      si
   -0.21060430755404     -3.43383003612721      3.62291943379257      ca
   -0.65977085377710     -0.57693489802055     -5.41430836950559       c
    2.81514995414969      5.76244222018789      4.96974784174182       h
   -3.17227606660212     -1.13193668976074      2.62497150731796       h
$end
