$coord
    2.79242429673213      6.06478762889421      2.36580917517782       p
    4.18448613409417      4.68370377751541      6.09579255441460       p
    3.75175056756327      8.31802317313513      8.35042668496130       p
    0.15178563702210      4.10816141867704      5.02141106429801       p
    2.00430135475725      9.04316796840234      2.88443166029555       f
    0.66335131786786      8.99751407492653      8.31774708414813       o
    0.31621599847049     10.18446163707551      6.97174259678978       h
    0.62716230666627      1.73577486274539      3.83032802549509       h
    3.63399455169868      6.91877414039842     10.64437184324219       h
$end
