$coord
   -3.80725579230605      0.12977656375149     -4.68931513027368      ta
   -2.29226197922055     -0.45765935337811      0.01782162914821      ta
   -0.41516338123131      1.90811448392115     -6.95095882193921      cl
   -6.91184262496860     -0.70725230138927     -1.20261376967798      cl
    0.25797482824263      3.24561955008301      0.59769353951364       s
    1.50106142927701     -3.68413446602478     -1.92579287182902       h
    0.30224544219427     -3.61313953417316     -0.23772414513217       c
    0.94252755043488      2.74961368518537      3.02139900990135       h
    1.51900796932215     -3.65723364770464      1.45234636844985       h
   -6.73910294877198      1.31204289634138     -5.94287988473100       h
   -3.29052246639638     -3.16235179190669     -5.17097891873875       h
   -0.88603551070916     -5.32422909350843     -0.23659427788149       h
   -3.94811484389554     -0.70832887836320      2.97919027612569       h
$end
