$coord
    0.00000000000000      0.00000000000000      0.00000642506883      ir
   -2.84437267896072      2.84437192307027     -0.17895933179482       o
    2.84437192307027     -2.84437267896072     -0.17895933179482       o
    2.84436455313838      2.84436493108361      0.17894137939662       o
   -2.84436512005622     -2.84436455313838      0.17894137939662       o
   -0.00000000000000      0.00000000000000      4.72439373840368      br
   -0.00000000000000     -0.00000000000000     -4.72441074593881      br
   -2.20305934717320      4.22026053938373     -1.22090820830290       h
   -4.22026016143851      2.20305953614581     -1.22090783035767       h
    2.20305953614581     -4.22026016143851     -1.22090783035767       h
    4.22026053938373     -2.20305934717320     -1.22090820830290       h
    2.20304838676167      4.22026375191815      1.22091954665965       h
    4.22026394089076      2.20304819778906      1.22091973563227       h
   -4.22026375191815     -2.20304838676167      1.22091954665965       h
   -2.20304819778906     -4.22026394089076      1.22091973563227       h
$end
