$coord
    0.00000000000000     -0.00000000000000      4.38416782464047      sb
    2.35628760111982     -0.00000000000000     -0.90224425860891       c
    2.79391283400151      0.00000000000000      1.67507326910159       c
    0.00000000000000      0.00000000000000     -2.09617076831348       c
   -2.79391283400151      0.00000000000000      1.67507326910159       c
   -2.35628760111982      0.00000000000000     -0.90224425860891       c
   -0.00000000000000     -0.00000000000000     -4.15108919324362       h
   -4.00023632503726     -0.00000000000000     -2.14650041114262       h
   -4.75071762333758     -0.00000000000000      2.30521737462194       h
    4.75071762333758      0.00000000000000      2.30521737462194       h
    4.00023632503726     -0.00000000000000     -2.14650041114262       h
$end
