$coord
   -1.52106701490894      0.78536016237881      2.50576815021354      ga
   -1.35938658291897      1.34049858131791     -5.75152243776933       h
    1.10446857565761      3.39732279504602     -4.97603703926145       h
   -4.10385813434313     -2.38215814075611     -1.24694296513953       c
   -6.43336113529956     -1.15144697817507     -0.08094547374020       c
   -5.84724443597845     -0.60670923388774      2.59044054181925       n
   -0.69312206325541     -1.41961423325039      5.46207157528313       c
   -2.05667870481642     -0.68033617628752      7.91153854810966       c
   -2.18113361082474      4.50802784486436      2.51885450363545       c
   -4.77985304280160      5.41544560668816      3.41641791063048       c
   -1.99796075668699     -0.85666368650678     -0.76243929625245       o
   -4.39501901000066     -2.60370944278493     -3.29643334074561       h
   -3.85232727218985     -4.30023450492260     -0.44852781879250       h
   -6.78062212148430      0.65721499919181     -1.03162171220261       h
   -8.11075347630286     -2.35757922892688     -0.33118376322336       h
   -1.82201572703561      5.18753159679341      0.59032606426657       h
   -0.70520440518663      5.37292506810172      3.69838281204151       h
   -4.91574343748824      7.48457118160548      3.49917771042416       h
   -6.28637464674681      4.77984302725313      2.14041719377071       h
   -5.22931155171111      4.70475381477712      5.31209667383488       h
   -1.55868144652729     -1.90625952875596      9.51054145893068       h
   -1.60201740193706      1.26348354894699      8.46751241496903       h
   -4.12002322956937     -0.76552276237209      7.71297160700504       h
   -5.89159611918089     -2.21424652583857      3.63789796998435       h
   -7.09963850510077      0.61997095389413      3.36074638998863       h
    1.52106701490894     -0.78536016237881     -2.50576815021354      ga
    4.10385813434313      2.38215814075611      1.24694296513953       c
    6.43336113529956      1.15144697817507      0.08094547374020       c
    5.84724443597845      0.60670923388774     -2.59044054181925       n
    0.69312206325541      1.41961423325039     -5.46207157528313       c
    2.05667870481642      0.68033617628752     -7.91153854810966       c
    2.18113361082474     -4.50802784486436     -2.51885450363545       c
    4.77985304280160     -5.41544560668816     -3.41641791063048       c
    1.99796075668699      0.85666368650678      0.76243929625245       o
    4.39501901000066      2.60370944278493      3.29643334074561       h
    3.85232727218985      4.30023450492260      0.44852781879250       h
    6.78062212148430     -0.65721499919181      1.03162171220261       h
    8.11075347630286      2.35757922892688      0.33118376322336       h
    1.82201572703561     -5.18753159679341     -0.59032606426657       h
    0.70520440518663     -5.37292506810172     -3.69838281204151       h
    4.91574343748824     -7.48457118160548     -3.49917771042416       h
    6.28637464674681     -4.77984302725313     -2.14041719377071       h
    5.22931155171111     -4.70475381477712     -5.31209667383488       h
    1.55868144652729      1.90625952875596     -9.51054145893068       h
    1.60201740193706     -1.26348354894699     -8.46751241496903       h
    4.12002322956937      0.76552276237209     -7.71297160700504       h
    5.89159611918089      2.21424652583857     -3.63789796998435       h
    7.09963850510077     -0.61997095389413     -3.36074638998863       h
    1.35938658291897     -1.34049858131791      5.75152243776933       h
   -1.10446857565761     -3.39732279504602      4.97603703926145       h
$end
