$coord
   -1.76133605421487     -0.36252751663811      0.18911131848842      ti
    0.81785570386730     -0.99079021082750      2.97159678963395       c
   -2.96435460322902      3.28596936026862      0.36710292153416       c
   -3.64493436521417      5.38102254455124      0.46618504176776       n
   -4.75293842948074     -2.73818953486380      0.64045728585249       c
   -6.46676223354759     -4.10158800634807      0.89746136178423       n
   -0.12351382239762     -0.99707978629236     -3.23153655510230       c
    0.81890941515511     -1.35771398632493     -5.19218259073450       n
    2.29865473373189     -1.34588600153026      4.56619626063637       n
$end
