$coord
   -0.02921648871482      1.20795186803845      0.59798096685739      os
    2.15309857888384     -2.44800149021589      0.16366634517568       c
   -0.70182840946269     -2.83222362969726      2.17808378183014      si
   -2.00465945785811     -2.29046352686652     -1.04149137381300       c
    0.54367798587592     -1.93619014497377     -2.00541043502054       c
    4.19799654205874     -2.39094744594032      0.19306802705085       h
    1.12589145588397     -1.52513238272360     -3.93887842950994       h
    4.15248456701499      4.51063132054802     -1.41451329551873       h
   -1.40026816203641     -4.65052321030627      4.22326520392392       h
   -2.25290257449753      4.60164279844309     -0.62374473696757       c
   -1.97159246318913      4.83866131983985      2.05427176064985       c
    1.42208977447533      4.75073009553001      2.83850129988753      si
    2.31176187414118      4.70875530984873     -0.53152818072201       c
    0.06668862395590      4.56985344760784     -2.03069534853041       c
   -4.07611185255426      4.43090736577561     -1.55320388637874       h
   -3.62142428248175      4.71905904155024      3.26441986839183       h
    2.76025983526089      6.00074273178846      4.97724665295465       h
    0.07956691853135      4.34717208935573     -4.07279330450455       h
   -3.74797791832551     -2.03627967820508     -2.08421220344351       h
$end
