$coord
    0.00043917235166      0.00000018897261     -0.00000056691784      ru
    1.81560105170121      3.14565851822825      0.00000000000000       b
    1.81560124067382     -3.14565776233780      0.00000000000000       b
   -3.63084626797291     -0.00000037794523      0.00000000000000       b
    0.00015514651494      0.00000018897261      3.66905180592346       b
    0.00015457959710     -0.00000000000000     -3.66905293975913       b
    3.02730308123652      5.24566013934417      0.00000132280829       f
    3.02730194740085     -5.24566032831679      0.00000113383568       f
   -6.05547543649097     -0.00000056691784      0.00000037794523       f
   -0.00011697404719     -0.00000000000000      6.08785872824758       f
   -0.00011754096503     -0.00000018897261     -6.08785986208326       f
$end
