$coord
   -0.00000000000000     -0.00000000000000     -2.83816719630847      sb
   -2.28076450752530     -0.00000000000000      7.86338983820243       c
    0.00000037794523     -0.00000000000000      9.17853963326742       c
    2.28076375163485      0.00000000000000      7.86339021614766       c
    2.23659839542842      0.00000000000000      5.25638962634185       c
   -0.00000056691784     -0.00000000000000      4.04512620224036       n
   -2.23659745056536     -0.00000000000000      5.25638981531447       c
    0.00000000000000     -0.00000000000000      2.08481275840632       h
   -2.82852581361409     -0.00000000000000     -5.47379127877079       c
    2.82852581361409     -0.00000000000000     -5.47379127877079       c
   -2.36315146435434      0.00000000000000     -8.04375172472790       c
    0.00000000000000      0.00000000000000     -9.22547135954956       c
    2.36315146435434     -0.00000000000000     -8.04375172472790       c
   -4.07896099263429     -0.00000000000000      8.84497935046812       h
   -0.00000000000000      0.00000000000000     11.23000590651074       h
    4.07896099263429      0.00000000000000      8.84497935046812       h
    3.91773787436679      0.00000000000000      4.08240369569047       h
   -3.91773806333941     -0.00000000000000      4.08240350671786       h
   -4.78053674571395      0.00000000000000     -4.83597790874106       h
    4.78053674571395     -0.00000000000000     -4.83597790874106       h
   -4.00153286613225      0.00000000000000     -9.29177731396496       h
    0.00000000000000      0.00000000000000    -11.27857489150838       h
    4.00153286613225     -0.00000000000000     -9.29177731396496       h
$end
