$coord
    0.47694022904075     -2.40274330539085     -2.79497542700211      cu
   -3.46162734052148     -1.42338915015950     -4.34453781113622      cu
    5.13141391181323     -3.02684690134973     -0.23712359016936       o
    2.60253913539515     -0.16820282171354      1.65812299267004       o
   -0.32445501540684      2.84656362743110      3.46998692198465       n
   -3.66147192545983      0.85315295331007     -1.51472282635904       n
   -1.67119007088546      0.52934327937523     -0.51176769256862       c
    3.12751185618639     -2.00221887656650     -0.35353752253933       c
    0.35893344651925      1.06431529698910      1.64455192449683       b
   -1.99064260329180      3.76211363666514      3.46203117499458       h
    0.83358276057756      3.31092754013132      4.90939187900645       h
   -1.42153457293954     -3.34301527872185     -5.38742002337788       h
$end
