$coord
   -5.64030506327299      0.24885746660296      0.00000000000000      pb
    4.16084055799853      2.01747822606059      0.00000000000000       o
    2.47376696107958      0.47685613622815      0.00000000000000       n
   -3.19691677247567     -2.95653794008182      0.00000000000000       f
   -3.22989400515366      1.92972312422568     -2.89072633802095       f
   -3.22989400515366      1.92972312422568      2.89072633802095       f
    1.37192453781914     -0.34992153159741      2.34368086018866       c
    1.37192453781914     -0.34992153159741     -2.34368086018866       c
   -0.47340946474710      0.76741929151205      2.58301883143236       h
    2.67542228159178      0.07250331124532      3.88047814434227       h
    0.75726390331142     -2.31305123427689      2.19068447563769       h
   -0.47340946474710      0.76741929151205     -2.58301883143236       h
    2.67542228159178      0.07250331124532     -3.88047814434227       h
    0.75726390331142     -2.31305123427689     -2.19068447563769       h
$end
