9
3
9
11
10
19
19
14
7
6
4
4
8
20
8
7
24
8
4
5
8
15
5
3
6
16
18
12
5
25
4
4
17
12
13
9
4
8
6
11
19
6
6
12
17
8
13
3
21
6
7
3
9
7
2
33
37
33
8
14
16
14
10
2
2
17
11
17
3
35
14
14
16
6
3
4
24
17
14
16
8
4
4
8
11
2
7
7
5
17
3
19
17
12
9
43
4
4
19
19
13
14
6
6
12
12
17
8
13
11
25
13
9
6
9
6
37
17
2
7
2
17
10
3
12
13
35
6
4
3
4
24
17
14
16
8
5
4
8
11
11
13
12
5
7
7
5
3
19
17
12
13
9
43
4
4
19
2
6
12
17
8
9
11
6
25
3
6
9
6
37
14
11
13
17
2
11
10
12
13
35
14
13
12
6
4
3
4
4
24
17
8
14
20
16
8
5
4
2
13
5
7
7
5
9
3
19
12
13
19
19
43
4
4
14
11
13
18
2
6
12
12
8
17
8
11
3
25
3
9
6
9
6
37
2
11
2
3
12
13
35
6
4
3
4
24
17
14
20
16
8
4
11
2
13
12
5
7
3
19
12
13
7
5
9
43
4
4
19
19
2
6
12
12
17
8
9
11
3
3
3
3
6
9
2
6
37
14
11
2
11
2
19
10
9
5
13
27
13
4
19
5
5
2
4
16
5
4
13
3
33
15
8
10
6
4
20
8
12
25
32
8
6
13
17
6
6
6
6
26
7
9
34
9
12
11
4
32
3
9
37
10
7
7
11
17
41
24
12
13
9
12
6
15
24
17
2
13
14
4
6
6
12
17
4
18
20
8
4
6
3
10
13
8
4
6
12
11
9
5
7
4
27
27
13
17
13
3
5
3
19
5
27
5
5
5
8
7
2
6
9
3
3
21
21
19
16
13
18
50
16
8
8
20
32
12
10
26
15
25
30
16
8
9
8
7
7
16
9
24
18
18
18
3
3
9
21
7
4
10
42
16
22
14
20
8
22
18
10
4
26
12
11
21
3
6
7
12
9
10
8
26
9
37
2
4
3
9
13
41
17
4
8
16
3
7
3
5
12
8
13
8
12
14
7
9
12
10
6
10
14
16
10
19
4
14
4
10
8
12
11
21
17
4
21
13
5
17
23
8
4
5
6
3
6
13
7
12
3
10
10
6
18
4
19
50
6
8
3
14
12
9
12
6
3
4
4
17
23
7
7
11
14
10
7
17
5
5
41
16
8
8
6
12
12
10
9
10
5
4
3
3
2
12
5
5
6
6
4
6
6
18
4
7
3
41
7
3
7
23
4
12
11
13
17
13
3
5
19
27
9
5
7
4
7
2
2
3
5
5
5
6
9
3
5
21
21
19
13
18
50
26
16
9
8
8
20
8
20
32
12
10
15
25
8
30
8
9
8
7
24
16
16
18
3
3
9
21
7
4
10
6
17
14
4
10
12
11
5
21
8
9
6
9
6
10
9
13
9
2
20
8
22
4
26
26
9
37
13
41
4
17
8
11
7
3
5
7
15
8
8
8
6
10
4
10
14
19
4
6
14
8
4
6
11
5
12
8
6
9
5
5
21
13
23
8
3
3
6
13
6
12
4
10
6
18
19
16
8
3
14
3
3
3
6
6
3
12
8
4
12
17
14
7
7
11
14
4
10
5
17
5
5
11
3
7
6
16
8
4
3
6
3
12
4
12
12
10
10
5
7
5
5
6
6
4
6
18
3
5
4
5
7
4
3
23
4
11
9
7
4
3
17
13
3
5
19
27
5
5
5
2
7
2
6
3
9
3
5
21
21
19
13
18
50
16
9
8
8
20
8
20
32
12
10
26
15
25
30
8
9
8
7
24
16
16
18
3
3
9
21
7
4
10
6
7
42
9
14
18
9
8
22
4
26
9
37
26
4
11
5
21
8
6
9
6
10
9
13
9
2
41
17
4
17
8
5
15
12
7
3
5
8
30
26
19
13
22
8
12
8
12
6
9
18
14
10
14
19
6
4
7
4
11
17
10
4
13
23
5
5
8
3
3
6
13
6
16
4
10
6
4
19
6
8
17
3
9
5
7
3
3
6
6
12
3
14
12
8
7
7
17
14
4
5
7
4
17
5
11
5
5
6
16
6
4
8
12
12
16
10
10
7
8
5
5
2
6
6
4
9
6
6
4
18
6
4
7
3
5
7
11
23
11
9
7
4
3
3
8
17
13
3
5
19
5
27
5
5
5
2
2
7
2
2
3
21
21
19
9
3
5
13
18
16
9
24
16
18
8
8
20
20
32
12
26
15
25
30
8
9
8
4
7
7
17
3
9
21
7
4
6
42
9
14
9
8
22
4
4
12
11
5
21
8
6
9
6
9
13
9
26
9
37
41
17
17
4
17
8
7
3
5
15
12
8
30
26
19
13
22
8
10
10
14
19
6
4
7
11
12
12
7
9
18
14
17
10
5
4
17
13
23
8
3
6
3
13
16
14
4
10
6
4
19
6
8
9
5
3
3
6
7
12
12
8
4
17
7
7
17
5
7
5
5
5
6
6
10
4
4
12
12
9
10
10
10
7
5
2
5
9
6
6
3
4
4
7
7
4
17
11
23
11
9
7
4
3
3
8
17
13
3
5
5
5
19
5
27
5
5
2
7
2
2
3
21
21
19
23
22
9
9
5
9
17
16
13
18
38
35
18
12
18
8
8
6
32
19
10
22
16
31
4
13
22
13
28
23
36
6
6
17
13
11
16
12
13
16
23
22
12
8
16
14
14
17
9
5
9
23
13
9
21
9
15
14
34
4
6
25
32
35
36
38
14
11
32
21
8
16
13
9
28
13
13
6
6
34
17
30
9
23
24
37
15
38
23
18
14
28
22
23
25
13
16
13
13
32
37
24
31
36
40
21
21
24
24
28
18
33
22
19
20
22
18
20
12
12
20
36
26
11
13
25
31
25
13
19
30
30
11
17
11
17
11
23
38
31
47
23
30
32
25
30
28
23
20
23
22
31
20
29
29
28
17
20
24
26
11
11
12
12
26
29
24
31
11
11
15
19
12
25
12
22
4
13
17
18
24
20
10
21
24
20
29
17
9
13
21
7
25
9
17
37
9
15
7
16
29
5
3
2
29
13
32
27
16
28
6
8
8
2
4
9
5
14
16
12
13
13
18
29
27
17
43
25
9
3
17
17
6
19
43
4
13
4
19
11
13
29
6
18
12
17
8
7
17
15
6
4
3
9
9
21
9
32
12
6
6
37
6
10
2
2
21
21
19
23
22
9
9
5
9
17
44
16
13
18
38
18
12
18
40
28
8
8
6
32
19
10
22
16
31
4
13
22
13
23
29
36
6
6
17
13
11
16
12
13
16
23
22
12
8
16
9
14
14
17
9
5
9
23
9
13
9
21
3
6
15
14
34
4
6
7
13
7
25
18
32
35
13
11
36
38
10
18
11
32
21
8
16
13
9
14
28
13
13
6
5
8
34
9
3
23
5
24
37
15
38
18
25
23
14
28
32
37
7
24
33
17
17
14
22
23
25
13
29
25
16
7
5
9
15
23
17
31
12
6
36
17
17
21
21
24
24
28
26
18
33
22
19
20
26
18
20
12
12
20
4
36
25
31
13
11
13
19
25
40
40
13
13
25
29
19
17
30
30
20
26
23
22
38
33
47
23
30
32
25
24
11
9
7
17
11
17
11
28
23
27
20
24
31
23
22
20
13
11
7
29
40
10
20
29
24
26
11
19
28
12
20
6
14
12
28
18
17
15
7
6
9
26
29
24
31
23
12
11
11
15
19
25
12
22
4
17
18
24
18
20
10
33
34
20
18
18
28
29
17
9
21
7
9
25
4
3
9
7
17
37
9
11
15
10
7
16
29
5
3
12
2
29
13
6
18
8
8
2
4
9
5
32
27
16
24
14
16
12
13
13
18
29
27
17
25
9
3
17
9
43
17
6
43
4
4
19
19
6
18
12
8
8
7
17
15
6
4
3
9
21
32
12
9
6
37
6
13
11
13
29
2
2
10
36
6
6
8
16
9
14
14
17
5
9
23
9
13
9
21
3
17
6
17
13
11
16
12
13
16
23
22
12
15
16
34
4
6
7
14
13
7
25
18
32
35
13
11
36
38
10
14
11
32
21
8
16
13
9
28
13
13
6
6
5
8
34
17
30
9
23
5
24
37
15
38
18
14
25
23
28
37
7
24
17
17
14
29
15
23
17
31
22
23
15
25
13
7
16
13
12
7
5
5
9
6
4
36
17
17
21
11
21
5
4
24
24
24
28
26
18
33
22
19
20
26
22
9
18
20
12
12
20
36
25
11
13
25
40
31
13
25
29
19
17
30
20
26
23
22
33
47
23
30
11
5
9
7
17
11
17
11
32
25
24
28
23
20
24
23
22
31
20
29
13
13
11
7
10
7
20
29
28
18
17
15
7
6
6
9
24
26
11
19
12
20
19
34
14
14
26
29
24
31
23
11
11
15
19
19
12
25
12
22
3
4
17
40
18
24
18
20
10
33
22
20
18
18
28
29
17
9
21
7
9
4
3
9
7
17
37
3
9
11
15
10
7
3
16
29
17
5
3
12
2
29
21
13
28
6
8
8
2
4
3
5
32
27
16
12
14
16
12
13
13
18
29
27
17
25
9
17
43
17
6
43
4
13
4
19
19
6
18
12
17
8
8
7
17
15
6
4
3
9
9
21
9
32
12
6
6
6
11
13
29
15
2
10
