$coord
    1.52275850876424     -2.82183240367612      1.00275009850576      cd
   -1.52275850876424      2.82183240367612     -1.00275009850576      cd
    4.01306529776082     -3.73566200624513     -2.65550778075912       o
   -4.01306529776082      3.73566200624513      2.65550778075912       o
    5.08621034007323     -2.31501069129684     -3.06026935350299       h
    5.14043697611921     -5.06465669079896     -2.10245713124392       h
   -5.08621034007323      2.31501069129684      3.06026935350299       h
   -5.14043697611921      5.06465669079896      2.10245713124392       h
    2.81682273971634      1.81634995016491      0.62978316783030      cl
   -2.81682273971634     -1.81634995016491     -0.62978316783030      cl
    3.30340510734192     -6.26031154401829      3.62367872574996      br
   -3.30340510734192      6.26031154401829     -3.62367872574996      br
$end
