$coord
    0.00000000000000      0.00000000000000      2.10453828662639      hg
    0.00000000000000      3.74419506456667      2.30566523971378       f
    0.00000000000000     -3.74419506456667      2.30566523971378       f
    4.07985445514662      0.00000000000000     -1.97124607639026       s
    5.28110497639738      1.84602602027355     -0.70124712970636       h
    5.28110497639738     -1.84602602027355     -0.70124712970636       h
   -4.07985445514662      0.00000000000000     -1.97124607639026       s
   -5.28110497639738      1.84602602027355     -0.70124712970636       h
   -5.28110497639738     -1.84602602027355     -0.70124712970636       h
$end
