$coord
   -0.00000018897261     -0.00000472431531      0.00183397920519      hf
   -2.86060561535488     -2.65613195729851      1.02057494018839       o
    2.86545219595000     -1.62195514640106      2.33339791547454       o
   -1.11975097981044      1.93753166155055     -3.35470153405707       o
   -4.59948624298820     -0.83160024889887      2.69561759572674      cl
    4.59947566052190      0.83161102033779      2.69562137517899      cl
    0.00000283458919      0.00000793684973     -5.39195876758709      cl
   -4.56492541981670     -1.61029421339592      5.28732236432422       o
   -6.99748482402212     -0.48093133061867      1.49122238122986       o
   -2.86545956588189      1.62196251633295      2.33341133253003       o
    6.99750088669419      0.48091526794660      1.49122105842157       o
    4.56492371906319      1.61028457579268      5.28730800240567       o
    2.86062281186263      2.65614083901130      1.02057002690046       o
    1.11973888556324     -1.93753449613974     -3.35469945535834       o
    2.02025650141090      1.14902491619949     -6.77836767821609       o
   -2.02026046983576     -1.14902680592562     -6.77837334739447       o
$end
