$coord
    4.45356026873732     -0.36365417135438      0.72751526771954       b
    0.14485563337317     -0.08438288556322     -1.23435549941486       c
    1.58964177451110      0.11238919366701      0.84558025380572       c
   -1.89036579820140      0.22413984887608     -1.21388201759416       h
    0.64570788989332      0.60698059855942      2.61214329048485       h
    0.97930577824252     -0.57327185289809     -3.05038344024791       h
    5.75432830312108     -0.23340574298925      2.56963257847427       h
    5.38780212600054     -0.88275022183927     -1.26626012354378       h
$end
