$coord
    0.12874420636891      1.67251930424243      3.36765806329414      pd
   -0.28419440029437     -1.46576304599857     -3.39325138010775      pd
    1.32673003676454      1.65553444582277      7.31920691750567       c
   -1.28749686574673      1.88982533652939      7.24478175479031       c
    1.11450132063267     -1.89108143748528     -7.26094817282484       c
   -1.50050414904248     -1.66791120708440     -7.33565395986990       c
   -3.01478610229635      1.19484208201258     -0.48334469985406       p
   -1.22621399234661     -2.16425117556111      1.21815374350177       p
    2.85011121028727     -0.97675124646552      0.43631546370382       p
    1.05687185475176      2.39359986553064     -1.23708105140625       p
    2.01280663410473     -3.73964951734341     -7.35201180716098       h
    2.32615686290528     -0.28428227255923     -7.67163044649378       h
   -2.68940323136169     -3.34013193459894     -7.48844965550630       h
   -2.40067556706388      0.11642451483628     -7.80788782599407       h
   -2.18084391580964      3.73384257793110      7.42954556935346       h
   -2.50506252647813      0.26713867714499      7.56493102921926       h
    2.51922281125739      3.31389951240954      7.56715032358153       h
    2.21994310524512     -0.15370446493035      7.70038073977334       h
$end
