$coord
   -4.38855954815708      0.00000000000000      2.44512721677838      al
   -3.15732889986402     -4.56530601065846      0.00000000000000      al
    3.15732889986402     -4.56530601065846      0.00000000000000      al
    0.00000000000000     -2.43490134179326      3.01993673982512      al
    4.38855954815708      0.00000000000000      2.44512721677838      al
    0.00000000000000      2.43490134179326      3.01993673982512      al
   -3.15732889986402      4.56530601065846      0.00000000000000      al
    3.15732889986402      4.56530601065846      0.00000000000000      al
    4.38855954815708      0.00000000000000     -2.44512721677838      al
   -4.38855954815708      0.00000000000000     -2.44512721677838      al
    0.00000000000000      2.43490134179326     -3.01993673982512      al
    0.00000000000000     -2.43490134179326     -3.01993673982512      al
    7.18007526456787      0.00000000000000     -5.35712903638787      cl
   -7.18007526456787      0.00000000000000      5.35712903638787      cl
    7.18007526456787      0.00000000000000      5.35712903638787      cl
   -7.18007526456787      0.00000000000000     -5.35712903638787      cl
$end
