$coord
   -0.00194641790969      1.26845107201416      0.00693397207379      co
    5.84286594054472     -2.31070532826419      1.45924708134383       c
    3.63138616272709     -2.18921389076651      2.82435178654718       c
    1.37193134083320     -1.98125293211739      1.41458510511151       c
   -1.40613821830132     -1.99375252557720      1.36175818920698       c
   -3.71645974318933     -2.20682387058862      2.68614836708243       c
   -5.87465944877744     -2.33837375333667      1.23893487273577       c
   -5.82486327563365     -2.32710021418734     -1.46125812788702       c
   -3.61472954973550     -2.18662628878231     -2.82711740073245       c
   -1.35381359160105     -1.98958605741480     -1.41810453104840       c
    1.42423877102571     -1.97504726049252     -1.36673251528821       c
    3.73672686691708     -2.17379353660649     -2.68911107970263       c
    5.89451177762056     -2.30252111338549     -1.24082081940943       c
   -7.69566776281533     -2.50069272378458      2.17221448145568       h
    7.62835590718310     -2.46410233475385      2.46025296263538       h
    7.71666885617038     -2.44911094842441     -2.17425576361689       h
   -3.79862163363677     -2.31402860062921      4.73436336652613       h
   -3.62174156749829     -2.27863648693492     -4.87781020907244       h
    3.82089980390771     -2.27217721406395     -4.73777621190952       h
    3.01229582120763      4.39616664067692     -3.09939764472081       h
   -2.26692661002312      4.34859259648458      0.39090326619952       c
   -0.35004871016568      4.42496096457521      2.29260855499204       c
    2.02270426366179      4.40633147750818      1.02843374422820       c
    1.57089984873958      4.45218114661063     -1.65120035895300       c
   -1.07362049740568      4.44050982011180     -2.04527420764657       c
   -4.28065165102504      4.20919638188915      0.72408824939021       h
   -0.64932709336966      4.38465556295357      4.31281176612619       h
    3.86160715027634      4.31360809671565      1.91874343748893       h
    3.63676526814448     -2.29880647873980      4.87413809326458       h
   -2.03238646444049      4.38628393995626     -3.84892878872501       h
   -7.61025573240394     -2.47858670756371     -2.46272963769599       h
$end
