$coord
    8.95993724885808      0.00000151178090      3.22178500137477      ti
    7.65520513598000      2.51464740636134      0.91809943875050       o
   10.27481435644309      2.94691299800473      0.64770514143579       n
   10.78092024056587      2.70614866148120     -1.19121135120687       h
   10.68583961540389      4.72560845435741      1.25609566465775       h
    7.66116665498940     -2.29110338813276      5.84958335000448       o
    5.68737549545278     -0.55353612015694      5.42861246244303       n
    4.08896123431998     -1.45891127701125      4.86519231875714       h
    5.37445102194839      0.49102209018579      7.01330391039471       h
   10.26466425947562     -2.51460998978405      0.91809244676383       o
    7.64509680195991     -2.94710102575426      0.64795345144874       n
   10.25874034601612      2.29108959313204      5.84960243623836       o
   12.23260577178950      0.55365403906720      5.42846052846251       n
   13.83085014654357      1.45884343584333      4.86522387718345       h
   12.54546372693425     -0.49108823060020      7.01340028642713       h
    7.13893932831389     -2.70613883490534     -1.19142413436865       h
    7.23406417306722     -4.72543932386915      1.25604256335361       h
$end
