$coord
    2.62234006368764      3.01163044863870     -0.17788974680755      pt
   -3.77156604674693      0.50382970900413     -0.13426693097187      pt
   -1.51417121530289     -4.30588762062825      0.62241928306286       h
   -6.04650112711903     -3.60713757502466      1.94987894308462       h
   -0.09261094208804      0.59818959262169     -2.31671635809809       p
    1.30077427047998     -2.00969954640851     -2.96339046495958       f
   -0.14716790226083     -2.13681632063779      3.48915970531289       f
   -0.24019363923351      1.61482974507072     -5.13781365831123       f
   -4.54539774592202     -2.46635942363863      2.75598584168193       c
   -2.09568095130164     -2.87013361448171      1.96757414955500       c
    6.02287803876428      1.28402865138786     -1.13662188774471       b
    4.18003393934153      6.02826715973015      1.81116680934677       h
    4.67736053382857      0.48608971602456      0.90554012994510       h
   -4.89617059913915     -1.58984832157667      4.57689022078289       h
    4.40021122150420      4.97242388290872      2.79378943488549       h
    7.76471608778465      2.63533608820073     -0.62456279940748       h
    6.13729566445485     -0.26558910172175     -2.76070316501003       h
    1.20051749648651      5.25573181267742     -1.51590239340683       h
   -6.52289805989858      1.32064663042002      0.84377991172557       h
   -4.52635875520350      2.89061900157700     -1.75366301025323       h
$end
