$coord
   -0.00000000000000     -0.00000000000000     -0.00000000000000      ti
    1.26809674836555      3.35329973521688     -2.42143383061175       s
    3.35329973521688     -1.26809674836555      2.42143383061175       s
   -3.35329973521688      1.26809674836555      2.42143383061175       s
   -1.26809674836555     -3.35329973521688     -2.42143383061175       s
    2.71750232501826      1.77955433687691     -3.81897285017712       h
    1.77955433687691     -2.71750232501826      3.81897285017712       h
   -1.77955433687691      2.71750232501826      3.81897285017712       h
   -2.71750232501826     -1.77955433687691     -3.81897285017712       h
$end
