$coord
    0.00000000000000      0.00000000000000      5.36781902810952      he
   -2.27824890410650      1.31534764939036     -0.44809242589309       c
   -2.27824890410650     -1.31534764939036     -0.44809242589309       c
    0.00000000000000     -2.63069529878073     -0.44809242589309       c
    2.27824890410650     -1.31534764939036     -0.44809242589309       c
    2.27824890410650      1.31534764939036     -0.44809242589309       c
    0.00000000000000      2.63069529878073     -0.44809242589309       c
    4.05609795212738      2.34178924433663     -0.44654398430552       h
    0.00000000000000      4.68357848867326     -0.44654398430552       h
   -4.05609795212738      2.34178924433663     -0.44654398430552       h
   -4.05609795212738     -2.34178924433663     -0.44654398430552       h
    0.00000000000000     -4.68357848867326     -0.44654398430552       h
    4.05609795212738     -2.34178924433663     -0.44654398430552       h
$end
