$coord
   -0.02847325942950      3.02170741320510     -0.00000000000000      ni
    2.80343270730599      0.10727824038688     -0.00000000000000      si
   -2.77217134595033      0.06148866457524      0.00000000000000      si
    4.43774911921446      0.47603561714428     -2.28305447764468       h
    4.43774911921446      0.47603561714428      2.28305447764468       h
    2.05705967360340     -2.61248306324229     -0.00000000000000       h
   -5.12370817558962      1.67457249167823      0.00000000000000       h
   -2.90581901367074     -1.60231749044586     -2.26913853445349       h
   -2.90581882469813     -1.60231749044586      2.26913853445349       h
$end
