$coord
   -1.31090187970655      2.32811140663731     -1.82404661570312       b
   -0.10686420139270      6.27345496716920     -0.01606909713904       c
   -2.29069766393353      4.55249536827832     -0.62850779166792       n
    1.41521381699360      2.35357414337563     -2.06053544686679       n
    2.29419819260916      4.45273389150246     -0.56886255492851       b
   -2.74525616571163      0.04876948493959     -2.06292481658038       n
   -5.00496836830388     -0.23777649054586     -0.57448316734479       b
   -6.10339681234525      2.01912474443409      0.44400079088528       n
   -4.70560097899937      4.39638074664699      0.57268320320987       b
   -1.35961883025984     -2.29845669043389     -1.82127268672290       b
   -2.79486223240716     -4.25622542906678     -0.61920788248449       n
   -5.37769530376135     -3.22537963841148     -0.00978311215382       c
    2.67178248010066     -0.02839313504176     -1.82284550577749       b
    5.08709492087276     -0.29391723018478     -0.62517885012452       n
    6.15351896324576      1.87196081059812      0.58701526409398       b
    4.79379109578846      4.27151028986358      0.45940867285286       n
    1.33104484842783     -2.40185948048176     -2.06307240419082       n
    2.71089508659164     -4.21517112898144     -0.57566897048880       b
    5.48856024433521     -3.04774897305578     -0.02430735818494       c
   -1.45138808833140     -6.26803202010568      0.58367403933076       b
    1.30598254465559     -6.29167117113250      0.44973686556786       n
    5.49722180403331      5.69829641170701      1.51310786641184       h
    8.04475705902688      1.73783655394876      1.82925829138576       h
   -0.22974534348336      6.91450600497045      1.95242383725838       h
   -5.54105645816770      6.10464743309537      1.80614599600284       h
   -7.69444529898448      1.91646971901424      1.49228459628524       h
   -6.83185316367549     -4.12837128370318     -1.19065312610928       h
   -2.51164123004025     -7.84312309241991      1.82172225256825       h
    2.19181982309414     -7.61738207859735      1.49791465733215       h
    6.11248582809303     -3.27116316709952      1.94077329774693       h
   -5.86989866174844     -3.64236395973771      1.96135090347716       h
   -0.15516049891036      7.98033213799721     -1.20311851552621       h
    6.98668428332211     -3.85316952312416     -1.22096225447010       h
$end
