$coord
    0.00000736993189     -0.00000000000000     -0.16479318886456      re
    0.00000869274018     -3.80812242070739     -0.38992684471026       c
    0.00000869274018      3.80810635803532     -0.38992589984720       c
    0.00004799904360     -0.00000037794523     -5.17252773827154      br
   -0.00005045568756      0.00000037794523      3.51123340721701       c
   -3.80810427933658     -0.00000000000000     -0.38996067080792       c
    3.80812166481694     -0.00000000000000     -0.38990190032540       c
   -0.00010450185476      0.00000056691784      5.68794411404406       o
    5.95427720094158     -0.00000018897261     -0.57560301904701       o
    0.00002966870018     -5.95427058690014     -0.57555067363332       o
   -5.95427172073581     -0.00000018897261     -0.57543653417531       o
    0.00002966870018      5.95428646059959     -0.57555086260593       o
$end
