$coord
   -4.58443514131319      0.25724728368415      0.00000000000000      pb
    0.00000000000000      0.00000000000000      3.56467712972903      pb
    0.00000000000000      0.00000000000000     -3.56467712972903      pb
    4.58443514131319     -0.25724728368415      0.00000000000000      pb
    0.00000000000000      0.00000000000000     -7.47135160249170       f
   -7.83053562669524      2.44577482592173      0.00000000000000       f
    0.00000000000000      0.00000000000000      7.47135160249170       f
    7.83053562669524     -2.44577482592173      0.00000000000000       f
$end
