$coord
    0.08751964195962     -0.92813407345168     -0.18690714193516      bi
    2.21678688466963      2.08463228956130     -1.85278727137944       o
    0.84710790840591      0.94582493355198      3.31848890127892       o
   -2.04461866165349     -2.15220190383709      5.28829028204591       c
   -0.95929490137745      0.54836979790132      5.20726714056194       c
    0.84520778878631      0.39912338587460     -5.98917893070619       c
    1.53097825049410      2.69254868049827     -4.33158676210492       c
    3.56663658674898     -4.04515794963928      0.00166333693602      cl
   -3.53760736989324     -3.01081484284275      2.27850174946214       s
   -1.79014984229226     -1.40284726025305     -4.63549516328999       s
   -3.53015126649086     -2.21514830314586      6.72848174308131       h
   -0.57191238392311     -3.53058647041765      5.75159689297869       h
    0.01529714401661      0.83476875269418      7.02545636116520       h
   -2.52855333400406      1.91087745248984      5.06171684386489       h
    2.47826885562933     -0.84611183376494     -6.24577614860303       h
    0.20627948034229      1.09303365389713     -7.83172728799024       h
   -0.03900545901964      4.06130849397435     -4.37628558799670       h
    3.20721048862871      3.56051519690933     -5.21171914634197       h
$end
