$coord
    1.48173406635168     -2.46853619916307      0.74632125520674      zn
   -1.48173406635168      2.46853619916307     -0.74632125520674      zn
    3.66908090770579     -3.43965322718419     -2.50179065466373       o
   -3.66908090770579      3.43965322718419      2.50179065466373       o
    4.73728715078814     -2.07835972163157     -3.08697458516909       h
    4.79305996075034     -4.77491273179064     -1.95132401665310       h
   -4.73728715078814      2.07835972163157      3.08697458516909       h
   -4.79305996075034      4.77491273179064      1.95132401665310       h
    2.56218006555153      1.81784566839357      0.82771894040887      cl
   -2.56218006555153     -1.81784566839357     -0.82771894040887      cl
    2.75104817628754     -5.56662218497988      3.50179498110855      br
   -2.75104817628754      5.56662218497988     -3.50179498110855      br
$end
