$coord
   -2.06164150356828     -2.33596794300577     -2.06155419822126       p
    2.10811969558021      2.11077438284188     -1.84940296086055       p
    1.88831960275227     -1.88863707674142      1.88829352453173       p
   -1.84931811215750      2.11085375133917      2.10816504900723       p
   -0.00029933261834     -3.38725811369944     -0.00024736514988       o
    0.08154961918265     -0.00226238011794     -4.54120916796395       s
    3.39526091487004      0.01530715956508      0.02004602577102       o
   -4.54120595542953     -0.00224027032226      0.08172234015056       s
    0.01307558198299      3.39728689024963      0.01303627567957       o
    0.02016073214686      0.01537896915786      3.39524636397888       o
    3.46124297022747     -3.49372377185218      3.46118079823792       o
   -3.41946225941932     -4.33722702767292     -3.41933961619375       o
    3.88008300260934      3.89879979502340     -2.97604010267380       o
   -2.97588476718625      3.89891544626230      3.88010284473367       o
$end
