$coord
   -0.00029139576861     -0.05410248103951      0.00055463461795       w
   -3.23677600975899      0.16462557015719     -3.31616888451414       s
   -6.15273510484874      1.15465800080821     -2.25058350259582       c
   -5.38263107942961      3.40076625399265      1.88574617371401       c
   -2.25881892905252      3.15591330602311      2.43958049265362       s
    2.26251296568345      3.15281094264220     -2.43861465363067       s
    2.13315403140578     -3.05045638367637     -2.51565973264699       s
    5.38665638505040      3.39370755999455     -1.88467583283629       c
    1.52027484171696     -6.15829486808377     -1.84586728327898       c
    6.15367354284286      1.14701443657414      2.25196640417476       c
   -1.52917526279737     -6.15627645160869      1.84684011428859       c
    3.23642641042569      0.16054527350613      3.31737282902895       s
   -2.13763986328346     -3.04761083407598      2.51685819695604       s
   -6.85949135312996      2.41012117413162     -0.08805840287811       c
    6.86210635614299      2.40139989908794      0.08940313198931       c
   -0.00522036842282     -7.23357511194584      0.00042764502229       c
   -7.66136299753389      0.76783673201326     -3.60155948144621       h
   -6.37077265011904      4.61149488560051      3.22802771163171       h
    6.37645108815478      4.60293499316798     -3.22699781089309       h
    2.53252912880036     -7.46048926774737     -3.07739858699866       h
    7.66171845501817      0.75854551557001      3.60310471049936       h
   -2.54324671052344     -7.45713708257262      3.07825992416685       h
   -8.87005526026846      2.84441179629153      0.04938534668402       h
    8.87323699214665      2.83326033344993     -0.04790474626437       h
   -0.00669133123923     -9.29784938195273      0.00032333214014       h
$end
