$coord
    0.04092239720176     -0.00623987566775      0.00967709851816      ti
   -2.10820643400939      2.64572712524926      0.35723722834863       o
    2.11830418556317      0.55439953602387     -2.66566978300119       o
    1.91715002041957     -0.36813735761548      2.86240690229810       o
   -1.76539820949512     -2.87595434889473     -0.53202139924087       o
   -1.62444297084582     -5.00821472881557     -2.12159665539234       c
    2.14571296226595      2.13823474906790     -4.80738767526436       c
    1.89694695840749     -1.91894015797864      5.02826642376497       c
   -2.43324991013183      4.79142364689792      1.89785875126324       c
    1.48082605294818     -0.78102116222111      6.71381349991940       h
    3.75922122185682     -2.80033865872005      5.27892347655763       h
    0.46802998138448     -3.41995283232161      4.87506613776501       h
   -4.31744518561430      4.75515659000733      2.76843233383761       h
   -2.27632478496510      6.51651947833319      0.75358989777743       h
   -1.00696456571176      4.86837291679966      3.40633376510480       h
   -1.25144561557973     -6.71175558816829     -0.99561241395559       h
   -0.11282836601868     -4.80509184699400     -3.53270447545957       h
   -3.42883530100382     -5.26365883583038     -3.11487771422641       h
    2.14950072931272      0.99001712386939     -6.53640355457522       h
    3.85980737511403      3.30844236130314     -4.79630839996078       h
    0.48871945890137      3.39101243259378     -4.84902363305126       h
$end
