$coord
   -2.82124450987835     -3.20028558724032      0.73681083053288      ga
   -5.68208199462888     -6.05552494731546      1.55023399279926      cl
    3.19436450837001      1.29113288778559     -1.14607599858001      cl
   -1.61155428277668      4.80283003379390     -5.58949599692571       p
    3.18699060805411      3.22834310692212      6.02674215074654       p
    1.04126441770528     -3.61357341529167      3.11733001182000       p
   -1.78051847514635     -2.69287371339192     -3.66922925120668       p
   -3.20353799487562      1.24508971072785      1.49384532109262       p
   -1.20689399935317      1.72571679544025     -2.46821097729680      ga
    1.01881031393201      0.99593177767087      2.91527293553343      ga
    0.78875392152832      4.21445019846440     -6.64845826671795       h
   -0.61264807618363      6.72935177298968     -4.00333112951366       h
    2.96870607557915      5.55319946030756      4.69532521524452       h
    5.57893526247107      2.65277901623331      4.94240992976876       h
    0.32475094651815     -4.40277879239147      5.55941136802864       h
    3.06880430155065     -5.28330461760793      2.62993751860424       h
   -4.07563526362531     -2.95100879041002     -4.99827495836591       h
   -0.17726575924078     -4.23947508565935     -5.14424288453679       h
$end
