$coord
   -3.39558273522929     -3.39558273522929      6.92791587950512      rb
   -4.34218510210946     -4.34218510210946     -1.90941253679704      rb
   -3.39558273522929      3.39558273522929     -6.92791587950512      rb
   -4.34218510210946      4.34218510210946      1.90941253679704      rb
    3.39558273522929      3.39558273522929      6.92791587950512      rb
    4.34218510210946     -4.34218510210946      1.90941253679704      rb
    3.39558273522929     -3.39558273522929     -6.92791587950512      rb
    4.34218510210946      4.34218510210946     -1.90941253679704      rb
$end
