$coord
    5.02113100688615     -1.99183993376517     -0.25957882777830      ti
    0.64392909069100      0.42142253210554      2.34961252152528      ti
    3.96736945236502     -5.31127445399749     -2.64508480733906      cl
   -3.48744099940138      0.52901881339942      0.69907299979851       s
    1.82266447001463      2.46596050245345      6.27373181204665       s
   -1.11946298554885     -1.45340990631351     -0.64004456966659       n
    1.16285525479717      4.01173795412999      3.65184452673878       c
    2.70479920805469      1.20357582924868     -0.84093587390608       c
    0.38766956685287      0.34833302781597     -2.29289825000714       b
   -1.59872323135438     -3.27066919269021     -0.99307734635769       h
    6.57322467916592     -2.73720083015473      2.43235247919464       h
    3.06648674142983     -2.07756263515166      2.66475780117283       h
   -0.39720323515807      1.05737168731206     -4.29041643283545       h
    3.91961796288946      2.77130377268592     -1.43402679646746       h
    7.98905530276701     -0.84758015096477     -0.71760459905222       h
    1.22895296139350      6.06717151840205      3.50043607905141       h
$end
