$coord
   -0.00000188972613      4.31457034525896      0.40257100221871      pt
   -0.00000831479495     -4.31458924252022      0.40249087783097      pt
    0.00000000000000     -0.00000963760324      2.68606011687235       s
    0.00001077143892      0.00006047123603     -1.29811769349217       s
    4.10265929208885      4.53385208621056      0.43139953015988       c
   -4.10267025250038      4.53383526764804      0.43142031714727       c
   -4.10276719545064     -4.53383035436011      0.43125307638513       c
    4.10274773127154     -4.53384320449777      0.43123984830225       c
   -3.12259025346407     -6.79193496693704     -0.55911893805071       c
   -4.85525670570496     -3.09033489616618     -0.82124700637286       h
   -3.11806587117342     -7.13431252286721     -2.58555276519459       h
   -3.02089974425889     -8.48212736785419      0.60919422374331       h
    3.12256700983272     -6.79195027371866     -0.55912290647558       c
    4.85523270618316     -3.09038799747032     -0.82130539891015       h
    3.11804829672045     -7.13428115341352     -2.58556164690738       h
    3.02097249871473     -8.48213813929311      0.60919800319556       h
   -3.12264505552172      6.79190945563434     -0.55909796209072       c
   -4.85514672364443      3.09043486267824     -0.82114023684674       h
   -3.11819456152260      7.13396122278041     -2.58556221382522       h
   -3.02117318762930      8.48217574484301      0.60910748531413       h
    3.12263333921974      6.79191720351146     -0.55910155257035       c
    4.85513217275326      3.09047227925553     -0.82119636171268       h
    3.11818095549449      7.13393722325861     -2.58557449704504       h
    3.02122817865957      8.48218916189850      0.60910521764278       h
    4.75884476848727      4.45643888854491      2.37723464830767       h
   -4.75883645369231      4.45640846395428      2.37726053755560       h
   -4.75898536411104     -4.45619171236764      2.37708233638192       h
    4.75898404130275     -4.45623139661629      2.37705947069580       h
$end
