$coord
    0.00044332974914      0.00000037794523     -0.00000132280829      os
    1.84369938946733      3.19428551781795     -0.00000415739748       b
    1.84369617693292     -3.19428627370840     -0.00000056691784       b
   -3.68701251891453      0.00000132280829      0.00000510226054       b
    0.00016780767998     -0.00000151178090      3.73759198353752       b
    0.00017574452971      0.00000207869874     -3.73759462915409       b
    3.05568261025018      5.29479018402859     -0.00000566917838       f
    3.05568223230496     -5.29478923916552      0.00000113383568       f
   -6.11229628856260     -0.00000283458919      0.00001114938414       f
   -0.00012642267782     -0.00000283458919      6.15482778756057       f
   -0.00011243870449      0.00000321253441     -6.15483062214976       f
$end
