$coord
    0.00000018897261     -0.00000491328793     -0.32617768974321      os
    0.00000226767135      3.90141328625553     -2.05926366118405       c
   -1.35792317900707      3.20169040964232      2.00745738636013       c
    1.35792015544526      3.20168851991619      2.00745852019580       c
    2.20789307763066      3.62291981173780     -0.51839704079091       c
   -2.20789931372688      3.62292245735437     -0.51839968640749       c
    0.00000207869874      4.27611725318593     -4.06982322195246       h
   -2.56193572396345      2.93877829395054      3.63869845797129       h
    2.56193137759336      2.93877848292315      3.63870034769741       h
    4.14629174552777      3.77330572861844     -1.14170033773547       h
   -4.14628721018507      3.77330591759105     -1.14170449513295       h
   -0.00000302356180     -3.90140024714526     -2.05920092227667       c
   -1.35791297448599     -3.20169040964232      2.00746551218247       c
    1.35791524215734     -3.20169211039583      2.00746494526463       c
    2.20785944050562     -3.62291943379257     -0.51840441072280       c
   -2.20785263749157     -3.62291678817599     -0.51840157613362       c
   -0.00000188972613     -4.27612556798088     -4.06987178791390       h
   -2.56193326731948     -2.93877697114225      3.63870110358786       h
    2.56193799163480     -2.93877678216964      3.63869921386174       h
    4.14631933552921     -3.77330705142673     -1.14171564451709       h
   -4.14632349292669     -3.77330686245411     -1.14171167609223       h
   -0.00000000000000     -0.00000302356180     -3.35987314754585       h
$end
