$coord
    2.72215993300079      5.69483311063606      2.88481546367173      hf
   -0.48695672237112      0.66430676339712      1.74423063126838      hf
   -4.02047510287312     -0.61669265701091      4.18137696769922      cl
    5.01656977493605      1.37820560951643      0.70261604731197      cl
   -0.30731141999260     -1.11866136372624     -1.75657564513109       n
    3.09066559823821     -1.52091413606535      1.41783184356843       c
   -0.43342078122416      4.85526237488333      0.61934923399871       c
    1.89389901913901     -2.51388168933513     -1.18480328991392       b
    2.63263453573113     -4.30331910487792     -2.36411503570594       h
   -2.19228545161156      5.72475805767548      1.33699559599831       h
   -1.36817891166498     -1.49805015069538     -3.29516986985783       h
    1.93468535605970      8.08076238884903      5.37633111047106       h
    1.72513381493040      2.51471241294007      4.51486487398789       h
    5.62114191754800      6.61119778080297      1.08635271615160       h
   -0.37200411521431      4.95790681783688     -1.45417411155883       h
    4.27937325130087     -2.72407271378543      2.58330323521431       h
$end
