$coord
    2.95403102940319      4.51928834490342      7.81117405972703      ti
    6.94354051305935      3.25993894980208      5.39104962034792      cl
    2.03387273403851      6.53551859583045      3.46707731066859       s
   -1.27571933663963      4.24279193295554      7.18994473720565       s
    0.52807546211736      0.58211766089346      3.29993878270917       p
    3.94084525646178      6.39666359879749     10.34420094238895       f
    2.13493094088197      0.83986156460350      0.67299836974062       o
    4.71871851290235      5.81212255312016      1.55118849346546       c
    0.46799710014989      3.62132601672320      4.35439651233508       c
    6.75177942059718      4.60027406981009      2.35122124537626       c
    4.67606796115845      6.58403277877044     -0.35293526682300       h
    8.43260010273811      4.23277354989904      1.23387361925275       h
    2.30248577550694     -0.76307934649129     -0.20220674259574       h
    3.38750831343851      1.49237114574180      8.66581082599116       h
$end
