$coord
    4.54250419727803     -1.83098285544826     -0.26384204991834      hf
   -3.19733534681255     -0.20799176118498     -1.01300016198530      hf
   -6.64749809687337     -1.11791189834471      1.59069737552504      cl
    0.02580893456459     -3.26913284534984     -1.00488322135669       s
    1.10836613579230      3.95251072480962      0.29495261112916       n
   -0.95619782922970      3.29522504986070     -0.09767030584493       c
    5.33551907327505      2.00985242525210      0.47324808213595       c
    3.86304277521419      4.34046582928011      0.72204394366720       b
    7.39001079804596      2.21664213164839      0.78450940767692       h
    5.89158761541332     -3.52600142791836      2.47732040208674       h
    4.45027365705914      6.46460907959973      1.20459987183631       h
   -4.36346795362989     -0.10593237744001     -4.26623304068437       h
    6.55908574829188     -2.62843254071757     -3.00457534512023       h
$end
