$coord
   -2.00715370737169      4.89163809102616      1.08917747876460      sb
   -4.07052771185220     -1.66435738813202     -3.12060131671655      sb
    0.14211307384664     -0.63630990392396      0.93761728606932       o
   -1.09416163142169      7.89488854915952      1.94578900883031       h
   -0.17117687269049      5.07596159940198     -1.57857440448211       h
    1.06645767949804      3.11253010746019      3.26746837457814       c
    2.52191718276771      4.52321387298476      3.65444063249055       h
    0.26029276630866      2.47758023942905      5.06206871086953       h
    2.16856938873142      0.91671899381552      1.81092171186824       c
    3.27898228689069      1.60167328280953      0.18416250370989       h
    3.43775405242766     -0.21856421194159      3.01868555215716       h
    0.98819183740438     -2.76585512534709     -0.48717763135524       c
    2.22087908659529     -3.95158060161045      0.70999051454571       h
    2.11433198124652     -2.11735856660977     -2.11797310554591       h
   -1.29767625346916     -4.23331004314619     -1.36940855645511       c
   -2.23721236744673     -5.16189878470376      0.22074968020621       h
   -0.74467360299756     -5.66878229112736     -2.74497705316284       h
   -1.80019033514443     -0.29837358233489     -4.99104505518080       h
   -4.77671647537782     -3.77781442618224     -5.49131395324588       h
$end
