$coord
    0.31786006020003      3.67630986602784     -0.13740444325872      hg
    2.41733520361727      0.73730178138040      2.48751717528952      cl
   -0.31786006020003     -3.67630986602784      0.13740444325872      hg
   -2.41733520361727     -0.73730178138040     -2.48751717528952      cl
    0.73385114147449     -6.83695977058554      2.99285337396123      cl
   -0.73385114147449      6.83695977058554     -2.99285337396123      cl
   -3.33958278018675      4.27930918958520      2.96634902018231       o
   -4.49360847863323      2.01170870322558      3.97765126324348       c
   -5.39891749507313      5.83929265741324      2.08474094881354       c
   -4.85472059040304      2.30930976552020      5.99976442057308       h
   -3.11832192906348      0.48222806068626      3.77379214412325       h
   -6.96551179180744      1.60722794378403      2.48369898365213       c
   -8.57212595254577      1.46383703713104      3.77646251611177       h
   -6.89761733361060     -0.11585079398445      1.34825571809215       h
   -7.17114536375990      3.97864752685705      0.79539687577873       c
   -6.47839614346913      3.57793488131056     -1.11245323545741       h
   -4.60294784330564      7.27723912381106      0.83511041517774       h
   -9.10400089801188      4.69504005557212      0.65083849632516       h
   -6.29553093674467      6.75436645566355      3.72469951601613       h
    5.39891749507313     -5.83929265741324     -2.08474094881354       c
    6.29553093674467     -6.75436645566355     -3.72469951601613       h
    4.49360847863323     -2.01170870322558     -3.97765126324348       c
    3.11832192906348     -0.48222806068626     -3.77379214412325       h
    4.85472059040304     -2.30930976552020     -5.99976442057308       h
    6.96551179180744     -1.60722794378403     -2.48369898365213       c
    7.17114536375990     -3.97864752685705     -0.79539687577873       c
    4.60294784330564     -7.27723912381106     -0.83511041517774       h
    6.89761733361060      0.11585079398445     -1.34825571809215       h
    8.57212595254577     -1.46383703713104     -3.77646251611177       h
    6.47839614346913     -3.57793488131056      1.11245323545741       h
    9.10400089801188     -4.69504005557212     -0.65083849632516       h
    3.33958278018675     -4.27930918958520     -2.96634902018231       o
$end
