$coord
   -3.31807032694203     -0.73894395338381     -2.62510548890029      ga
   -5.84053515234103      2.50456458364395     -2.30974761506358      cl
   -1.15016385413558     -0.92426278051015     -6.18054488143543      cl
    2.00419137269672      0.17194655814157     -0.88263513751820       n
   -0.38791334152311      0.19587956158097      2.34724923003222       n
   -0.42051848712691     -0.08801777376641     -0.17878131959376       c
    3.55968069385213      0.61546320119339      1.16698619610841       c
    5.57346998554233      0.87698466742912      0.99795095003641       h
    2.03404791165039      0.63151888127694      3.23070205204509       c
    2.46117703871094      0.90966351235183      5.20386015332954       h
    2.51338110088437      0.03452132789547     -2.72477701471256       h
   -1.96348704988989      0.09564546430102      3.41694325449349       h
   -5.06525989137835     -4.28496325015391     -1.46210056779395      cl
$end
