$coord
    0.02027902900234      0.00191618229167     -2.07738462295060      sc
    2.48887683323711      4.11487448176672     -0.22110967303319      si
    2.25548583011165     -4.23212650767353     -0.19878104707469      si
   -4.73707247790023      0.11956864116456     -0.13770320895922      si
    2.56734185246444      3.93101924752490      2.59833770729942       h
    1.23500934465442      6.58299853166173     -0.79856670238233       h
    5.17756140175312      4.39690798023611     -1.05110554445117       h
    2.49167154920472     -3.97547618847256      2.60605270318105       h
    4.86841297899353     -4.75502298637023     -1.14660342114175       h
    0.78214819488260     -6.60566050530884     -0.63707807759414       h
   -4.54998505609266      0.19698429547418      2.68204955111533       h
   -6.31618450946517     -2.14586621905476     -0.74572334586050       h
   -6.28354497084587      2.36988304676005     -0.87238412917560       h
$end
