$coord
    3.41170928004256     -2.79780000064250     -0.14839830294141      sb
    0.23668668548905     -0.55502220078236     -3.89023725697430      sb
   -3.84403231936018     -0.96256677319185     -0.25850754203752      sb
    2.79409991688797      2.56312776320367     -0.31354241394756      sb
    0.75266223122222     -3.45228850297985      2.44155128803033       f
   -2.23172687044845      1.12639072152643      2.47957163282053       o
   -1.35276725024514     -0.05187732852626      3.57118421267098       h
    5.37707112722196      2.40147775580433     -2.32984466343999       h
   -5.14370298978262      1.72855856558839     -1.55177714315368       h
$end
