$coord
    0.00000000000000      0.00000000000000      3.15890058508294      ga
    0.00000000000000      0.00000000000000     -3.15890058508294      ga
    0.00000000000000      3.19194698173714      0.00000000000000      cl
    0.00000000000000     -3.19194698173714      0.00000000000000      cl
   -2.68411067540086      0.00000000000000      4.30446390096499       h
    2.68411067540086      0.00000000000000      4.30446390096499       h
    2.68411067540086      0.00000000000000     -4.30446390096499       h
   -2.68411067540086      0.00000000000000     -4.30446390096499       h
$end
