$coord
    3.26905498863346      4.18998448123011      1.90863718216758      zr
   -1.03495972443141      0.04989179328577      2.45751871790380      zr
   -1.53151720038521     -3.32559427151233     -1.59617229005702      cl
    5.98717600998534     -0.05103394375627      3.26906557109976      cl
   -0.23340744374276     -0.13033441090386     -1.67682580111076       n
    2.81385454689038     -0.10858517497556      2.18452396846723       c
   -0.76301226121382      4.12186287795294      2.81469415220812       c
    2.67166758475221     -0.05273110678994     -0.92946103913729       b
    3.98000831864032     -1.60807945437636     -1.94436925759192       h
   -1.24456587864575      4.08113644535044      4.86833266563318       h
   -0.76612445117058      0.59670710247592     -3.37138517013226       h
    3.27433960774456      6.18398078147756     -1.02371868857145       h
    5.17450420282663      5.80326068245272      4.43491868742307       h
    3.28735830897116      2.12426929505221     -1.74563431983470       h
   -1.82392416145016      5.64473004596941      1.88772188237864       h
   -3.32482156249945     -1.33311107497390      4.85538331735539       h
$end
