$coord
    0.76193889677431      0.08364910490853     -0.02733583327432      ir
    4.04666878567694      2.68932669745359      0.55964768342074       c
    4.05079538061809      1.87201504573794     -2.00558372290629       c
    4.31577145518459     -0.83234801352689     -2.01713221720694       c
    3.84693966300488      3.06602054599457     -3.65031876186472       h
    4.54956534792010     -1.67510463855528      0.54859184072112       c
    4.32994723571808      0.49785099348698      2.14190327439612       c
    4.39774059356719      0.50088381494645      4.18397175064270       h
    3.83917477835353      4.61537600511790      1.20808490475771       h
    4.38637861523517     -2.01847033227669     -3.67961783161124       h
    4.80156089372774     -3.60522592807569      1.16711847693722       h
   -2.35149261004794      3.53479810303446      3.01255471368688       h
   -2.61532313263692      1.91582173192567      1.75239632683104       c
   -2.96350139188317      2.34790761061448     -1.09788741545153       b
   -2.54172113462200     -0.05468035928882     -2.67236489369267       c
   -2.22090818837762      0.09623883830456     -4.71038141918007       h
   -2.20667722784125     -2.49415030296407     -1.58080012391321       c
   -1.65900530579822     -4.01513587067698     -2.87151670503326       h
   -2.23796013207475     -2.97371347186758      1.28378053034752       b
   -2.28211055944479     -0.52366673106562      2.84427138964037       c
   -1.79276956962061     -0.57625610839612      4.85340364026589       h
   -1.81291442806801     -5.67868861342459      2.49675434556557       c
   -3.25082631247772      5.07008152758860     -2.31226151772887       c
   -0.79433579455903     -6.98580877320798      1.25085583205583       h
   -3.65662553383732     -6.55918174637907      2.88043356673097       h
   -0.81302291827291     -5.61554776129747      4.31204245862033       h
   -2.40632887174215      6.57280043565065     -1.15993770663138       h
   -5.26790958577800      5.54037993621463     -2.48953200128497       h
   -2.45304951561603      5.20482863796907     -4.22114096278579       h
$end
