$coord
    1.90870370052721     -4.14240703553074      1.64748553533469      sn
   -2.33114347220633     -1.65676427958551      4.08669885420205      sn
   -1.90870370052721      4.14240703553074      1.64748553533469      sn
    2.33114347220633      1.65676427958551      4.08669885420205      sn
    2.72926057891889      0.30543756756615     -1.34391596204400      sn
   -2.72926057891889     -0.30543756756615     -1.34391596204400      sn
    4.35847208467082     -6.12269148300860      3.93758226636018       n
   -4.35847208467082      6.12269148300860      3.93758226636018       n
    5.11735510532693      1.53980194869380     -4.17990373721146       n
   -5.11735510532693     -1.53980194869380     -4.17990373721146       n
    4.66974739418513      0.70583500679484     -6.76261435431268       c
    5.42450098531090      2.10450313772044     -8.10892856778307       h
    2.63752344619147      0.52808774533718     -7.12525978986105       h
    5.56369745585481     -1.12981112581432     -7.20390055361809       h
   -4.66974739418513     -0.70583500679484     -6.76261435431268       c
   -5.42450098531090     -2.10450313772044     -8.10892856778307       h
   -2.63752344619147     -0.52808774533718     -7.12525978986105       h
   -5.56369745585481      1.12981112581432     -7.20390055361809       h
   -6.61580550001577      7.33548917575172      2.96057798556640       c
   -7.03339755726410      6.66338370160559      1.04603427541968       h
   -6.43712225720795      9.41314969871670      2.88621499484057       h
   -8.26809793169694      6.90046477293712      4.15568576307227       h
    6.61580550001577     -7.33548917575172      2.96057798556640       c
    8.26809793169694     -6.90046477293712      4.15568576307227       h
    7.03339755726410     -6.66338370160559      1.04603427541968       h
    6.43712225720795     -9.41314969871670      2.88621499484057       h
   -7.79720085783423     -1.78551188746145     -3.60022816939051       c
   -8.66589000551584     -3.22866511625398     -4.82513749481979       h
   -8.86540464427261     -0.01150862107939     -3.87507201584127       h
   -8.06333098814582     -2.39562206145798     -1.63796055976966       h
   -3.67946041742496      6.95647908989821      6.46059227774650       c
   -1.95592266518049      6.00346337049193      7.10163575664324       h
   -5.19193257996804      6.50229135238601      7.82212105420180       h
   -3.35405109032454      9.01497892378217      6.55829225229161       h
    3.67946041742496     -6.95647908989821      6.46059227774650       c
    1.95592266518049     -6.00346337049193      7.10163575664324       h
    5.19193257996804     -6.50229135238601      7.82212105420180       h
    3.35405109032454     -9.01497892378217      6.55829225229161       h
    7.79720085783423      1.78551188746145     -3.60022816939051       c
    8.66589000551584      3.22866511625398     -4.82513749481979       h
    8.86540464427261      0.01150862107939     -3.87507201584127       h
    8.06333098814582      2.39562206145798     -1.63796055976966       h
$end
