$coord
    0.00000000000000      0.00000000000000     -2.68848917083459      ag
    0.00000000000000      0.00000000000000      2.68848917083459      ag
   -5.66973849254707      5.66973849254707      0.00000000000000       h
   -5.66973849254707     -5.66973849254707      0.00000000000000       h
    5.66973849254707     -5.66973849254707      0.00000000000000       h
    5.66973849254707      5.66973849254707      0.00000000000000       h
   -3.37858767228855     -3.37858767228855     -2.93578383393142       s
   -3.37858767228855      3.37858767228855      2.93578383393142       s
   -3.37858767228855      3.37858767228855     -2.93578383393142       s
   -3.37858767228855     -3.37858767228855      2.93578383393142       s
   -4.20234971516238      4.20234971516238      0.00000000000000       c
   -4.20234971516238     -4.20234971516238      0.00000000000000       c
    3.37858767228855      3.37858767228855      2.93578383393142       s
    3.37858767228855     -3.37858767228855     -2.93578383393142       s
    3.37858767228855     -3.37858767228855      2.93578383393142       s
    3.37858767228855      3.37858767228855     -2.93578383393142       s
    4.20234971516238     -4.20234971516238      0.00000000000000       c
    4.20234971516238      4.20234971516238      0.00000000000000       c
$end
