$coord
    0.00000000000000      0.00000000000000      4.64350627925555       k
   -0.70323890104307     -2.16434660673047     -0.40372789255299       c
   -0.70323890104307      2.16434660673047     -0.40372789255299       c
    1.84110328371556      1.33763980363463     -0.40372789255299       c
    1.84110328371556     -1.33763980363463     -0.40372789255299       c
   -2.27572876534498      0.00000000000000     -0.40372789255299       c
   -1.33582094223845     -4.11123411335777     -0.52497328770907       h
   -1.33582094223845      4.11123411335777     -0.52497328770907       h
    3.49722467847304      2.54088247416732     -0.52497328770907       h
    3.49722467847304     -2.54088247416732     -0.52497328770907       h
   -4.32280747246918      0.00000000000000     -0.52497328770907       h
$end
