$coord
    3.07262872928426     -3.01612157174953     -0.03520030649251      pt
    5.73138476028120     -6.29420529386735     -0.06710719829279      cl
    4.05054404704334     -1.66086706397747     -3.89936444518982      cl
    4.12649743127673     -1.67467170229984      3.81363512976189      cl
    0.17443117005192     -0.47857314138615     -0.00258023205231       n
   -1.46649871637939      0.94317515957823      0.01547950258776       c
   -3.52960003337993      2.70873550757495      0.03911884258719       c
   -3.01421748370506      4.35421472068177      1.18291942193900       h
   -5.20462473652009      1.80333294969182      0.84910515994838       h
   -3.94054535692560      3.31498043575356     -1.89600587479679       h
$end
