$coord
    0.00000000000000      0.00000000000000    -14.34134813212819      li
    0.00000000000000      0.00000000000000    -10.37642417434270      cl
    0.00000000000000      0.00000000000000     -6.13589292075158      li
    0.00000000000000      0.00000000000000     -2.09657460278659      cl
    0.00000000000000      0.00000000000000      2.09583931035099      li
    0.00000000000000      0.00000000000000      6.12997108599083      cl
    0.00000000000000      0.00000000000000     10.38565756516650      li
    0.00000000000000      0.00000000000000     14.33877186850074      cl
$end
