$coord
    3.75185809297983     -0.12428331887609     -2.02892278542431      pb
   -0.49476582661382      3.91524249101753      1.06373722976718      pb
    1.39183015693900      5.33201325336627     -5.47130874555918      pb
    1.95986274415301     -3.28350156692080      2.42337854776792      pb
   -3.78268859677879     -4.21084422307095      4.25620124057237      pb
   -1.64960864263715     -5.17338132756261     -2.98881124977791      pb
    7.43610877716135     -1.51396618001823     -4.54508575213863      cl
    1.92748134212252     -6.24095526828323     -1.23984666559152       f
   -4.07191136932159     -0.37058285219502      5.46858394945824       f
    0.49824500138423     -1.84684408271346     -4.45882636853238       f
   -1.99822248375543     -3.21331713860458      0.62405049465474       o
    0.61741680006236      0.89988928191080      3.73614955558561       o
    2.84813947004750      3.97775746585175     -1.61529990893084       c
   -0.04313640033087     -5.82263264291463      5.32565300214430       c
   -3.60515506334597      2.95688224818196      0.25900567384431       h
   -1.84009908325226      4.69946050292584     -6.10367913742846       h
   -0.96627252612475      0.59341047524927      4.65855416839615       h
    1.80796032205633      8.64601934632931     -5.30684002267044       h
    0.35180332087359     -5.06265358110550      7.24226955287853       h
   -0.46621848992019      6.56927874204241      3.10343485561620       h
    3.30766681770107      4.07597352460184     -7.88762633165765       h
   -6.98029474134519     -4.80296496023929      3.48522869702578       h
$end
