$coord
    2.65299709062824     -2.65299709062824      2.65299709062824      rb
   -2.65299709062824      2.65299709062824      2.65299709062824      rb
   -2.65299709062824     -2.65299709062824     -2.65299709062824      rb
    2.65299709062824      2.65299709062824     -2.65299709062824      rb
   -3.11039320515701     -3.11039320515701      3.11039320515701       c
    3.11039320515701     -3.11039320515701     -3.11039320515701       c
   -3.11039320515701      3.11039320515701     -3.11039320515701       c
    3.11039320515701      3.11039320515701      3.11039320515701       c
   -5.17890254038468     -2.85445361195199      2.85445361195199       h
   -2.85445361195199     -5.17890254038468      2.85445361195199       h
   -2.85445361195199     -2.85445361195199      5.17890254038468       h
    2.85445361195199      5.17890254038468      2.85445361195199       h
    2.85445361195199      2.85445361195199      5.17890254038468       h
    5.17890254038468      2.85445361195199      2.85445361195199       h
    2.85445361195199     -2.85445361195199     -5.17890254038468       h
    5.17890254038468     -2.85445361195199     -2.85445361195199       h
    2.85445361195199     -5.17890254038468     -2.85445361195199       h
   -2.85445361195199      2.85445361195199     -5.17890254038468       h
   -5.17890254038468      2.85445361195199     -2.85445361195199       h
   -2.85445361195199      5.17890254038468     -2.85445361195199       h
$end
