$coord
    0.96722853857185      0.10788125199366     -2.65573322508594       b
   -2.52499176717456     -3.96311832447218      0.26168814008003       p
    2.09526974689665     -0.48919907139213     -0.52911537840445       h
    4.30543049587840      3.74887837282450     -2.42041564617511       h
   -2.84008923675113      1.84436495100888     -0.00650821677763       b
    1.65322066515421      3.78786228896630     -2.89919798024340       p
    2.25023635990649      3.48483109864889      2.41458527415885       h
   -6.31426133518683     -3.61129251585770      1.89308114567172      cl
   -0.70252798607450     -2.95532303515547      2.70519246006149       n
   -1.39579007803584     -1.50191256192412      3.75671204350684       h
   -2.79027643401742     -0.61946337345671     -2.47430137562799       p
    2.56266100085057     -2.69980296115040      1.82300348688162      si
    2.40509261291058     -4.82040845518970     -0.13737779812034       h
    1.91715795726930     -1.09720654712836     -4.34107318725698       h
    0.62664546657084      5.17620627914823      1.05213072087447       p
   -2.21500600676858      3.60770222519108      1.55732934748421       n
$end
