$coord
   -1.74414918407235     -3.02095492426176      0.00000000000000      al
   -3.30440722910649      0.00000000000000      0.00000000000000       n
    1.65220361455324     -2.86170071164485      0.00000000000000       n
   -1.74414918407235      3.02095492426176      0.00000000000000      al
    1.65220361455324      2.86170071164485      0.00000000000000       n
    3.48829836814470      0.00000000000000      0.00000000000000      al
    2.60835174398583     -4.51779772893530      0.00000000000000       h
    6.48766033682878      0.00000000000000      0.00000000000000       h
    2.60835174398583      4.51779772893530      0.00000000000000       h
   -3.24383016841439      5.61847872651875      0.00000000000000       h
   -5.21670348797166      0.00000000000000      0.00000000000000       h
   -3.24383016841439     -5.61847872651875      0.00000000000000       h
$end
