$coord
   -0.00001889726126     -0.00002494438486     -0.19458377637644      rh
   -2.56332788520040      1.19794746895528      2.52987274078517       o
   -2.12981280664256      0.99645636564343      4.88084057388795       c
    0.00001530678162      0.00002173185045      6.07902331374590       c
    2.12983302671211     -0.99644030297136      4.88083433779173       c
    0.00003987322126      0.00003571582378      8.12955625125565       h
   -3.64520270632405      1.70577281488003      6.11791690097889       h
    2.56331068869266     -1.19797657073762      2.52986140242841       o
    3.64523842214783     -1.70572746145301      6.11790480673168       h
    2.86694394575379     -0.09780372050942     -3.01082769298041       c
   -1.73941201861992      2.49595158990729     -2.77140355022537       c
    1.73938329478281     -2.49596859744242     -2.77142263645924       c
    4.65315843338885      0.18951590885198     -2.02311792471075       h
   -2.86697437034442      0.09777745331627     -3.01084753510473       c
   -2.75165383351090      3.89030755478618     -1.63682823587502       h
    2.75161792871450     -3.89034950670617     -1.63685469204078       h
   -4.65318413366416     -0.18955408131972     -2.02316686861741       h
    2.33681605209108      1.69738583238802     -5.19225269957377       c
    1.85928603952643      0.60954968122759     -6.88627973274560       h
    4.06489954053141      2.74036876703220     -5.65114131979678       h
   -0.22219418685685     -3.59046603319668     -4.53932189848200       c
   -1.06104059058551     -5.22766654511850     -3.58755491009972       h
    0.67741390380641     -4.31880975684982     -6.27013207274941       h
   -2.33681680798153     -1.69738469855235     -5.19230088758998       c
   -1.85926808712824     -0.60951868971912     -6.88630618891137       h
   -4.06488876909249     -2.74035723970283     -5.65121993240362       h
    0.22219475377469      3.59046811189542     -4.53926652950651       c
   -0.67739179401074      4.31884169322135     -6.27007424712995       h
    1.06103359859885      5.22764519121328     -3.58746061276604       h
$end
