$coord
   -2.85626094601881      2.96317976049655      1.11394593012426      bi
   -1.15962798051935      4.07815370163330     -2.27716854768031       o
   -0.13539698719517      2.95613637328006      3.88987783106515       o
   -3.30246912599176     -0.92866811005486      0.41660108486790       o
   -2.31567889845496     -1.25966403450130     -1.12463856746249       h
   -5.96532208322967      4.75013218618377      1.89391848331811       o
    0.02918625309681      2.73025060643625     -2.69185212744826       h
    3.32059235542966     -2.30396807668010     -0.22935095764089      bi
    0.86643678311214     -4.48178143870162      2.03014260363859       o
    5.79711756076262     -4.53300189842652     -1.80675788932241       o
    3.53744201885722      1.13206197860289      1.23725925257993       o
    1.37308407377000      2.12974118602239      3.00582407614423       h
    0.61567012620418     -1.31693728700748     -3.15556635230639       o
    0.82399542405038     -2.48993526884023     -4.53809187574665       h
   -0.62876838490068     -3.42569967844310      2.23585667792401       h
$end
