$coord
    0.00000000000000      0.00000000000000      7.62778861140011       k
    0.00000000000000      0.00000000000000      2.35051977903832       n
   -2.16630606375042      0.00000000000000      1.02375402645000       c
   -3.91710009179930      0.00000000000000      2.10760701288225       h
   -2.25876015857001      0.00000000000000     -1.59706083928142       c
   -4.06844806825064      0.00000000000000     -2.56088654801834       h
    0.00000000000000      0.00000000000000     -2.93668391048519       c
    0.00000000000000      0.00000000000000     -4.98845178401822       h
    2.25876015857001      0.00000000000000     -1.59706083928142       c
    4.06844806825064      0.00000000000000     -2.56088654801834       h
    2.16630606375042      0.00000000000000      1.02375402645000       c
    3.91710009179930      0.00000000000000      2.10760701288225       h
$end
