$coord
   -2.65257908320919     -0.11441649185489      1.60064697255055      ru
    2.65262349177315      0.11443973548624      1.60066964926406      ru
   -0.00000075589045     -0.00000283458919     -3.10139092783841      ru
   -0.12665095673924      2.86387011723739      2.66316362821301       c
    0.12666342893167     -2.86355037557689      2.66304079601483       c
   -4.06465463202549     -0.17190082676933      4.92784562154378       c
   -4.59543996140741     -2.90815698283371      0.27717501259969       c
   -4.83054815866349      2.49325835223264      0.26335166598867       c
    4.06467844257468      0.17190063779671      4.92791251784863       c
    4.83049675811286     -2.49320222736670      0.26338360236020       c
    4.59569923183188      2.90848239367260      0.27702251170133       c
   -2.78473632393410     -0.12051274833707     -5.40836877131925       c
    2.78478073249806      0.12051822854283     -5.40840316433474       c
   -0.15683479625791      3.65763332478027     -2.75655464924583       c
    0.15684878023125     -3.65771798451071     -2.75655105876619       c
   -0.21425941582678      4.91623155374656      3.46122520680188       o
    0.21425865993633     -4.91656093301031      3.46135238537016       o
    4.95491632624263      0.20715536840165      6.90097103056625       o
    6.21486381966282     -3.97770719913680     -0.48791897091444       o
   -6.21482659205814      3.97766770386077     -0.48789837289966       o
   -5.84595394200707     -4.51330055870086     -0.46212080778877       o
   -4.95495960097091     -0.20715536840165      6.90108006776371       o
    5.84567331767737      4.51294113279172     -0.46195564572536       o
    4.45466745927448      0.19349548310053     -6.78530675255042       o
   -4.45471848187989     -0.19349869563494     -6.78535021625132       o
   -0.24976359028033      5.81613973291862     -2.65771082347671       o
    0.24975565343060     -5.81605053784548     -2.65771441395634       o
$end
