$coord
    0.00000000000000      0.00000000000000      4.15440301697801      sr
   -0.70430867500295     -2.16763907655964     -0.35452736108408       c
   -0.70430867500295      2.16763907655964     -0.35452736108408       c
    1.84390385783416      1.33967466072701     -0.35452736108408       c
    1.84390385783416     -1.33967466072701     -0.35452736108408       c
   -2.27919055463504      0.00000000000000     -0.35452736108408       c
   -1.33653280207008     -4.11342487285553     -0.47635328010604       h
   -1.33653280207008      4.11342487285553     -0.47635328010604       h
    3.49908813740580      2.54223627396392     -0.47635328010604       h
    3.49908813740580     -2.54223627396392     -0.47635328010604       h
   -4.32511085964405      0.00000000000000     -0.47635328010604       h
$end
