$coord
    0.00000000000000      0.00000000000000      0.00000000000000      ca
    0.00000000000000      0.00000000000000      4.59676976168221       c
    0.00000000000000      0.00000000000000     -4.59676976168221       c
   -1.90328680058730      0.00000000000000     -5.44430947250789       h
    0.95164340029365      1.64829471606180     -5.44430947250789       h
    0.95164340029365     -1.64829471606180     -5.44430947250789       h
   -1.90328680058730      0.00000000000000      5.44430947250789       h
    0.95164340029365     -1.64829471606180      5.44430947250789       h
    0.95164340029365      1.64829471606180      5.44430947250789       h
$end
