$coord
   -2.10057099559765     -0.02128190665736     -0.00000000000000       s
    3.68652364676576      0.10434746413821     -0.00000000000000       s
    0.80100180346817     -3.98838226202206      0.00000000000000       n
    0.96068460597044     -1.44118413416934      0.00000000000000       c
   -0.86990669822453     -4.90387274488312      0.00000000000000       h
    2.41681193845301     -4.99290360082563     -0.00000000000000       h
   -1.31460442010504      3.32475258749585      0.00000000000000       c
   -3.12530201045475      4.32150110479834      0.00000000000000       h
   -0.22731893513770      3.79851184054886      1.68748366748827       h
   -0.22731893513770      3.79851184054886     -1.68748366748827       h
$end
