$coord
   -0.00002683411099      0.00004081808432     -0.02527017364609      nb
    0.00060131085326      0.00016346130989     -4.32447477783007       p
   -0.00102196388889      0.00037378782770      4.10160822641762       c
    0.00032389905798     -4.05556013607195      0.11133019114606       c
    0.00006443966089      4.05564989806293      0.11130108936372       c
    4.05556769497645     -0.00039589762338      0.11134001772191       c
   -4.05562722134942     -0.00013700514413      0.11137819018965       c
    0.00068842722767     -6.22013350993753      0.16713777206898       o
    0.00008144719603      6.22021798069535      0.16713588234285       o
   -6.22019908343410     -0.00031407248213      0.16797151923573       o
    0.00104218395844      0.00036755173149     -7.11964333484224       o
    6.22016506836383     -0.00092010765070      0.16649942258365       o
   -0.00165899056593      0.00064723119812      6.25368578627563       o
$end
