$coord
    2.54846726791888      0.14765715235483     -1.83338790988871       w
   -0.84589394834262     -3.33659172167466     -0.14666580202918       w
   -0.43283742276909     -6.99056200133247      3.58676405971603      cl
   -3.15274121174816      4.14560955439632      0.55517073325585      cl
   -4.75920665104038     -2.90406950522338      2.03577455441163       s
   -0.94106074501595     -1.15299749846137     -3.00864638211327       n
   -0.02612792033464      0.54279529480251     -4.52718683319187       c
    2.36636494363145     -2.29007858965468      1.12048060306765       c
   -1.84655212002700      6.41679069381931      2.56369222439748       b
    0.34086105071413      6.26119480200954      3.05366249302159       h
    3.65735515709454     -2.53718579191982      2.70785924157037       h
   -2.48109210646144     -6.75184518306636      4.88497548362405       h
    2.82334418457685      2.86618370893334     -0.07910015617825       h
   -3.19932107102566      8.02786347437911      3.35588903795459       h
   -6.03220478205870     -1.54253222500051      0.30175090086712       h
    5.18829391231260     -1.15411640530052     -3.18934445091654       h
   -0.17993991068155     -6.04959914412984     -1.77563580078223       h
$end
