$coord
    0.15816667523145      1.89450656608849      0.92597751799679       w
    0.42771229654301      5.72198734122968     -0.32771781653583       c
   -2.25337802959081      4.88980373387574     -0.28308040674315       c
    0.98212524962238      7.06743020198341      1.14792830812863       h
    1.29666392718351      6.18228172871776     -2.13687943749040       h
   -3.30199480473415      4.78426876584001     -2.05486135520113       h
   -3.40695850856203      5.71246142080159      1.23521381302124       h
   -3.13512594069289     -0.86977592917662      1.66732860451979       o
    4.60461363688563      1.46965644873578      1.25324822533123       s
   -5.24330554059129      0.00601443134093      3.13574595983480       c
   -4.00454943594703     -2.34823094275463     -0.52032210479538       c
   -1.74988884923457     -3.44296232660327     -1.91216341111852       c
    0.56327444580158     -0.73252077428185     -2.34412948117096       p
    3.81912988641819     -2.31120308212575     -2.72858197826708       c
    5.85420259654665     -0.69135743699904     -1.58325487815076       c
   -5.10133098366968     -1.07996770951738     -1.74853221484878       h
   -5.25421700821490     -3.83572224872150      0.21680733356234       h
   -2.39810421672436     -4.28518756064506     -3.69180146286281       h
   -0.85203725900534     -4.92516315530805     -0.77310793406887       h
    4.14354635141205     -2.62543524610926     -4.74709501835421       h
    3.71575714301572     -4.16354929142740     -1.80777248327941       h
    6.59060033294841      0.72282874692729     -2.89804354655308       h
    7.42285593886775     -1.76234233337691     -0.76930126976084       h
    3.74190320472116     -1.09777781133622      3.44025604981836       c
    0.02577359668603     -0.11360183092201     -4.92412267210313       h
    1.64928190898998     -1.35981252718775      3.51603595719339       h
    4.37023109446190     -0.63567231032908      5.34956578551415       h
    4.58424238924834     -2.87848280245120      2.81281104012365       h
   -4.45777511388854      0.99817091415746      4.76508332134673       h
   -6.39088746192104     -1.60605291207894      3.76537020169791       h
   -6.40052752180713      1.31540793165378      2.01939497527010       h
$end
