$coord
    2.32136735203917      0.00000000000000      4.79188814157967      li
    0.00000000000000      2.34310071426801      2.78112921470497       c
    0.00000000000000      4.53668686437204      1.34237186682652       c
    0.00000000000000      4.53668686437204     -1.34237186682652       c
    0.00000000000000      2.34310071426801     -2.78112921470497       c
    0.00000000000000      0.00000000000000     -1.36696551851953       c
    0.00000000000000      0.00000000000000      1.36696551851953       c
    0.00000000000000     -2.34310071426801     -2.78112921470497       c
    0.00000000000000     -2.34310071426801      2.78112921470497       c
    0.00000000000000     -4.53668686437204      1.34237186682652       c
    0.00000000000000     -4.53668686437204     -1.34237186682652       c
   -2.32136735203917      0.00000000000000      4.79188814157967      li
    2.32136735203917      0.00000000000000     -4.79188814157967      li
   -2.32136735203917      0.00000000000000     -4.79188814157967      li
    0.00000000000000      6.36871417145009      2.29294851672209       h
    0.00000000000000      6.36871417145009     -2.29294851672209       h
    0.00000000000000     -6.36871417145009      2.29294851672209       h
    0.00000000000000     -6.36871417145009     -2.29294851672209       h
$end
