$coord
   -0.00000415739748     -0.00000396842486     -0.16951807109717      ru
   -2.77695367585716      0.60528815984105      2.59633062918109       o
   -2.26388150534383      0.67531838650540      4.94913074073555       c
   -0.00000226767135      0.00000075589045      6.14229909231841       c
    2.26389038705662     -0.67531630780666      4.94913111868078       c
   -0.00000888171279      0.00001228321982      8.19820508812195       h
   -3.82766256679450      1.26772220464740      6.20118276942909       h
    2.77696369140563     -0.60527493175817      2.59633894397605       o
    3.82766351165756     -1.26771766930470      6.20118182456602       h
    2.85549390618430     -0.12819297325798     -2.93959635639044       c
   -1.60736759454473      2.52101257087124     -2.69774523837190       c
    1.60736551584599     -2.52108381354618     -2.69774410453622       c
    4.73534734691989      0.02333018080523     -2.09069377508276       h
   -2.85545176529170      0.12822755524609     -2.93960013584269       c
   -2.64881078034152      4.00659374167004     -1.69070546156033       h
    2.64881399287593     -4.00659544242355     -1.69071547710879       h
   -4.73536983466079     -0.02333244847658     -2.09069094049357       h
    2.39361725101100      1.62078956332660     -5.18763458686727       c
    1.91666681744917      0.51557265612313     -6.87923804628263       h
    4.14092530127542      2.63900669222769     -5.65968647236552       h
   -0.28156598022585     -3.54855455334062     -4.60164128666219       c
   -1.14330395932592     -5.23821027203801     -3.75736040854064       h
    0.65516672504394     -4.18175850340404     -6.36110972454682       h
   -2.39363482546397     -1.62080524805345     -5.18763231919592       c
   -1.91667173073710     -0.51555923906764     -6.87923955806353       h
   -4.14092057696011     -2.63900253483022     -5.65970215709237       h
    0.28157202734945      3.54856400197125     -4.60163410570291       c
   -0.65517787442808      4.18176322771935     -6.36110140975187       h
    1.14329980192844      5.23820422491440     -3.75736399902028       h
$end
