$coord
    2.34800209692078      0.72204280983153      0.51932149481171      zr
    5.46678417429592     -1.58220267864385      0.21590706803595       n
    3.94548340026521      4.27129637286612      0.36728376832441       n
   -0.82269756014711      2.83399052362499      2.26032787536406       o
   -0.91590471082787     -1.99599733124217      0.27697829210998       o
    6.25870641064694     -2.14048068856854     -1.43385917776009       h
    5.70292453996197      4.66293360869294     -0.27359719412550       h
   -1.93542178233097     -3.11569917817334     -1.56361608835988       c
   -3.42702267570385     -4.49518318741395     -1.10493212547630       h
   -1.35375293139241     -2.75040245687032     -4.12218980057272       c
   -1.71480551678925      2.91293591123352      4.47841867106057       c
   -3.39085974272281      4.11354827197156      4.76172017576045       h
   -0.75875073982729      1.62311146981751      6.57058775532983       c
    1.75939265986699      0.43172909839624     -3.52221384984421       o
    2.66367838960971     -0.42787537990768      4.49116619658811       o
    0.43554993565022     -1.01212314009026     -4.92970076568158       c
    1.35518798941243      0.05763362327839      6.44300913203538       c
   -2.37134909628853     -3.83915304650308     -5.52791662549642       h
    0.75238141791991     -0.81860233465965     -6.97543549958503       h
    1.97542709544383     -0.86101553680214      8.20352126565935       h
   -1.69521453706936      1.85504492718206      8.37755408144393       h
    6.42261048336927     -2.36242902205641      1.67526243068680       h
    2.98871166121107      5.90789066064676      0.61318078997852       h
$end
