$coord
    0.00000000000000      0.00000000000000      0.00000000000000      mg
   -8.02592253667519      1.28753862869412      0.00000000000000       c
   -8.02592253667519     -1.28753862869412      0.00000000000000       c
   -5.41826129861576     -2.07954098943288      0.00000000000000       c
   -4.58246604668999     -4.58246604668999      0.00000000000000       c
   -3.87804814551697      0.00000000000000      0.00000000000000       n
   -5.41826129861576      2.07954098943288      0.00000000000000       c
   -4.58246604668999      4.58246604668999      0.00000000000000       c
   -2.07954098943288      5.41826129861576      0.00000000000000       c
    0.00000000000000      3.87804814551697      0.00000000000000       n
   -1.28753862869412      8.02592253667519      0.00000000000000       c
    2.07954098943288      5.41826129861576      0.00000000000000       c
    1.28753862869412      8.02592253667519      0.00000000000000       c
    4.58246604668999      4.58246604668999      0.00000000000000       c
    5.41826129861576      2.07954098943288      0.00000000000000       c
    8.02592253667519      1.28753862869412      0.00000000000000       c
    3.87804814551697      0.00000000000000      0.00000000000000       n
    5.41826129861576     -2.07954098943288      0.00000000000000       c
    8.02592253667519     -1.28753862869412      0.00000000000000       c
    4.58246604668999     -4.58246604668999      0.00000000000000       c
    2.07954098943288     -5.41826129861576      0.00000000000000       c
    1.28753862869412     -8.02592253667519      0.00000000000000       c
    0.00000000000000     -3.87804814551697      0.00000000000000       n
   -1.28753862869412     -8.02592253667519      0.00000000000000       c
   -2.07954098943288     -5.41826129861576      0.00000000000000       c
    9.63845229607806      2.54544389509004      0.00000000000000       h
    9.63845229607806     -2.54544389509004      0.00000000000000       h
    6.03465934732364     -6.03465934732364      0.00000000000000       h
    2.54544389509004     -9.63845229607806      0.00000000000000       h
   -2.54544389509004     -9.63845229607806      0.00000000000000       h
   -6.03465934732364     -6.03465934732364      0.00000000000000       h
   -9.63845229607806      2.54544389509004      0.00000000000000       h
   -9.63845229607806     -2.54544389509004      0.00000000000000       h
   -6.03465934732364      6.03465934732364      0.00000000000000       h
    2.54544389509004      9.63845229607806      0.00000000000000       h
   -2.54544389509004      9.63845229607806      0.00000000000000       h
    6.03465934732364      6.03465934732364      0.00000000000000       h
$end
