$coord
   -0.06995312583840      0.08867577640345     -0.17658753653419      nb
   -0.47480842899811      1.36956672653185      3.34448321797645       n
   -3.73219114626967     -0.58144132791300     -1.16714625591127       n
    3.72213175615624      0.60871253255381     -0.66138789242304       n
    0.50276730497614     -3.62611193710968      0.24721359384603       n
   -1.73771901298372      5.29750288588233     -0.98636012587054       c
   -3.64842053197124      4.55078176462734     -1.00352620902567       h
   -1.34517168505467      6.89717192516272      0.23781277328748       h
    0.06864978172937      4.40355112345913     -2.57046556975057       c
    1.93121638581038      5.27007048760297     -2.44753699553414       h
   -0.13303615234607      2.10142212824476     -4.04102889805417       c
   -1.94404195702691      1.77685013879073     -4.95911132926953       h
    1.46884178780290      1.71439733594606     -5.27511095409861       h
   -5.03426800496824     -0.80858414057576      0.21942895061681       h
   -4.53931150498831     -0.91046702390057     -2.86365620023994       h
    4.78043262180441      0.62710901638952     -2.24911669717689       h
    4.78545192336744      1.16627414730416      0.82851054668301       h
   -0.85327011632988      3.11963302104964      3.99347450701354       h
   -0.33205360415911      0.12427916147861      4.78928712253997       h
   -0.87245404904226     -4.94148528677535      0.11556317766809       h
    2.23440215572489     -4.41039079819924      0.40598139095814       h
$end
