$coord
    0.97621418630054     -0.68866835672187     -0.12242382836820       w
   -4.40772080415595      0.84176281805878     -0.82003247939174       w
   -0.28026376995248      2.83518955485187     -3.17515619819061      br
    3.11703162406471      0.50120828092227      3.05159588853029       s
   -2.78535861074736     -2.16372734347901      0.18505615519483       n
   -7.66344226319022      0.57015040328331      0.66872683280562       c
   -1.22015193990731     -3.93118894493101      1.26750450819769       b
   -8.95784626689976      2.10218047533909      0.09974503615857       h
   -8.48321698393839     -0.66093020075535      2.10227363883710       h
    1.33145869844940     -4.01756794820102      0.10452661017495       h
    3.16212956011428     -1.27635768612496     -2.40720702747286       h
   -5.44212419321589      1.23003653035409     -3.87882841343435       h
   -3.61397158058640      3.21766086307759      1.18719190373706       h
   -1.47216203660612     -5.72439579717715      2.57774970807549       h
$end
