$coord
    7.28154448684372     10.11140898244540      9.02190854948587       k
   -0.09694143847817      1.17592044328647      0.21918649875485       k
    1.71643861810726      6.63463454216171      6.52586984320418       k
    8.49723364953208      7.62145538326174      3.49092244184314       o
   -1.28525791823276      3.62406876522235      4.23128161112264       o
    7.17980238811529      6.30449334084201      5.47363632122846       n
    9.16712927794657      9.93750977029792      3.86037712754099       c
    2.73676676006361      9.73149882003812     10.36771801710803       h
    7.23273720738161      4.52929822419235      4.71400931539659       h
    0.44031790363849     -1.45724586137649     -3.55760086127795       h
   -2.92130059495724      3.27338132762611      4.93431075256573       h
   10.06170200437474     10.43378378733283      2.01859713289974       h
$end
