$coord
    1.01204377159298      1.82467457169476      0.37205419295665      tc
    4.21882340266498     -1.10317619196010     -0.52831375658184       c
    5.31145095441765      0.92977397778374      0.85415885452689       c
    6.15926580936726      0.79209023300361      2.70947439049018       h
    5.14036195399202      3.16311429639849     -0.63818129970644       c
    5.83183277455861      5.01574037413939     -0.12603339424129       h
    4.07072027494443     -3.04281149663401      0.09665325524397       h
    2.38584291772902     -1.18842948537692     -4.33613967926007       h
    3.32894286620744     -0.12396282132514     -2.86916890929443       c
    3.87592277054316      2.50975150391434     -2.92234939295712       c
    3.43540020956523      3.78961860042772     -4.45456805968026       h
    0.38546104392952      2.71362233933655      3.79995804795301       c
    0.02965150366901      3.24976220769623      5.88668831145930       o
   -2.59608118533247      6.11926163009008     -1.02270692920364       o
   -1.65618677928143     -0.51443409613227      0.41787305952325       c
   -3.42849042598585     -2.23748543287193      0.37871075323516       c
   -4.77770366830599     -2.33033107894480     -1.17011747229904       h
   -3.60541131020865     -3.60612373695811      1.90290639871815       h
   -1.24329711652481      4.49214545266655     -0.48317821498237       c
$end
