$coord
   -0.00000000000000      0.00000000000000      2.17410364066375       b
    0.00000000000000      0.00000000000000     -2.17410364066375       b
    2.60748398174881      0.00000000000000      3.59014818126230       c
   -2.60748379277620     -0.00000000000000      3.59014818126230       c
    2.60748360380359     -0.00000000000000     -3.59014855920753       c
   -2.60748379277620     -0.00000000000000     -3.59014855920753       c
    2.76540726025525      1.66191567300473      4.81915745649435       h
    4.24054429270139     -0.00000000000000      2.31909117692051       h
    2.76540726025525     -1.66191567300473      4.81915745649435       h
   -2.76540726025525      1.66191567300473      4.81915745649435       h
   -2.76540726025525     -1.66191567300473      4.81915745649435       h
   -4.24054429270139      0.00000000000000      2.31909117692051       h
    2.76540726025525      1.66191548403212     -4.81915726752174       h
    2.76540726025525     -1.66191548403212     -4.81915726752174       h
    4.24054448167400      0.00000000000000     -2.31909098794790       h
   -2.76540726025525      1.66191548403212     -4.81915726752174       h
   -4.24054429270139      0.00000000000000     -2.31909098794790       h
   -2.76540726025525     -1.66191548403212     -4.81915726752174       h
   -0.00000000000000     -2.05239923103169      0.00000000000000       f
   -0.00000000000000      2.05239923103169      0.00000000000000       f
$end
