$coord
    2.69856878101757      2.09436267835621     -1.95838119887030      be
    1.40324712630129      1.60194956076914      0.84962502360562       o
    1.52494605572759     -0.35643182707377     -3.59522870995180       n
   -0.37255345859912     -1.36424620262435     -3.09963726199357       c
    1.54059922414632     -1.51647176788857      1.36576365270346      be
   -1.86571715547812      0.94568584970911      1.74760587110186      be
   -3.01495523278462     -1.95750058649563     -1.07129424454469      be
   -3.52661842349847      0.73263831524688     -0.39213309996226       h
   -1.20376234521731     -2.03067645126915      1.61458880498966       h
   -2.25585829513106      1.88035384021373      4.08444535579690       h
    4.20485511406011      4.06188731708672     -2.41782804419091       h
   -4.77085813541489     -3.77758387959488     -1.02288116195244       h
    2.09569606911065      2.67771206273854      2.15530237749187       h
    3.54241067576007     -2.99167928711920      1.74005282474922       h
$end
