$coord
   -0.06835951979643      1.44396543308145     -0.84919832344639      mo
   -0.96043648493011     -3.56592888431483     -0.12728533779971      mo
   -0.05031754858193     -6.57621970610287      4.00826482648318      cl
   -2.45003767011656      4.90895875377839      0.94415932894460      cl
   -4.95779003276230     -5.47459554620997      0.38349818540254       s
   -1.23569720496425     -1.59559384488988     -3.11070255332382       n
   -1.09011818443008      0.44706498179844     -4.37820592768584       c
    0.12287339421355     -0.91325248021016      2.05661086364850       c
    1.12632873850950      5.59134981825522      1.57695472021960       b
    1.75013715924751      7.36842577931800      0.33785903179051       h
    0.53570560929594     -0.57474961872855      4.05076420013701       h
   -2.25368435419582     -7.45218543320490      4.56361470577577       h
    2.27073667583817      3.64329162629292      0.61625442952231       h
    1.50648021894305      5.50638206245603      3.79742487008124       h
   -5.90851389232308     -4.99483414503586     -1.92999996910313       h
    3.02172290895933      1.18163006180329     -1.43220793507128       h
    1.66867938075458     -5.24519262110062     -0.90175311878878       h
$end
