$coord
   -2.36955933667468     -4.10503165426732     -4.69103459207564      tl
   -5.40672433164448     -2.27432734445001      3.01292339925404      tl
   -4.85595193594668      2.75420326302736     -3.83881289580042      tl
    3.15981029923995     -2.02191246841503      4.93028053365701      tl
   -0.38290518934423      0.56827957441866     -6.22983593078577      cl
    3.20884793631681     -2.89500751255920     -0.61937587913708       s
   -0.97266962700617     -2.38695672230763      3.84049607486076       f
   -3.71666515641922     -1.13582045489471     -1.15108282795060       o
    2.30614882062940      0.12766951912110     -0.97057694429434       o
   -1.14720322021412      5.07968984007578     -0.75449091919427       n
    0.52049010144797      6.45016930432644     -0.52319524439721       c
    1.77684919392767      0.37102410324542     -2.75261116876628       h
    0.97466423293207     -3.86343621619361      0.21924243464818       h
    2.07808098702800      7.72570722725798     -0.30343521376314       h
    3.38440595005761      1.11239843339976      4.58589986803338       h
   -2.09900101113225     -0.47372731668148     -0.58364493754842       h
    3.54138228680235     -5.03292138613092      5.82925386531458       h
$end
