$coord
    3.25022934799455     -4.99666869115889      0.00000000000000      cd
   -2.18836408092769      0.60295737163736      2.51713598669655       b
   -3.18766278363709      0.60981537672089      0.00000000000000       n
    0.43169205976418      0.34618289742991      3.15752373062760       n
   -2.18836408092769      0.60295737163736     -2.51713598669655       b
    2.60533271752708     -0.09104228043092      1.60554552061413       b
    0.43169205976418      0.34618289742991     -3.15752373062760       n
    2.60533271752708     -0.09104228043092     -1.60554552061413       b
   -3.67382355336399      0.82462262415157      4.21968039346308       h
   -5.09080313044963      0.78974810644316      0.00000000000000       h
    0.75602405400021      0.41554642871703      5.04259281547070       h
   -3.67382355336399      0.82462262415157     -4.21968039346308       h
    4.58400503964693     -0.29779041285244      2.72837562017413       h
    0.75602405400021      0.41554642871703     -5.04259281547070       h
    4.58400503964693     -0.29779041285244     -2.72837562017413       h
$end
