$coord
   -3.61656749736556     -2.40261915038438     -2.71569140047181      re
    0.87186880086106     -1.71943251120854     -2.60454999296573       p
   -2.86402488580710     -0.77861157243797      1.45697033930733       p
    2.11191029721616     -0.26766553278889      0.22522058324749       c
    0.33774413644206      0.17927642783875      2.15442346587071       c
    1.03598886927958      1.19842141226766      4.71569646288180       c
    4.89629040777553      0.23178568078151      0.51695536872946       c
   -3.69561587504795     -2.38956076490913     -6.39138030249468       c
   -4.31489859068703     -5.93586559929686     -2.57782888760017       c
   -7.19146899029881     -1.55360772085184     -2.57683772624713       c
   -3.71523709038587     -2.29087964455945     -8.56733663065227       o
   -4.64876841062575     -8.09143650687122     -2.41075064190416       o
   -9.28657924431043     -0.96440850027416     -2.48656777688387       o
   -0.85851864167198      2.65369402162348     -1.34982022235179      re
   -3.30004422942699      3.77085286410701     -3.84679075258616       c
   -1.70257124087751      5.43912538682668      0.85368793477632       c
    1.80448190317637      4.55410201343056     -2.96976186556569       c
   -2.16063083824909      7.04243195992684      2.26621720683545       o
    3.47986924476009      5.61897912599690     -3.88345200634661       o
   -4.75571897250240      4.43008174443120     -5.33205690603978       o
    5.81944278521409      0.41328442654432     -1.32160755615505       h
    5.79023083184197     -1.33870050690911      1.53106593378634       h
    5.24926611473763      1.97069616608762      1.57464339619500       h
    2.51519807255443      2.63433774588841      4.58654086313528       h
    1.72747461868257     -0.34041696507454      5.91908596513447       h
   -0.59539393179103      2.05497058137121      5.64841217732575       h
    2.85354068526056     -1.51542070221734     -4.36980987450843       h
   -4.30941366060658      0.28678767145695      3.42175204056608       h
$end
