$coord
   -0.02812819543891      0.01354687967880     -0.06765332914317      hf
   -2.56187147327517      2.56618647391106      0.68497356420050       o
    1.99680103176352      1.11119959114548     -2.93094443429559       o
    2.13353216560358     -0.46939266289387      2.86583562138095       o
   -1.67979834030681     -3.16850511811787     -0.87730365319917       o
   -3.17966602959009     -5.02178806466013     -2.02061441553915       c
    3.77547589010143      2.19421996424665     -4.55643072293552       c
    3.42319257879186     -1.67363103012230      4.83793094069218       c
   -4.00848101115198      4.49625296137382      1.76414853360806       c
    3.08193581942697     -0.68976364198445      6.63441533393110       h
    5.46888158132307     -1.67025049905566      4.48050606253925       h
    2.80244872691223     -3.64478904527509      5.04805828137205       h
   -6.00469641678908      3.93414390967409      1.87723371340724       h
   -3.89143175285848      6.22609994223485      0.62045547967282       h
   -3.35065940987376      4.94083881146768      3.68373837942879       h
   -3.02550897525259     -6.81495863416465     -0.98480601510459       h
   -2.58163101656550     -5.35567205754480     -3.98140803878178       h
   -5.17793764622479     -4.45550366308520     -2.03608371360583       h
    3.98070732833429      1.04811165134989     -6.27636986971842       h
    5.63653713835054      2.32838239336377     -3.64327348492211       h
    3.19029800671967      4.10527202743053     -5.12240842196022       h
$end
