$coord
    0.00000000000000      0.00000000000000      0.00000000000000      au
    2.20082134452229     -2.20082134452229     -2.20082134452229       b
   -2.20082134452229     -2.20082134452229      2.20082134452229       b
    2.20082134452229      2.20082134452229      2.20082134452229       b
   -2.20082134452229      2.20082134452229     -2.20082134452229       b
    3.56514634872609      3.56514634872609      3.56514634872609       f
    3.56514634872609     -3.56514634872609     -3.56514634872609       f
   -3.56514634872609      3.56514634872609     -3.56514634872609       f
   -3.56514634872609     -3.56514634872609      3.56514634872609       f
$end
