$coord
    0.00000000000000      0.00000000000000      1.03771437820515      ge
    0.00000000000000      0.00000000000000      5.28543471689706      cl
    2.25822574402160     -3.91136174944537      0.08803874972640      ge
    2.25822574402160      3.91136174944537      0.08803874972640      ge
   -4.51645167701581      0.00000000000000      0.08803874972640      ge
    0.41881376518873     -6.78500156178109      1.57912582656565       c
    5.66657679176581      3.75520404205837      1.57912582656565       c
   -5.05972960787088      0.00000000000000     -3.60383546759225       c
   -6.08539055695454      3.02979751972272      1.57912582656565       c
    2.52986480393544     -4.38185442191713     -3.60383546759225       c
    5.66657679176581     -3.75520404205837      1.57912582656565       c
    0.41881376518873      6.78500156178109      1.57912582656565       c
    2.52986480393544      4.38185442191713     -3.60383546759225       c
   -6.08539055695454     -3.02979751972272      1.57912582656565       c
   -1.35853185979222     -7.12154194268094      0.58153959367155       h
    5.55224628244965      3.20229115357775      3.56704571245524       h
   -4.22178479247689     -1.67664117486826     -4.47526093870418       h
    6.84670206465504      2.38424798887875      0.58153959367155       h
   -5.54938863860205      3.20724072424672      3.56704571245524       h
    3.56290626737644     -2.81785226250973     -4.47526093870418       h
    5.55224628244965     -3.20229115357775      3.56704571245524       h
   -4.22178479247689      1.67664117486826     -4.47526093870418       h
   -1.35853185979222      7.12154194268094      0.58153959367155       h
    3.56290626737644      2.81785226250973     -4.47526093870418       h
    6.84670206465504     -2.38424798887875      0.58153959367155       h
   -5.54938863860205     -3.20724072424672      3.56704571245524       h
   -5.48817020486282      4.73729395380219      0.58153959367155       h
   -0.00285764384760     -6.40953187782447      3.56704571245524       h
    0.65887852510045      4.49449343737799     -4.47526093870418       h
   -0.00285764384760      6.40953187782447      3.56704571245524       h
    0.65887852510045     -4.49449343737799     -4.47526093870418       h
   -5.48817020486282     -4.73729395380219      0.58153959367155       h
    1.57545314383995     -8.49625987365940      1.45810568676378       h
    6.57025025024374      5.61251229422143      1.45810568676378       h
   -7.08793637606609      0.00000000000000     -4.01303109371795       h
   -8.14570339408369      2.88374757943798      1.45810568676378       h
    3.54396818803304     -6.13833293512536     -4.01303109371795       h
    6.57025025024374     -5.61251229422143      1.45810568676378       h
    1.57545314383995      8.49625987365940      1.45810568676378       h
    3.54396818803304      6.13833293512536     -4.01303109371795       h
   -8.14570339408369     -2.88374757943798      1.45810568676378       h
$end
