$coord
   -0.00003477096072      0.00001341705549      0.87191207558935       v
    7.93211898842909     -1.28275988926692     -0.46683983187038       c
    5.35919261731736     -2.07822687388492     -0.18457881037543       c
    3.78637677525873     -0.00000321253441     -0.01034643951196       n
    5.35920168800277      2.07822706285753     -0.18459543996534       c
    7.93211596486729      1.28277462913070     -0.46682868248624       c
    4.57498802246455     -4.56196062849776     -0.08323185337993       c
    2.08138838569357     -5.32622464429739      0.02130326056258       c
    0.00002966870018     -3.74348641726945     -0.08130886807421       n
   -2.08139934610510     -5.32618458210352      0.02129041042493       c
   -1.28172016195245     -7.91215837827896      0.14847615965780       c
    1.28159128263066     -7.91211869403032      0.14845726239654       c
   -4.57496345602491     -4.56193851870209     -0.08331008804155       c
   -5.35917542080962     -2.07821988189826     -0.18461074674696       c
   -3.78640096375314     -0.00001568472685     -0.01030770012638       n
   -5.35916483834331      2.07820816559627     -0.18454951962048       c
   -7.93208856383846      1.28276536947269     -0.46684436721309       c
   -7.93212749219666     -1.28276102310260     -0.46688291762606       c
   -4.57494625951716      4.56189543294642     -0.08324016817489       c
   -2.08138290548780      5.32618873950099      0.02130363850781       c
   -1.28171978400722      7.91214288252473      0.14844176664231       c
    1.28161849468687      7.91212228450996      0.14842627088808       c
    2.08139348795410      5.32623862827072      0.02126830062925       c
    0.00003892835819      3.74348509446116     -0.08131699389655       n
    0.00002229876829      0.00002040904216      3.83587059222238       o
    4.57499331369770      4.56194777836011     -0.08333767804298       c
    6.01492966170610     -6.02121356799258     -0.12419261202205       h
   -9.52434779800656     -2.55408372293769     -0.62866331612808       h
   -2.55205869242116     -9.51309069947453      0.18664258027753       h
    2.55202845680315     -9.51293725371310      0.18669587055428       h
   -6.01489867019764     -6.02117331682610     -0.12420451729664       h
    2.55201919714513      9.51296087528968      0.18656510150637       h
   -2.55207059769576      9.51306140871957      0.18667281589555       h
    6.01495082663871      6.02122490634934     -0.12423399702420       h
   -6.01488185163511      6.02116764764772     -0.12415727414349       h
   -9.52436575040475      2.55410734451426     -0.62858810502827       h
    9.52440071033808      2.55410375403462     -0.62861097071440       h
    9.52434855389701     -2.55409884074669     -0.62854539721783       h
$end
