$coord
    3.64741992198758      3.20578204465014     -4.71836777973339       k
   -0.86932655230388      3.74664452757107     -5.99330836023653       f
   -0.42399955162344      0.44819522699434     -9.39636004900585       k
    4.13238657377551     -0.21050830946685     -8.01004845927234       f
    2.46401521837945     -0.26818898692577     -1.53785742051024       f
   -2.47196680797204      0.44020092959130     -2.83601895564854       k
   -1.74453865662690     -2.89489375104642     -6.27537171637871       f
    2.74513144378732     -3.64859344191177     -5.01228274224681       k
   -1.95348888690294     -0.01150862107939      6.63140594507559       c
   -1.29772160689618      0.01477482371541      3.83974056235563       c
   -2.99182385116783      0.31123619218350      2.25255845537000       o
    1.14299801266613     -0.29155998581532      3.21250474534305       n
   -2.87908675892104      1.77468734723963      7.10522680320031       h
   -0.32488719577183     -0.28430872872499      7.87346944838541       h
   -3.32678177540985     -1.51876192698055      6.96908601980198       h
    2.42644462840721     -0.52309282124118      4.59489099596783       h
    1.72522565562012     -0.29010470772576      1.30073250753259       h
$end
