$coord
    0.00000000000000      0.00000000000000      1.48363399699867      au
    2.95146534824204      0.19018241525658      4.52145812844118       o
    2.37611630838636      0.15061835319413      6.83805656762901       c
    0.00000000000000      0.00000000000000      7.99285119563613       c
   -2.37611630838636     -0.15061835319413      6.83805656762901       c
    0.00000000000000      0.00000000000000     10.04521414392620       h
    3.99770314716548      0.25263427323820      8.15391406512814       h
   -2.95146534824204     -0.19018241525658      4.52145812844118       o
   -3.99770314716548     -0.25263427323820      8.15391406512814       h
    0.92350670108717     -2.91974308268427     -1.99635241078123       c
    1.63665419209882      2.68038489137102     -1.64654407377876       c
   -1.63665419209882     -2.68038489137102     -1.64654407377876       c
    1.89577079286672     -4.38503653174055     -0.92951489633188       h
   -0.92350670108717      2.91974308268427     -1.99635241078123       c
    2.54472995655967      4.04169767213013     -0.39479818071763       h
   -2.54472995655967     -4.04169767213013     -0.39479818071763       h
   -1.89577079286672      4.38503653174055     -0.92951489633188       h
    2.42754048058762     -1.55651355271565     -3.99699998007403       c
    1.29625404558680     -1.39522372711591     -5.71798395643194       h
    4.06526066719407     -2.71862444439183     -4.49948760558354       h
   -3.42599371982830     -1.07392398742150     -3.18099299527570       c
   -5.13055559820684     -0.80091204147719     -2.03728293380533       h
   -4.02350868022304     -2.12484414973972     -4.87432385334275       h
   -2.42754048058762      1.55651355271565     -3.99699998007403       c
   -1.29625404558680      1.39522372711591     -5.71798395643194       h
   -4.06526066719407      2.71862444439183     -4.49948760558354       h
    3.42599371982830      1.07392398742150     -3.18099299527570       c
    4.02350868022304      2.12484414973972     -4.87432385334275       h
    5.13055559820684      0.80091204147719     -2.03728293380533       h
$end
