$coord
    1.97655885242063      2.05143471481703      0.00000000000000      in
    5.55895575505969     -7.55644408021520      0.00000000000000       o
    2.39192481229264     -6.01597071182886      0.00000000000000      in
    2.15352697979658     -1.67862028503992      0.00000000000000       o
    1.48368124015181      5.71339305578166      0.00000000000000       o
   -2.39192481229264      6.01597071182886      0.00000000000000      in
   -2.15352697979658      1.67862028503992      0.00000000000000       o
   -1.48368124015181     -5.71339305578166      0.00000000000000       o
   -1.97655885242063     -2.05143471481703      0.00000000000000      in
   -5.55895575505969      7.55644408021520      0.00000000000000       o
$end
