$coord
   -2.67017545700319     -1.33293192893716      3.07798496901553      zn
    0.32293265203980     -1.44263903431367     -2.45121440257516      zn
    1.23941127269211     -1.98368954498413      4.03322508504462       o
    3.26907936610048     -2.05532396015676     -0.03340506667290       n
    0.84564582730229      4.77429327956656     -2.36932482166246       n
    2.33296044387639     -2.03572655536803      2.00993727395515       c
    0.64955291564171      2.59445072963104     -2.40480083919674       c
   -2.17946195909376     -1.31986674044786      0.04503028385426       h
    1.05980792223358      6.64958454348899     -2.33579616690093       h
   -0.43865929101778     -2.76299237923896     -4.93147125008894       h
   -4.43109350379901     -1.08515840924002      5.35983512420017       h
$end
