$coord
   -2.42769184765031      0.11462114919432      0.07282853311159      os
    2.42749626099628     -0.11715508295655     -0.07549474770263      os
   -5.89420318534419      1.21257886245773      2.28909838871317       c
   -6.02358857578762     -1.43619828075874      1.70620045990232       c
   -6.18030961053276     -1.67257032684783     -0.97723407149069       c
   -6.06580260079644     -2.96344413318156      3.06138183527331       h
   -6.02984432515483      0.79187933956796     -2.06530265896461       c
   -5.89718271652691      2.58104368968556     -0.02681559167186       c
   -5.74286465752348      4.60897909320909     -0.22699503607972       h
   -5.73521258952184      2.01528425402841      4.16165767557537       h
   -6.19618916814137     -3.43364125248723     -2.01715810645486       h
   -6.07562426336323      1.24186054672390     -4.05684590572802       h
    6.16912791207315      1.86855079980392      0.56038770017165       c
    5.99533131205431      1.09825137670338     -2.02560877271731       c
    5.89944075027476     -1.60998788879091     -2.06382319238064       c
    6.01947993324467      2.32641972380940     -3.65705695831187       h
    5.90529568873066     -2.49308941071699      0.47802719950837       c
    6.05661626415318     -0.32826980553721      2.11508484813508       c
    6.10961816869696     -0.37225998413176      4.15647340092155       h
    6.18610029830038      3.80149326145770      1.22799657100118       h
    5.70562174606148     -2.77206174183502     -3.73455557159841       h
    5.79525825922734     -4.44193637436424      1.08166865200331       h
    0.15396845967014      2.35488693611530      1.41506056020479       n
   -0.15410829940346     -2.36132882350590     -1.41313946462519       n
   -0.27759850022450     -4.32588148995819     -2.58240467044144       o
    0.27686509751504      4.31197556231548      2.59656911261818       o
$end
