$coord
    9.19345845411362     11.19946415286382      8.48555778769055      as
    3.15023165545295     13.58367567002835      8.44275360121261      as
   10.08798733889567      8.07632739060414     12.84395711790553      as
   12.21202117407260      5.64970078157100      7.33142154026570      as
    2.32750480455089     17.24963607298243     11.05581643243033      cl
    5.54037029861138      8.37512994076961      6.65740800965025       s
    7.39453536930922      5.86130418732782     12.74525294289711       f
   12.16810582863262      6.79896966141335      4.44134885851170       o
    3.12882238125470     10.13135447478651      6.18675678915652       o
   10.68413961778102      7.96482013212009      9.27589189820536       n
    8.71638953472370     11.20463708916088     11.95051728228984       c
    0.59915864417906     13.94052758321991      7.19553605886699       h
    7.80184089136378     12.62232172306411     13.11051905063689       h
    5.24857598675645      7.54401289484114      9.09117287015139       h
    2.15796953694598     11.92716933805902     10.55634972310570       h
$end
