$coord
    0.00000000000000      0.00000000000000      2.19550989130020      sb
    0.00000000000000      0.00000000000000     -2.72137475179548      si
    1.44154639466767      2.49683163536412      3.49481622252557       h
    1.44154639466767     -2.49683163536412      3.49481622252557       h
   -2.88309278933535      0.00000000000000      3.49481622252557       h
    2.71938978347282      0.00000000000000     -3.31952787270294       h
   -1.35969479725010      2.35506060194627     -3.31952787270294       h
   -1.35969479725010     -2.35506060194627     -3.31952787270294       h
$end
