$coord
   -1.27757296899653     -0.38240989212663     -0.00328812345908      se
    3.16528918219680     -0.06932101244929      0.20295242852502      se
   -2.30267342531124      2.49372908301061      2.10306146565899       c
    3.85279308967988     -3.59335353471707      1.19359316201596       c
    5.91465852579408     -3.65160018515070      1.33303926538111       h
    3.02634801365249     -4.00796284824826      3.03228288752352       h
    3.22469442371822     -4.89702456637545     -0.26985780406756       h
   -4.34364718321308      2.70700055001876      1.87069299334025       h
   -1.83468917529901      2.00539664001982      4.04987772961135       h
   -1.29083450003031      4.18221770685263      1.49287022241165       h
   -1.94000928147422      1.12635689542878     -3.32627665161639       c
   -3.98563630098850      1.36675160152208     -3.47599455031153       h
   -0.95427767851316      2.93083464120767     -3.46599052917358       h
   -1.25444253224281     -0.21061489002035     -4.73696249583971       h
$end
