$coord
   -0.29568110055070      0.05304234468288     -1.41566338283895      mo
    3.07021347032274     -1.94584664547715      1.59612939327396      si
    6.36668290483735     -0.90779306143241      0.59473592915399       c
    6.33628628215690      2.00507198507139      0.36080144079471       c
    3.25186963027184      2.98622175806758     -1.17516266310998      si
    7.81881082094705     -1.55775113435551      1.92501430466515       h
    6.78717266812714     -1.75599908969008     -1.25016778277339       h
    6.43482775174587      2.86981878610913      2.24556363411496       h
    7.95841225979974      2.72815867961487     -0.70778482621155       h
    3.15359914740932     -4.79392318764466      1.91959948342397       h
    2.08703583222084     -0.65175085609875     -3.56224580809544       h
    3.56348679124232      4.90233526370708     -3.21458835736948       h
    2.69735822246131     -1.03605822222840      4.24392009945271       h
    0.59001898377111      4.08240596336182      1.03509502882202       c
   -3.07095953419725     -1.93228502593458      2.11061810249127      si
   -1.39711042968002      5.94367716018352     -0.01158383217920       c
   -4.40856418892594     -4.97852410781576      0.71088964623642       c
   -3.94406421594465      4.62690484626684     -0.42265482251225       c
   -2.19490952531000     -6.55382002644203     -0.34396246923197       c
   -3.64779163111654      2.15930462845393     -1.88532438684271       c
    0.13170332850947     -4.32419112993857     -1.86549681341184      si
   -1.62404688424983      7.54487763351635      1.28127437555935       h
   -5.49103899809456     -6.03986365307439      2.12447149574769       h
   -0.75835219658733      6.72980190575287     -1.82469894916178       h
   -5.71450988392207     -4.48342833502035     -0.82127062794943       h
   -4.82460308027138      4.18607539376606      1.40721082685038       h
   -1.20292406270786     -7.54436684054452      1.18888566526371       h
   -5.24282422734702      5.91984336736574     -1.40247158269922       h
   -2.79810953778192     -8.01970684950185     -1.68395139141372       h
    1.43533259722046      4.63837605076893      2.84404178791608       h
   -5.18369677556611     -0.27467244829115      3.00187983977424       h
   -2.49794543994273      2.52361018840391     -3.69581599704469       h
   -1.64176136592670     -2.33878004445374     -3.59828345223434       h
   -5.44969972730943      1.35712344691058     -2.49752176334530       h
    1.95303705338623     -5.74856879583453     -3.46625565774905       h
   -0.49063545222043      2.35406585011359      1.76425398032588       h
   -1.75663252588748     -2.72338201888641      4.49051896538998       h
$end
