$coord
   -2.07279580099906      3.20915312708614     -0.16518474011785      tl
    2.10959708346544     -0.32336898980228     -3.17751306461484      tl
    2.30198121863132      0.11635724058620      3.05257438871829      tl
   -2.34095001696412     -3.01818023939109      0.28359290046849      tl
    2.12852571417821      2.73700996781601     -0.26293384754223       o
    1.88467904537071     -2.92665929133248      0.14773066270113       o
   -1.92030529613200      0.28547903611476      2.88642966772848       o
   -2.09544511348113     -0.11269967566950     -2.77968546394477       o
   -4.29809571289330      6.67744175220144     -0.32777224064825       c
   -2.99034173896728      8.25958887289720     -0.48884493671613       h
   -5.39936347043885      6.80343678500238      1.40736824103667       h
   -5.52696212483023      6.56440457144586     -1.97585833094576       h
    4.38076877425780     -0.67381284170088     -6.60110607637279       c
    3.09508566764671     -0.74035765749860     -8.20790902075110       h
    5.47551678769635     -2.41170778818693     -6.45870330751104       h
    5.61547614067730      0.97015213386124     -6.71120208738601       h
    4.78252983985895      0.26700186097347      6.34426470586048       c
    5.98999944979006      1.92322265532517      6.14902217095655       h
    5.89999500694749     -1.46207430060080      6.37463506134778       h
    3.59819992633957      0.41015995336774      8.02244865313793       h
   -4.86427107727076     -6.26540794640725      0.58741720884096       c
   -5.96561083338171     -6.05096182563924      2.31378614876725       h
   -3.70327890346112     -7.96428023736591      0.65813283917116       h
   -6.08493456604035     -6.27389735205528     -1.07068972115701       h
$end
