$coord
   -0.31646846588091      0.00083034565972     -1.43696437573019       w
    3.10481265493460     -1.91769293873554      1.63215494316565      si
    6.38411997471894     -0.85919157314541      0.59711622818218       c
    6.31820916203646      2.05605528416748      0.40371523138795       c
    3.22830550137222      3.02667285757353     -1.13773550335071      si
    7.85658115497079     -1.51155299975544      1.90443102975653       h
    6.79513691888478     -1.67688986282643     -1.26352663470266       h
    6.41049261458688      2.89580705568307      2.29972280693825       h
    7.93022567182354      2.81384566517758     -0.65688410814716       h
    3.19061963810630     -4.74445393712064      2.04328772754301       h
    1.87927367276016     -0.90331611126752     -3.72300121914677       h
    3.54750178691588      5.03506452453031     -3.08641938363330       h
    2.76162780800344     -0.90633910615114      4.25005490634786       h
    0.53718602074298      4.07555230464838      1.08375906704379       c
   -2.96093703353032     -2.05042465620273      2.19116843449854      si
   -1.40286048833593      5.98688083476448      0.04199935212091       c
   -4.38225939022592     -5.07321601631365      0.82199628278178       c
   -3.92720899273723      4.69566649978286     -0.54050041139521       c
   -2.23355839300968     -6.64711977370297     -0.36194207948431       c
   -3.55536229170920      2.25633204947083     -2.03814464891874       c
    0.03762841559169     -4.41956882004755     -1.96352673413853      si
   -1.68636872907398      7.52485352856840      1.39908481553636       h
   -5.39709031888199     -6.14718101079208      2.27523743655225       h
   -0.68422202012022      6.85559832833798     -1.70121706313569       h
   -5.76139247732494     -4.55464285304780     -0.63619104015064       h
   -4.90048541080243      4.20275411655332      1.22830176177051       h
   -1.16621084147895     -7.65353707472866      1.11068539666662       h
   -5.16973566792051      6.01967570887132     -1.54898563972049       h
   -2.90966101585732     -8.10289845171530     -1.67749003984402       h
    1.38964657840052      4.59520790303915      2.90015418166311       h
   -5.02617638666971     -0.35208148855932      3.11917495143672       h
   -2.30926233339444      2.66184686704848     -3.78609728476471       h
   -1.82161019180899     -2.33574174278850     -3.58978289720216       h
   -5.32468773003919      1.49554909816774     -2.78470457653518       h
    1.73369351839032     -5.84948640705423     -3.69441211950575       h
   -0.57545429760090      2.36492005903558      1.79397767153290       h
   -1.59406184391960     -2.85777367178260      4.53150391252651       h
$end
