$coord
    0.00000000000000      0.00000000000000      0.00000000000000      xe
    0.00000000000000      0.00000000000000      5.92205755946746       b
    0.00000000000000      0.00000000000000     -5.92205755946746       b
    1.95081284573604     -1.12630228234374     -5.95459883232821       h
    0.00000000000000      2.25260456468748     -5.95459883232821       h
   -1.95081284573604     -1.12630228234374     -5.95459883232821       h
    1.95081284573604      1.12630228234374      5.95459883232821       h
    0.00000000000000     -2.25260456468748      5.95459883232821       h
   -1.95081284573604      1.12630228234374      5.95459883232821       h
$end
