$coord
   -0.18726978037872      1.14450601411461     -0.22011567709096      zr
   -1.40269343654640     -3.46904886193575     -0.16489296640401       c
   -2.37038590288216     -2.45753156804146      2.12007221332657       c
   -4.34341871532446     -0.75455044556723      1.49796511301971       c
   -4.56289925546450     -0.67457440132963     -1.16071570687742       c
   -2.74013614174610     -2.35588357767410     -2.19630244243740       c
    3.09751339880066      0.65871317406443      2.43701764608166       c
    4.45374357217153     -0.09472705740383      0.05916751397479       c
    6.36240777742271     -1.78232543126794     -0.08763302552717       c
    3.27811868205115      1.06440864945972     -2.05211992951028       n
   -1.66925045598983      4.73435013844325      0.03361936161557       n
   -5.44613154643849      0.34121858689715      2.82776482090318       h
   -1.72352339032590     -2.92040694347230      4.00222072644208       h
   -5.87866944761662      0.47288619958284     -2.22735895748102       h
   -2.44329456038148     -2.73695516575836     -4.18535087276939       h
    0.16409833656807     -4.77657096646612     -0.32707285300906       h
    3.35423722834794     -0.65466216816832      3.99898305867056       h
    4.14040430378251      0.69966391715808     -3.71720788576258       h
   -3.46584823279630      5.30705242788699      0.33536818378395       h
   -0.58360676508068      6.28717891418600     -0.25147719393130       h
    3.59631038918627      2.59423000961953      2.99766008133508       h
    7.20049696789272     -2.54569258304821      1.61729583766503       h
    7.17880102224117     -2.31816502214621     -1.89457270650290       h
$end
