$coord
    0.80374625272083      1.45863443213381     -3.31352855917102      au
   -0.80374625272083     -1.45863443213381      3.31352855917102      au
   -2.50705297500654      4.65498031834684     -4.75602643094309       i
    2.50705297500654     -4.65498031834684      4.75602643094309       i
    5.04269637246240     -2.26951383406210     -1.40672913566089       c
    6.53235368251478     -3.45621365311598     -0.67588152489092       h
    9.38769773341730     -4.97764840872901      3.63543508992446       c
    9.17828149667862     -5.10649352647305      5.64319577732779       h
    3.50036332459556     -0.95618554600988     -2.17881812940267       n
    9.62128092168977     -4.83851411017464      1.47862584481979       n
   -5.04269637246240      2.26951383406210      1.40672913566089       c
   -6.53235368251478      3.45621365311598      0.67588152489092       h
   -9.38769773341730      4.97764840872901     -3.63543508992446       c
   -9.17828149667862      5.10649352647305     -5.64319577732779       h
   -3.50036332459556      0.95618554600988      2.17881812940267       n
   -9.62128092168977      4.83851411017464     -1.47862584481979       n
$end
