$coord
    5.22022499260729      0.37435758013152     -0.45679178011371       p
    2.96461462954395     -2.52250205300368     -2.50989795768910       p
    0.76818784312746      0.20438937627116     -4.86053376591155       p
   -2.11003644478971      2.33727034225175     -2.65937170376877       p
    0.68023696566591      4.67332105526183     -0.54344271497325       p
    2.91969697336679      2.56161730511123      2.31808811029288       p
    0.92889714486132     -4.76618881113038      0.43330607484831       p
   -4.17167851527583     -0.62674807869948     -0.51672104268985       p
    0.83917257045799     -0.27900029906470      4.62481027382888       p
   -1.98015027692292     -2.56178549073644      2.50433876137190       p
   -0.92237475513775      1.46321739593436      5.66276672595075       h
   -0.77885799272478     -5.93320316415807     -1.28141534912834       h
   -0.94635632453858     -1.62162312152074     -5.82646085010049       h
   -5.44343604109249      1.07304980011566      1.12963368053110       h
    6.23698816622711     -1.33033393345926      1.35213551480125       h
   -1.08312733159990      5.69847650260681      1.20086180458665       h
$end
