$coord
   -3.24574011460984      1.19284577533317      0.00170377707512       y
    3.24574427200732     -1.19284218485353      0.00169810789674       y
   -7.01625433979509     -0.33253567329383     -2.37873565776948      cl
   -1.50498922502971     -2.89230973954185      2.07969632492043      cl
    0.00000132280829     -0.00000415739748     -3.73266830211647      cl
    1.50498525660485      2.89229518865068      2.07968706526241      cl
    5.10360375728131     -4.97108463400329      2.16368709231252      cl
    7.01625830821995      0.33253189384158     -2.37874812996191      cl
   -5.10360904851446      4.97110390920977      2.16367972238063      cl
$end
