$coord
    0.00000000000000      0.00000000000000      5.44524488694021      ne
    2.27831126506865      1.31538374315937     -0.45513165571210       c
    4.05614368349963      2.34181570050239     -0.45240912728250       h
    2.27831126506865     -1.31538374315937     -0.45513165571210       c
    4.05614368349963     -2.34181570050239     -0.45240912728250       h
    0.00000000000000     -2.63076729734612     -0.45513165571210       c
    0.00000000000000     -4.68363140100479     -0.45240912728250       h
   -2.27831126506865     -1.31538374315937     -0.45513165571210       c
   -4.05614368349963     -2.34181570050239     -0.45240912728250       h
   -2.27831126506865      1.31538374315937     -0.45513165571210       c
   -4.05614368349963      2.34181570050239     -0.45240912728250       h
    0.00000000000000      2.63076729734612     -0.45513165571210       c
    0.00000000000000      4.68363140100479     -0.45240912728250       h
$end
