$coord
   -0.19348093220936      1.07499262754570     -0.17736137938275      hf
   -1.49725022962628     -3.51351676329494     -0.15315115312068       c
   -2.46634695144620     -2.49750192122098      2.12829649039914       c
   -4.39963863448805     -0.75149154588722      1.49931872384370       c
   -4.60054354475565     -0.65912966970258     -1.16216947318608       c
   -2.79997016212549     -2.36582353709638     -2.19099268996883       c
    3.09289868760120      0.63554305306206      2.45009889724304       c
    4.47241520013117     -0.07606431115698      0.05600486833047       c
    6.47580702970402     -1.64332398046022     -0.09462406732997       c
    3.21634088937865      1.00493292115380     -2.05588275217219       n
   -1.56734130547188      4.69431610149328     -0.00456765701893       n
   -5.49517145118670      0.35518971009121      2.82601758012717       h
   -1.84012251585622     -2.97748196370787      4.01342642442349       h
   -5.88851340895170      0.51495622746086     -2.23324828895242       h
   -2.49545383604572     -2.74492981000969     -4.17895830723067       h
    0.04021034839752     -4.85587502409335     -0.31078776017382       h
    3.37201596071309     -0.70612753639913      3.98543145467645       h
    4.07715913877324      0.68765943194325     -3.72908405857346       h
   -3.34862549764444      5.30819344452181      0.30163014736767       h
   -0.44837323919540      6.22122747239181     -0.28839526147226       h
    3.62555843632740      2.54821102105620      3.05582793018926       h
    7.37083102273106     -2.34162691686242      1.60908176511354       h
    7.30659866479361     -2.14921556964032     -1.90359728258978       h
$end
