$coord
   -0.94454577793735     -3.04237156839190     -2.07654766324944      ru
   -1.35601663431864      1.12048154793072      1.20077034184216      ru
   -5.34441817154718      2.18505573739906      0.82980897750412       o
   -0.69627903972135     -5.18054830286773     -5.06151086371716       o
    2.28078964088278      1.01057980076323      1.04549116813109       n
   -5.13593451465163     -0.23476351121071      1.19482960982014       c
   -3.43070140555316     -1.56759018240266     -0.43656755316902       c
    4.64395357742955      1.11699065685833      0.79201351012290       b
   -2.09386341271375     -6.28167508684429     -5.42135591411955       h
   -6.09594524428557     -1.16795033437784      2.78298908315809       h
    6.84528571492367      1.26414854357069      0.56437785688650       h
   -0.27018850613959     -4.53457282775498      0.37931697737635       h
   -1.26075006010586      0.15726754354075      3.97502964618900       h
$end
