$coord
    1.26660084116428     -0.00117503170509      0.45773909982063      ta
   -1.14228350721793     -2.22695191047350     -1.88977204625264       o
    3.56181438362089      3.33993578102707      1.66050272478039       o
    1.13318126338727      2.56421076524643     -3.05117580241250       o
    0.10558447886023      2.21461388859745     -4.51997204781577       h
   -4.50665212424470     -3.28799117825073      1.16353177675025       o
   -6.28551293163340     -2.96371568682585      0.92502509602934       h
   -3.93611753963999     -2.26167468317400      2.58691639156705       h
    2.13009834426019      4.05428022456687     -3.39647657568684       h
    5.22154742295020      2.81710903322441      2.24134954485418       h
    2.83029308548703      4.32880810880939      3.01894879100650       h
   -2.75109258485150     -2.73916368868171     -0.76071511013517       h
   -0.44417710233282     -3.76152687670304     -2.60130741190628       h
   -0.86477344617612      0.05426764310292      3.01496014607254       o
    3.68148941636634     -2.13102601081540      1.15044523435572       o
$end
