$coord
    0.00205904558679      0.00362241601075      0.00000944863063       y
    4.33090022460338      2.52349963942555     -0.00000132280829       c
    6.13518597420788      3.56782862598921      0.00000018897261       h
    3.31503315911247      1.93515684272812     -2.09324528329796       o
   -4.34729567744437      2.48773241509526     -0.00000132280829       c
   -6.15650605333299      3.52348790319829      0.00000037794523       h
    0.02047442668376     -5.00481643432335     -0.00000170075351       c
    0.02366957561745     -7.08954169841005     -0.00000132280829       h
   -3.32830678439346      1.90486245423108      2.09323980309220       o
   -3.32830772925652      1.90486302114892     -2.09324358254445       o
    0.01823207766276     -3.83078911866981      2.09318065466445       o
    0.01823245560798     -3.83078647305324     -2.09317838699310       o
    3.31503334808508      1.93515589786506      2.09324225973616       o
$end
