$coord
   -0.87893089636619      2.42764460449716      2.35251986516999      ag
    0.88635355161615     -2.45603925131983      2.33397636064168      ag
   -1.68118161983098      3.38624597638640     -1.99480170152231       c
    0.79474397540223      3.94512397435606     -2.80375868506271       c
    2.53965282937719      1.91673579245277     -2.85580155359760       c
    1.80115976464702     -0.51013874864808     -1.63416353306488       b
    1.68303317348914     -3.35986993501143     -2.02495360466946       c
   -0.79213294081406     -3.91108018025261     -2.84261239907444       c
   -2.53875350871387     -1.88422362137436     -2.87674255366185       c
   -1.79948074298416      0.53231978699615     -1.63576205239478       b
   -3.11003056671345      4.85500310445886     -1.83350148242887       h
    1.28141497118311      5.80058331847753     -3.56489501515135       h
    4.13458186861597      2.05229907554702     -4.15834611951233       h
    3.11192974146999     -4.83020026008371     -1.87892615212561       h
   -1.27708466376560     -5.75953827805020     -3.62171964667523       h
   -4.13613786910805     -2.01078368228695     -4.17701925925287       h
    2.69651086926646      4.03244028178453      3.16652676383665       c
    4.76888866284647      4.46529773565055      3.53650150216436       o
   -4.14097556799037      2.30704946410101      4.52277394474265       c
   -5.92687220369105      1.53079060068980      5.44619504123632       o
   -2.70337359866530     -4.05036301128048      3.10871323863108       c
   -4.77994885191618     -4.47470668203145      3.46510009022306       o
    4.13962327997467     -2.37590239138891      4.51321325335385       c
    5.92700996472563     -1.62868767366984      5.45748369819465       o
$end
