$coord
    0.00173760317277     -0.00157754336991      6.54300606868653      hg
   -2.73390288011979      1.31655027109689     -0.43213274389674       c
   -2.73388587258466     -1.31645956424285     -0.43159152633428       c
   -0.67534314191764      2.95811189297209     -0.43245475322859       c
   -0.67529722157279     -2.95795485673102     -0.43229450445311       c
    1.89172658998467      2.37229962852986     -0.43197797532703       c
    1.89158467155261     -2.37206133406539     -0.43179769545461       c
    3.03415447227861      0.00002702308360     -0.43149401646618       c
   -4.58618653948668      2.20869753404246     -0.42821364088422       h
   -4.58622282222829     -2.20840953978087     -0.42579668116918       h
   -1.13277535021542      4.96258256719021     -0.42697322465517       h
   -1.13275002788534     -4.96225980196791     -0.42785005757759       h
    3.17349569584378      3.97983049541187     -0.42691577698094       h
    3.17348152289783     -3.97951075375137     -0.42555479622506       h
    5.09018330028034      0.00013398158233     -0.42682733779825       h
$end
