$coord
    0.00000000000000      0.00000000000000      0.00000000000000      cu
    4.42054089516672      2.55220061085322     -0.18481691586729       o
    4.42054089516672     -2.55220061085322      0.18481691586729       o
    0.00000000000000     -5.10440103273383     -0.18481691586729       o
   -4.42054089516672     -2.55220061085322      0.18481691586729       o
   -4.42054089516672      2.55220061085322     -0.18481691586729       o
    0.00000000000000      5.10440103273383      0.18481691586729       o
    6.64945906567423      1.27019698998189      0.62132569855380       c
    6.66246756237975      1.07641105597581      2.69364736726787       h
    8.34272794072435      2.33000226659889      0.03979649837594       h
    6.64945906567423     -1.27019698998189     -0.62132569855380       c
    6.66246756237975     -1.07641105597581     -2.69364736726787       h
    8.34272794072435     -2.33000226659889     -0.03979649837594       h
    4.42475233881091     -5.12350200646928     -0.62132569855380       c
    6.18920511832524     -6.06001304686450     -0.03979649837594       h
    4.26343322245622     -5.23166067025822     -2.69364736726787       h
    2.22470672686331     -6.39369899645116      0.62132569855380       c
    2.15352282239910     -8.39001550243600      0.03979649837594       h
    2.39903433992353     -6.30807172623403      2.69364736726787       h
   -2.22470672686331     -6.39369899645116      0.62132569855380       c
   -2.39903433992353     -6.30807172623403      2.69364736726787       h
   -2.15352282239910     -8.39001550243600      0.03979649837594       h
   -4.42475233881091     -5.12350200646928     -0.62132569855380       c
   -4.26343322245622     -5.23166067025822     -2.69364736726787       h
   -6.18920511832524     -6.06001304686450     -0.03979649837594       h
   -6.64945906567423     -1.27019698998189     -0.62132569855380       c
   -8.34272794072435     -2.33000226659889     -0.03979649837594       h
   -6.66246756237975     -1.07641105597581     -2.69364736726787       h
   -6.64945906567423      1.27019698998189      0.62132569855380       c
   -8.34272794072435      2.33000226659889      0.03979649837594       h
   -6.66246756237975      1.07641105597581      2.69364736726787       h
   -2.22470672686331      6.39369899645116     -0.62132569855380       c
   -2.39903433992353      6.30807172623403     -2.69364736726787       h
   -2.15352282239910      8.39001550243600     -0.03979649837594       h
    2.22470672686331      6.39369899645116     -0.62132569855380       c
    2.15352282239910      8.39001550243600     -0.03979649837594       h
    2.39903433992353      6.30807172623403     -2.69364736726787       h
    4.42475233881091      5.12350200646928      0.62132569855380       c
    6.18920511832524      6.06001304686450      0.03979649837594       h
    4.26343322245622      5.23166067025822      2.69364736726787       h
   -4.42475233881091      5.12350200646928      0.62132569855380       c
   -4.26343322245622      5.23166067025822      2.69364736726787       h
   -6.18920511832524      6.06001304686450      0.03979649837594       h
$end
