$coord
    0.04102122987814      3.82680255243460      1.46213042546674      hf
   -0.04103275720751     -3.82679801709190      1.46213382697376      hf
   -0.77923442616906      1.84183763128809     -3.67049215517662       s
    0.77923650486780     -1.84183007238359     -3.67050519428689       s
   -3.09319575254819      0.04732195472714      1.78931609512551      cl
    3.09323316912548     -0.04730740383598      1.78932138635866      cl
   -3.33422427278412      6.38869178913535      0.03039964624225      cl
    3.41585949656028      6.09419743659172     -0.40334654582078      cl
    0.26474836256833      4.86913504334624      5.74123193415070      cl
   -3.41588500786298     -6.09421916844216     -0.40336241952024      cl
    3.33421860360575     -6.38868536406652      0.03040323672189      cl
   -0.26474533900653     -4.86913920074371      5.74124667401448      cl
    1.13926580356747      2.93304108543228     -4.95488533473417       h
   -1.13926580356747     -2.93304826639156     -4.95488609062462       h
$end
