$coord
   -0.46777978164541     -0.23070097798524      0.50076079377565      ir
   -1.55696803184893     -8.20174586796406     -0.11973947240635       c
    0.92340560073943     -8.07957790851331     -0.74906324781543       c
    1.58126386270450     -5.55343680990897     -0.66298735661601       n
   -0.39220207496586     -4.06709200078269     -0.01580245678268       c
   -2.31416692858162     -5.73495067348079      0.32278355264847       n
   -2.81896001996474     -9.79303302701299      0.04180697800130       h
    2.24252155299747     -9.55177471608015     -1.24267823121858       h
   -1.95154681536334      7.74361672867105      1.18965194920777       c
   -0.71980046081053      3.62705075304903      1.23978165901279       c
   -2.34950556302655      5.34085660471768      0.24780281045209       n
    0.92869570005630      8.95906740792232      3.98133320562719       h
   -4.66486906619110     -0.04396674599060     -2.40114157352653       i
    2.83969541782649     -0.81408154284864      4.32090017189030       i
    0.72235537053275      5.03916919864839      2.81923951045876       n
   -3.06642627019381      9.35458935374617      0.62800852602546       h
    0.00849601968947      7.54969038801382      2.83221796051888       c
    2.08711406688245      4.21358999513189      3.88632514594844       h
   -3.71028581896338      4.79249682236482     -0.98637184217252       h
   -4.09501837347136     -5.16228145424426      0.68545808997918       h
    3.25366260242010     -4.75641136815494     -1.15086494252829       h
    2.11625515552485      0.29233798606136     -2.08320252277444       c
    3.73282911780978     -1.17687210936348     -2.75770662629218       o
    2.00222454574487      2.20136974304403     -2.95704287490266       h
$end
