$coord
    0.00000000000000      0.00000000000000      2.52797110938467      ne
   -2.31961803256442     -4.01769626060497     -0.21163534212834       b
   -2.31961803256442      4.01769626060497     -0.21163534212834       b
    4.63923587615622      0.00000000000000     -0.21163534212834       b
   -4.29822345837941     -3.54274043296904      0.75462414488614       h
   -0.91899138948193     -5.49374092850938      0.75462414488614       h
   -1.73849928090111     -3.01116897751875     -2.14025335451559       h
   -4.29822345837941      3.54274043296904      0.75462414488614       h
   -1.73849928090111      3.01116897751875     -2.14025335451559       h
   -0.91899138948193      5.49374092850938      0.75462414488614       h
    5.21721503683395     -1.95100049554034      0.75462414488614       h
    3.47699856180222      0.00000000000000     -2.14025335451559       h
    5.21721503683395      1.95100049554034      0.75462414488614       h
$end
