$coord
   -2.17571803369312      1.54299312920262     -0.28968688927932      pd
    3.39505247807836      3.75353257930000     -0.31128967143286       c
    6.01498125122934      3.73040233151889     -0.25229544534382       c
    7.23990418268673      1.40981316869837     -0.19575446171144       c
    5.80982918149376     -0.78383042907988     -0.21172094672184       c
    2.34910248444389      5.52029876153767     -0.34085746023449       h
    7.05657315847223      5.49565767771889     -0.24345530652683       h
    9.28766602580544      1.30495869104057     -0.13043872378601       h
    6.74408936910041     -2.60384701484689     -0.13834288125284       h
    2.01252676566549      1.64575605798426     -0.34563393199033       n
    3.17712907226606     -0.62046625111173     -0.30561198928757       c
    1.52854579502483     -2.87391476748704     -0.36626331621642       c
   -0.97564500079142     -2.45753175701407     -0.15543942248654       n
   -2.57384893540639     -4.40566194754177     -0.25560530065335       c
    0.80577846419663     -7.33849648590849     -0.77397116096319       c
   -1.76869540363960     -6.88194961430070     -0.54637349122192       c
   -4.56994094192747     -3.94277580067201     -0.13097994134847       h
   -3.14010083369196     -8.40313341428422     -0.62386454560395       h
    2.46928604248983     -5.31777303317188     -0.69054579962796       c
    4.47650929178295     -5.64705081862464     -0.91988560788471       h
    1.51374848356852     -9.24531348387159     -1.04072093247146       h
   -5.99254661163517      1.01791855217320      0.06485577858638       c
   -6.26091342178939     -0.48162901750435      1.46672888502152       h
   -6.68844014722684      0.46045425831833     -1.79633491590236       h
   -6.94461179880012      2.72741847389135      0.71543651626797       h
   -3.00046613565944      5.30408442403364     -0.66173843661940       c
   -4.64709864862090      5.51364352406744     -1.88273754074895       h
   -1.36561455331212      6.14427933632575     -1.60872441790313       h
   -3.33121337214772      6.17549798987097      1.18157299207429       h
   -2.07497616700313      0.93648590703774     -5.55965533167150       i
   -2.11963436378320      2.02804292894009      3.59827872791902       c
   -0.56468928375205      3.31642078500672      4.04314558028780       h
   -1.78000617039361      0.16862045118736      4.43809890752036       h
   -3.90656203405818      2.80709480756539      4.26981010326810       h
$end
