$coord
   -0.00021032651781      0.00000000000000      0.00000018897261      ru
    1.81296620656386      3.14008836149953      0.00000018897261       c
    1.81296601759125     -3.14008817252692     -0.00000000000000       c
   -3.62627180793993     -0.00000018897261     -0.00000000000000       c
   -0.00010487979999      0.00000018897261      3.67548859105352       c
   -0.00010506877260      0.00000000000000     -3.67548821310830       c
    3.28436082539025      5.68734337010863     -0.00000000000000       s
    3.28436063641763     -5.68734337010863     -0.00000037794523       s
   -6.56798087813914     -0.00000018897261     -0.00000037794523       s
    0.00000982657585      0.00000018897261      6.59942535395640       s
    0.00000963760324     -0.00000000000000     -6.59942497601118       s
$end
