$coord
    1.64000675521880     -0.12563655175485     -3.81547780170726      tl
    2.33309102395169      0.95833548742333      3.54915850981046      tl
   -3.13003709720844      0.15884263026669      0.70654100847548      tl
   -0.72258610609273      5.38715772939161     -1.49623015546352      tl
   -0.36746310333376     -4.49757293507277     -0.94705590115039       h
    4.40160716219341     -2.89977793719144      0.08159724028102       h
   -7.86052350161466     -1.30469318451988      2.21904038307478       h
    4.52950231461395      4.87730243966241      0.17087017014026       h
   -1.18140801898350     -3.07382284722322     -1.94970792287022       n
    4.21301967578709     -1.00798690754588     -0.21716921611545       n
   -6.76988658736301     -1.80877025867389      0.71960581901956       n
    2.90148379296530      4.88268532453206      1.19686635663865       n
    6.00886118419797     -0.35017324311738     -0.43190597676163       h
   -6.49717416300966     -3.70581604975777      0.86845368780632       h
   -2.54733815655865     -3.88484076607654     -3.03159238159711       h
    3.04884482523620      6.39476688068492      2.37700599144644       h
$end
