$coord
    0.10190990640841     -3.93337082271598     -6.49485187857353      rb
    4.65352636306556      0.00739733291987      5.04179383926467       s
   -4.02728416404999      3.13702398161376      2.69506863028716       s
   -6.86540676282189     -4.86164813740800     -1.30290607052261      rb
    4.15834026136134     -2.62381178239450     -3.28566190182793       o
   -3.13797111234806     -5.26378166802857      2.26224651429970       o
   -1.12919507509728     -5.39374059035121     -1.48750453404975       o
   -1.33551990886659      1.03811311041771     -7.56742508976023       o
   -4.83904058787332     -1.99019870662482     -5.15506099968978       o
    3.00519914371439     -2.91775641360810      1.04554237970911       n
   -2.35953093806972      4.28118738838174     -1.96839863706374       n
   -4.52230075732072      0.43491517664452     -1.61102194692701       n
   -1.65401623985321      3.93315558291024     -4.41619244637839       n
    5.08394059002340     -2.69333234992268      2.89721905904435       c
    6.92627862078963     -2.47947676856901      0.63105174097862       c
    4.56433582526542     -2.68285344060930     -1.03214252072291       c
    0.40411830997060     -2.58124154401095      1.59690418098558       c
   -0.14023033970740     -0.45479509548907      2.89329957808660       c
    1.94239959605089      1.42823100643930      3.31344200971445       c
   -2.69669360578283      0.11317343000927      3.93328370634157       c
   -1.43518822214444     -4.61132613305747      0.74424898153707       c
   -3.62991860141771      2.56016164907644     -0.61851662066763       c
   -1.57924147780456      6.74250029840113     -0.93980804556709       c
   -3.97220847405563     -0.07380552151868     -4.07152019601353       c
   -2.20997045356087      1.67856491606443     -5.47382227027925       c
    5.31632058967150     -4.39196143312894      4.05819970552462       h
    7.87205668913369     -0.65203412604502      0.47015157690604       h
    1.30431864080173      3.01474396140374      4.47376540944813       h
    2.63969644226365      2.18811501502430      1.51497718349559       h
   -4.00338158520122     -1.43594694718400      3.58376600921727       h
   -2.58714410356522      0.45692557272342      5.97742313344953       h
   -3.21706541037532      7.81876905799966     -0.28281263255111       h
   -0.26963047001461      6.48290824253996      0.63769450625641       h
   -0.65263808251486      7.74184662220891     -2.48279645045439       h
    8.29113558289788     -4.01665086411212      0.42036428547503       h
$end
