$coord
    0.00000000000000      0.00000000000000      0.00000000000000      ar
    3.33614007713057     -3.33614007713057      3.33614007713057       b
   -3.33614007713057      3.33614007713057      3.33614007713057       b
    3.33614007713057      3.33614007713057     -3.33614007713057       b
   -3.33614007713057     -3.33614007713057     -3.33614007713057       b
    4.25754181228609     -1.49886159909384      4.25754181228609       h
    4.25754181228609     -4.25754181228609      1.49886159909384       h
    1.49886159909384     -4.25754181228609      4.25754181228609       h
    1.49886159909384      4.25754181228609     -4.25754181228609       h
    4.25754181228609      1.49886159909384     -4.25754181228609       h
    4.25754181228609      4.25754181228609     -1.49886159909384       h
   -4.25754181228609     -4.25754181228609     -1.49886159909384       h
   -1.49886159909384     -4.25754181228609     -4.25754181228609       h
   -4.25754181228609     -1.49886159909384     -4.25754181228609       h
   -4.25754181228609      1.49886159909384      4.25754181228609       h
   -1.49886159909384      4.25754181228609      4.25754181228609       h
   -4.25754181228609      4.25754181228609      1.49886159909384       h
$end
