$coord
    0.00000000000000      5.14190094694895      3.23423867448973       f
   -2.27120759558875      1.31135012274362      3.31844392579712       c
   -2.27120759558875     -1.31135031171623      3.31844392579712       c
   -0.00000000000000      2.62275277987354      3.31810774351932       c
   -0.00000000000000     -2.62275277987354      3.31810774351932       c
    2.27120759558875     -1.31135031171623      3.31844392579712       c
    2.27120759558875      1.31135031171623      3.31844392579712       c
    4.45301829528441      2.57067721907667      3.23557678955949       f
    4.45301829528441     -2.57067721907667      3.23557678955949       f
    0.00000000000000     -5.14190094694895      3.23423867448973       f
   -4.45301829528441     -2.57067721907667      3.23557678955949       f
   -4.45301829528441      2.57067721907667      3.23557678955949       f
   -2.27929071011971      1.31598108558777     -3.27818066506808       c
   -2.27929071011971     -1.31598108558777     -3.27818066506808       c
   -0.00000000000000      2.63180230034528     -3.27827609623744       c
   -0.00000000000000     -2.63180230034528     -3.27827609623744       c
    2.27929071011971     -1.31598108558777     -3.27818066506808       c
    2.27929071011971      1.31598108558777     -3.27818066506808       c
    0.00000000000000      4.68494948497761     -3.27538141375777       h
    4.05735008465841      2.34252661547096     -3.27518450429545       h
    4.05735008465841     -2.34252661547096     -3.27518450429545       h
    0.00000000000000     -4.68494948497761     -3.27538141375777       h
   -4.05735008465841     -2.34252661547096     -3.27518450429545       h
   -4.05735008465841      2.34252661547096     -3.27518450429545       h
$end
