$coord
   -3.50603628242553     -2.11624646278467     -2.67762815889855      mn
    0.66985594416585     -1.60350291564464     -2.66266398462532       p
   -2.90920993823107     -0.70769563113841      1.24226986140277       p
    2.01968334747691     -0.24133616764923      0.13183107399558       c
    0.25154938146931      0.20065414361069      2.06076334783757       c
    0.93176537117522      1.21911712588076      4.62278278666839       c
    4.80309213880756      0.25471731834679      0.39742433311480       c
   -3.55255000128863     -2.12103238317115     -6.08744298849988       c
   -4.06608232011362     -5.41763239776106     -2.42866430071470       c
   -6.81270041144419     -1.29722460892507     -2.52968320125474       c
   -3.59036663360246     -2.10881454787670     -8.26265230791991       o
   -4.37882084456721     -7.56480290578792     -2.21980496626532       o
   -8.91909176350965     -0.75947620568702     -2.44668945336667       o
   -0.84815462770705      2.39692030330648     -1.27674583587122      mn
   -3.15441324142436      3.33754867898482     -3.58991933542845       c
   -1.64095634259707      4.97289574752236      0.76339001746639       c
    1.60525639251687      4.14305218803013     -2.81167852725639       c
   -2.12918844113057      6.61445699145233      2.11731321318275       o
    3.22356663516628      5.24410527268778     -3.77872924259979       o
   -4.58063716974534      4.08856609258706     -5.06025797529569       o
    5.71667173061011      0.42053908514168     -1.44714678701441       h
    5.70355835410460     -1.30617510774782      1.41975993113470       h
    5.16355569657096      2.00199664477409      1.44075119791389       h
    2.37264790505487      2.69484148520683      4.49172574449399       h
    1.67392601637055     -0.30623597685435      5.81250389985237       h
   -0.71454588834483      2.02598426129852      5.57314778723787       h
    2.59183497072756     -1.46667691755306     -4.50353180846560       h
   -4.44635530993707      0.29165768465603      3.17600468522114       h
$end
