$coord
    0.92044307709185      3.32806848992898      1.44679945535247      ta
    1.34765950949942      7.21836432841318      3.45204491728222      cl
    0.15209989847684     -0.84444415045883      0.65422299581666       n
   -2.07058860088400      3.34316683475715     -1.13420228241310       c
   -3.23969601456874      5.01340467264776     -1.47204392872325       h
   -2.73282668109109      1.15095413760143     -2.29543974267388       c
   -1.07665823215308     -1.09457037918272     -1.91121401271287       c
    2.49925142966835     -2.38415123490111      0.93074737571120       c
    4.73814565336714     -0.66452975107998      0.70031965212377       c
    6.58585277400230     -1.58883637323624      0.72791381095950       h
    4.45578579919580      1.85614985004788      0.40392688071405       c
   -1.14437864657372     -1.37249353435565      1.97446881532538       h
   -2.07697984361443     -2.90870405854716     -2.08995451422230       h
    0.48763211048852     -1.10573185757278     -3.27913667751517       h
    2.49005451055878     -3.34308500961589      2.77036987003450       h
    2.53720676787982     -3.88100443306834     -0.51651147206248       h
    6.16085960438185      3.00626457130418      0.23508948896743       h
   -4.29717938469484      0.97533621954244     -3.62527648918941       h
$end
