$coord
    0.00000000000000      0.00000000000000      3.71597559535587      in
    0.00000000000000      0.00000000000000     -3.71597559535587      in
    0.00000000000000      3.97387011023815      0.00000000000000       i
    0.00000000000000     -3.97387011023815      0.00000000000000       i
   -4.44563796989967      0.00000000000000      6.10080713166230       i
    4.44563796989967      0.00000000000000      6.10080713166230       i
    4.44563796989967      0.00000000000000     -6.10080713166230       i
   -4.44563796989967      0.00000000000000     -6.10080713166230       i
$end
