$coord
   -3.83193977290788     -0.84683597681639     -3.07712816719005       y
   -6.50781067548194      2.95245235219760     -2.48873699350380      cl
   -0.54555523980940     -0.88418055554397     -6.51142968998567      cl
    2.04215615953882      0.20791125885201     -0.79545829187782       n
   -0.24100187509756      0.22839966950911      2.49531928754556       n
   -0.38839484373999     -0.04366779131748     -0.04319819437519       c
    3.66725977863826      0.62453955577613      1.20331636985160       c
    5.67750148747229      0.87052558353077      0.97448055155263       h
    2.20716061978426      0.63827332936877      3.31265210419382       c
    2.69716717114998      0.89796932016688      5.27368062039391       h
    2.52156682754397      0.07754018726131     -2.64506874466699       h
   -1.76471885295286      0.12923194468201      3.63389874258409       h
   -5.53339097311057     -4.85215906663937     -1.33232759452210      cl
$end
