$coord
    0.50848334856179      3.09194456488023      0.00075437866946      re
   -0.95468869394555     -5.64812871840686      1.46331963011777      re
    0.42735778392179      6.86302514098541     -2.16930808267404       n
    1.19021017430536     -5.87441794177855     -1.27233030180542       c
    1.51148270194356     -7.52078570410977      3.55931030753145       c
   -2.54015436269101     -8.71120998438520      0.42630086009957       c
   -3.84310181821578     -3.30604524371243      0.04053783793514       c
    0.53098526240604      0.06115210435221      1.87743440232182       c
   -0.51165223030232      1.24409306916905     -3.13808336207994       c
    1.54958921824510      5.62024618736432      2.93479153874271       c
   -3.12874603631922      3.69420727319370      1.05943848077597       c
    4.20074136925662      2.67513712191938     -0.75115063929411       c
   -1.28310854373715      7.28877816948108     -2.92800326455322       h
    0.85900071080669      8.23142893005937     -0.88433305644233       h
    1.71219504911893      6.97331031358384     -3.58979102302451       h
    2.98168339180360     -5.86663132527675     -3.63351078181045       s
    2.90496485746183     -8.60885315774801      4.82211185431960       o
   -3.49933399077478    -10.55500952933720     -0.22330005458573       o
   -5.35571457638263     -1.81038087225100     -0.53195129040160       n
    0.52155477314731     -1.85654234616423      3.01425338850146       o
   -1.05027482084622      0.24407211313432     -4.97947445108448       o
    2.08593638956079      7.27648398925115      4.27787148594861       n
   -5.13019541640724      4.08467042217850      1.74293994832438       o
    6.31278867161691      2.40945674642575     -1.11782761655949       o
$end
