$coord
    0.00000000000000      0.00000000000000      2.72899148191856      ga
    0.00000000000000      0.00000000000000     -2.02408092914451       p
    1.16381825923093      2.01579240138367     -3.32653214258862       h
    1.16381825923093     -2.01579240138367     -3.32653214258862       h
   -2.32763651846187      0.00000000000000     -3.32653214258862       h
    2.93927094555156      0.00000000000000      3.09156189533973       h
   -1.46963547277578      2.54548339036607      3.09156189533973       h
   -1.46963547277578     -2.54548339036607      3.09156189533973       h
$end
