$coord
    0.24865262029091     -0.44294783548792     -0.45286379538840      sc
    1.63916809476412      3.88774130670720      1.44418312953115      br
   -3.36417510907147     -3.84211934960292     -0.73014879004861      br
    1.89527190516948      0.19236863941165     -4.19514494533474       n
    3.45128486943438     -3.00892398288117     -0.03746741092576       n
    0.14697212663419     -1.60161318951873      3.88089010463772       n
   -2.81563372403792      1.95591945264608     -2.57501432950824       n
    4.31711599532317     -0.09238096241852     -4.82525881523707       c
    6.05658905209696     -1.53189779122696     -3.44347633210952       c
    7.94930737035251     -1.61167900470099     -4.21506398151010       h
    5.62638326193081     -3.00810365276991     -1.28363558835367       c
    5.33346796453799      1.14553043464746     -7.19308357230079       c
    4.91584888420606      3.17291517197790     -7.21603146151075       h
    4.48118466319106      0.32299652478286     -8.89290034837718       h
    7.37489431184698      0.90184401461544     -7.32738886471301       h
    7.81957578208281     -4.64743936624140     -0.44572006371463       c
    8.35592522106985     -4.26210417807187      1.51673066036782       h
    9.46662157814800     -4.30318776891217     -1.63469927042157       h
    7.34499600994593     -6.65835287271320     -0.58540672921560       h
    3.10633936467172     -4.67425098948839      2.15206338691207       c
    4.76052530193104     -5.83888920088536      2.58214067570165       h
    1.52737813325163     -5.97237567496723      1.76487645611176       h
    2.46149885907019     -3.06579453474991      4.45396126862123       c
    2.24137826869130     -4.25754653660141      6.14238016156921       h
    3.99584781405507     -1.71747343213381      4.79915659517775       h
    0.00329114702088     -0.05593116901156      5.00807583394532       h
   -1.41661164740893     -2.69234931439198      4.12414018690727       h
    0.31120841320945      1.67052998954969     -5.93293406715774       c
    0.56880038293896      1.09627604598396     -7.91207315163068       h
    0.80370165518426      3.69603992959061     -5.82225413077161       h
   -2.45966525781022      1.33981072100808     -5.27629826902352       c
   -3.62658663631251      2.52148065603263     -6.52633433788593       h
   -3.01693585473718     -0.63842375156840     -5.53594550488757       h
   -4.59301582073309      1.51679396619303     -2.00057216922038       h
   -2.50231543160889      3.82307015436332     -2.24058401680058       h
$end
