$coord
    0.00000000000000      0.00000000000000      1.86648854168272      be
    0.00000000000000      0.00000000000000     -1.76485340145302       n
    0.90389852485953      1.56559822209334     -2.38434077443153       h
    0.90389852485953     -1.56559822209334     -2.38434077443153       h
   -1.80779723869166      0.00000000000000     -2.38434077443153       h
    2.72336293265254      0.00000000000000      2.35046252033671       h
   -1.36168146632627      2.35850160424893      2.35046252033671       h
   -1.36168146632627     -2.35850160424893      2.35046252033671       h
$end
