$coord
   -0.23321658140404     -2.89492701022623      0.00000000000000      al
    0.18362506559968      2.39727519387292      0.00000000000000       c
    0.38413842461399      3.54632694418340     -1.69875342718534       h
   -1.70321752721258      1.55004029587135      0.00000000000000       h
    0.38413842461399      3.54632694418340      1.69875342718534       h
   -1.73175787191955     -2.83992577544124     -2.60342182646856       h
    2.72025263242191     -3.46949067990399      0.00000000000000       h
   -1.73175787191955     -2.83992577544124      2.60342182646856       h
    1.72779511623352      1.00430005187423      0.00000000000000       h
$end
