$coord
   -0.00000000000000     -0.00000000000000     -0.80927672520091      na
   -0.00000000000000     -0.00000000000000      3.79878774056324      cl
    0.00000000000000      0.00000000000000      8.64584492460788      na
    0.00000000000000     -0.00000000000000     13.33956765209763      cl
    0.00000000000000      0.00000000000000     18.14904366370373      na
    0.00000000000000     -0.00000000000000     22.84211651437878      cl
    0.00000000000000      0.00000000000000     27.71264579766071      na
   -0.00000000000000     -0.00000000000000     32.32127094516642      cl
$end
