$coord
    2.72594089703351      1.02124938344272     -0.86178427739016      rh
    5.34007917138948      2.99826101424312      1.56223261986310       c
    5.70922413097530      0.28814751837716      1.65360787003741       c
    6.79329594769292     -0.49790825218860     -0.75327412454179       c
    6.82771315167886      1.59552827139331     -2.33262199392724       c
    5.86398929918012      3.77108700117401     -0.92894325417879       c
   -0.47646534086531      2.26017121706822      0.74457458134856       c
   -0.91233350639513      4.68108650683103      1.38643593371260       c
    0.47646345113918     -2.19106336572594     -1.24694183130385       n
    1.09650810435223     -4.20270857415369     -2.46153041749649       c
   -1.92009704831292     -1.95020813337575     -0.11508205339643       c
   -2.41985005114563      0.32259590284417      0.89025073380561       c
   -3.20329044075313     -3.55273217088717     -0.17427451175608       h
   -0.21592653221505     -5.78633988574873     -2.63625940838585       h
    2.94499057961684     -4.32528206883106     -3.34357463765512       h
   -2.78550298582338      5.29119309034792      1.99422250046472       h
   -4.24109344711358      0.72354665388253      1.75710268974761       h
    0.52479999982333      6.13922072845931      1.26802493877277       h
    5.68111766738683      5.66900338908409     -1.67105930183755       h
    7.38828604501084      1.62191924160467     -4.30017044320693       h
    7.34657090769927     -2.40520675236858     -1.23838269476178       h
    4.66489230982245      4.16362431355460      3.09904899025058       h
    5.45740017229989     -0.89897125295883      3.30173043204914       h
$end
