$coord
   -4.01346081743898      0.67068742366125     -2.62932146788719       k
   -5.10114692434501     -2.05902914617182      5.87113624338830       c
   -4.54548202770724     -1.74561353284732      7.82140976128801       h
   -4.44768076384178     -0.25660591063702      4.15210851151593       c
   -6.88313107107462     -3.03490261485186      5.58578627556794       h
   -3.68156651719228      1.13484478929590      2.56011138236150       n
    2.05902914617182     -5.10114692434501     -5.87113624338830       c
    1.74561353284732     -4.54548202770724     -7.82140976128801       h
    0.25660591063702     -4.44768076384178     -4.15210851151593       c
    3.03490261485186     -6.88313107107462     -5.58578627556794       h
   -0.67068742366125     -4.01346081743898      2.62932146788719       k
   -1.13484478929590     -3.68156651719228     -2.56011138236150       n
    5.10114692434501      2.05902914617182      5.87113624338830       c
    4.54548202770724      1.74561353284732      7.82140976128801       h
    4.44768076384178      0.25660591063702      4.15210851151593       c
    6.88313107107462      3.03490261485186      5.58578627556794       h
    4.01346081743898     -0.67068742366125     -2.62932146788719       k
    3.68156651719228     -1.13484478929590      2.56011138236150       n
   -2.05902914617182      5.10114692434501     -5.87113624338830       c
   -1.74561353284732      4.54548202770724     -7.82140976128801       h
   -0.25660591063702      4.44768076384178     -4.15210851151593       c
   -3.03490261485186      6.88313107107462     -5.58578627556794       h
    0.67068742366125      4.01346081743898      2.62932146788719       k
    1.13484478929590      3.68156651719228     -2.56011138236150       n
$end
