$coord
   -0.00001058246631      2.84257328174363      2.33585493738344      pt
   -0.00000245664396     -2.84259614742976      2.33586117347966      pt
   -2.27438970541217      2.85577736510319     -1.23790119254490       c
    0.00000661404144      4.36403354865937     -1.53887787261823       c
    2.27439537459054      2.85578171147328     -1.23789136596904       c
    1.54372218554199      0.00006878603098     -1.36702485591989       b
    2.27451990754224     -2.85596029059218     -1.23788758651679       c
    0.00000850376757     -4.36376256193292     -1.53880474021716       c
   -2.27452349802188     -2.85596331415398     -1.23789268877733       c
   -1.54370706773299      0.00007067575711     -1.36702787948169       b
   -4.08499394329125      3.83914662143425     -1.20987542026201       h
    0.00000359047964      6.40037483193616     -1.79634323069731       h
    4.08499999041486      3.83914718835209     -1.20986899519318       h
    4.08490947253342     -3.83909314218489     -1.20989129396147       h
    0.00000642506883     -6.40049369570948     -1.79638726131604       h
   -4.08489529958748     -3.83908785095174     -1.20989545135894       h
    2.75764898964534      3.24011799041266      4.63561081452889       c
    4.40634697326241      3.40968916281396      6.03386717413166       o
   -2.75775613711668      3.24014028918094      4.63569037199879       c
   -4.40626382531287      3.40967744651198      6.03381841919761       o
   -2.75769623279849     -3.24011421096040      4.63565371131195       c
   -4.40630124189016     -3.40967725753937      6.03386226084373       o
    2.75768413855128     -3.24014860397590      4.63563046768060       c
    4.40629009250602     -3.40970163500639      6.03385602474752       o
$end
