$coord
   -0.21756227914964     -0.28417871556753      0.00000000000000      as
    3.08974567956012      3.43145105990730      0.00000000000000       c
    3.90676499064410      1.13065224291297      0.00000000000000       o
    4.24493715005367      5.42534682672485      0.00000000000000       o
    0.15480088402860      3.35225339386096      0.00000000000000       c
   -0.69941881967955      4.20981148774314      1.67865694572676       h
   -0.69941881967955      4.20981148774314     -1.67865694572676       h
   -3.89609238440281     -0.91693895793658      0.00000000000000       c
    0.82623607231787     -1.97647948392334     -3.06687885960096       c
    0.82623607231787     -1.97647948392334      3.06687885960096       c
   -0.58735787144060     -3.37061246111938      3.63310184507680       h
    2.66320652499607     -2.84356066364442      2.72957106092138       h
    1.04652692702070     -0.54365871066944      4.53645253833242       h
   -0.58735787144060     -3.37061246111938     -3.63310184507680       h
    1.04652692702070     -0.54365871066944     -4.53645253833242       h
    2.66320652499607     -2.84356066364442     -2.72957106092138       h
   -4.27799620787292     -2.94830308054295      0.00000000000000       h
   -4.75149165515875     -0.07064155306607      1.68017628553199       h
   -4.75149165515875     -0.07064155306607     -1.68017628553199       h
$end
