$coord
   -0.34819432191833      2.73329873467734      0.14988362767638      os
    0.10323857284753     -3.00751462513647      0.09742672014730       c
   -1.63798342545579     -1.01286032225198     -0.04214920740270       n
   -4.15573357314326     -1.46186397408298     -0.16198978015678       c
   -5.18146463106619     -3.83873919648151     -0.01003633545470       c
   -3.47967422502390     -5.90146389106516      0.18984585503356       c
   -0.93150477794246     -5.51294772690788      0.21923430882584       c
    0.91228494043369      5.97320205220209      0.69600918683057       c
    1.77233841766513      7.97292611233717      1.08381462499189       o
   -5.72211962205849      0.85219958647955     -0.69818388365627       c
   -4.54445326080429      3.14539471246108      0.45863596383998       n
   -5.04903167929950      3.27064500419579      2.31166417530047       h
    2.65284647945601     -2.44774807794241      0.10448428030973       c
    3.49984648450012      0.80182742481258      0.06254672223313       p
    5.68798096370352      1.35374782913187     -2.59534608186950       c
    7.31792851778150      0.08300111781996     -2.47367719908860       h
    5.61764497935200      1.37291248663777      2.77988879847592       c
    6.26025938757721      3.34020922439749      2.77017900769578       h
    4.58761819599966      1.01445260548567      4.53489294736071       h
    7.26116076701400      0.11593016248174      2.69843782299704       h
    4.68950126829708      1.01005332306456     -4.36995670622842       h
    6.34741809184678      3.31504638719535     -2.56392976297150       h
   -5.19842926941630      4.73503837669831     -0.39203218858714       h
   -7.20843835296424     -4.12124437059193     -0.09793845798220       h
   -4.21928827529195     -7.81388695055338      0.30380219857679       h
    0.37158988724752     -7.09172187544150      0.34414237115916       h
    4.04088433400554     -3.95726319704367      0.17360214720048       h
   -5.73301068063994      1.16966110343963     -2.74779217817260       h
   -7.68250298575919      0.58409903873648     -0.07626594493461       h
   -0.03071239591609      3.32360949216229     -2.74919322112235       h
$end
