$coord
    0.97273255488617     -2.79344229219616      2.18555538098675      rb
   -5.56364473249590      1.66504978378455      1.80236937834022      rb
    6.68755424361901      2.52456998030326      0.67782775382799      rb
    6.40795811390682     -3.09571041110394      1.35402316222842       n
   -2.75369058032940     -1.94965860101834     -1.81600564206477       n
    0.80914463334471      3.45810016670747      0.45842280273298       c
    8.59349686530366     -2.84598140281171      1.06402919245364       c
   -0.15981470538586      2.09490427386390     -1.54477155045971       b
    1.46109277685100      3.76488605386445      3.03388745397702       b
   -1.60797873197385     -0.11252052963276     -3.31664963084057       b
   -9.50556051880801      0.62776569621828      4.59835165142221       h
   -1.66307407511992     -0.06574546164646     -5.62178215675945       h
   -3.67821565482582     -3.27221744530516     -2.87525798481733       h
$end
