$coord
    0.00000000000000      0.00000000000000      2.46711418025332      ga
    3.35997009049610      0.00000000000000      4.08759628513924       c
   -3.35997009049610      0.00000000000000      4.08759628513924       c
    0.00000000000000      2.23060796360930      0.00000000000000       h
    0.00000000000000      0.00000000000000     -2.46711418025332      ga
    3.35997009049610      0.00000000000000     -4.08759628513924       c
    0.00000000000000     -2.23060796360930      0.00000000000000       h
   -3.35997009049610      0.00000000000000     -4.08759628513924       c
   -3.58042232781009     -1.67169311598018     -5.28531188469887       h
   -4.87824768067059      0.00000000000000     -2.68713064672268       h
   -3.58042232781009      1.67169311598018     -5.28531188469887       h
    3.58042232781009     -1.67169311598018     -5.28531188469887       h
    3.58042232781009      1.67169311598018     -5.28531188469887       h
    4.87824768067059      0.00000000000000     -2.68713064672268       h
   -3.58042232781009     -1.67169311598018      5.28531188469887       h
   -3.58042232781009      1.67169311598018      5.28531188469887       h
   -4.87824768067059      0.00000000000000      2.68713064672268       h
    3.58042232781009     -1.67169311598018      5.28531188469887       h
    4.87824768067059      0.00000000000000      2.68713064672268       h
    3.58042232781009      1.67169311598018      5.28531188469887       h
$end
