$coord
    0.70897251908169      2.22482483474618      0.00000000000000      pb
   -0.12557948202585     -2.88497117710450      0.00000000000000       n
    1.78892152031042      1.76251581023527     -3.06051180536494       h
    1.78892152031042      1.76251581023527      3.06051180536494       h
    0.41419414070133      6.13347652795439      0.00000000000000       f
   -3.11981273400421      1.49644671807755      0.00000000000000       f
   -1.27195613603249     -3.07235131748898     -1.52633746107409       h
   -1.27195613603249     -3.07235131748898      1.52633746107409       h
    1.10104779342449     -4.35781257025288      0.00000000000000       h
$end
