$coord
    2.26483184861255     -1.10549677564272     -0.86108470077835      bi
   -1.78408476629116     -0.26135913876151     -0.59491450827288       n
    3.25786969969421      3.05171135079659     -0.37469281754626       c
   -3.34888004375360     -2.52536706678317     -0.21282983801253       c
   -2.00174720092547      0.88773267374283      0.93132430909744       h
    2.79252218454545     -1.73292288807617      2.48888628186774       h
   -5.35812662280974     -1.99733242275012     -0.22180698197365       h
   -2.98562328180350     -3.57626455238787      1.55233347852514       h
   -3.06972346433829     -3.84008165792135     -1.79144392674328       h
    2.72269510343965      4.04534144204610     -2.10000162111592       h
    2.22325144877375      3.81585782563118      1.23593568840134       h
    5.28701528382876      3.23818139907883     -0.05170517447619       h
$end
