$coord
    1.05252359493605     -0.82241523506390     -1.89584090170599      hf
   -2.06980020714427     -2.96989981557289     -4.77920222112383       c
    2.04228711755934     -4.35604813296912     -4.93794771946765       c
    0.85355395319399     -5.52412054365470     -2.85514373993317       c
   -1.69771710137790     -4.67551691702014     -2.77007034844354       c
    0.25570904661766     -2.74574277018906     -6.11321771902159       c
    1.57255184731884      3.73334898146702     -0.39623361668287       c
    2.42604570722203      3.61448199561300     -2.91916577135280       c
    0.32070731055394      3.02395165195223     -4.47376956684561       c
   -1.84408357078873      2.80774373951703     -2.89781904708932       c
   -1.07015492866338      3.24867826079041     -0.38554249112554       c
   -3.82260395892806     -2.03108066368749     -5.25012272759050       h
    3.97544727566283     -4.63970622898896     -5.53295085589584       h
    1.71720735869528     -6.89106262957028     -1.60356811119598       h
   -3.12595717850260     -5.26067023396226     -1.42508499038489       h
    0.56714366004438     -1.65144659026721     -7.81113909979370       h
    2.72237838534094      4.17818011801202      1.23409944152480       h
    4.33954780032815      3.93012200556032     -3.56134554256905       h
    0.33809373577535      2.89226551995050     -6.51290518814478       h
   -3.75710076017094      2.44641771074977     -3.51905744029610       h
   -2.29784045074423      3.30620284687133      1.24872384304058       h
    5.30443307850387     -1.18382063232844     -1.66196650663752       c
    5.66337918618816     -3.21233618177262     -1.35954286326958       h
    6.15793941059949     -0.79549060619457     -3.51926115277247       h
    6.72061481321916      0.32842986534007      0.37235069098581       c
    6.74435600945678      2.35785021565333     -0.02083706512732       h
    5.91231432053489      0.08083379092616      2.26743059998090       h
    8.69779500758999     -0.27796699681905      0.50605901891486       h
    0.31786610732363     -1.08234347320287      3.27484416462017       c
    1.02275436132940     -3.43866187685854      2.62945412666123       c
    1.70185919207327      0.35872671048107      3.74711695910254       h
    3.00874256917308     -3.96286075480122      2.50865036050077       h
   -1.65952724815420     -0.61828191668280      3.58653464696434       h
   -0.35679389859950     -4.94165309445533      2.42487010859910       h
$end
