$coord
    0.00000000000000      0.00000000000000      1.94824300717742      hg
    0.00000000000000     -4.90037335004317     -2.31019472426497       c
    1.39749196538484     -4.25108046071639      1.70977941221218       c
   -1.39749196538484     -4.25108046071639      1.70977941221218       c
   -2.16901328539840     -4.65645411575243     -0.80504978580248       c
    2.16901328539840     -4.65645411575243     -0.80504978580248       c
    0.00000000000000     -5.18834039957530     -4.33776011941304       h
    2.56472798328709     -4.45689185589729      3.38155170771703       h
   -2.56472798328709     -4.45689185589729      3.38155170771703       h
   -4.10787814873077     -4.74246651215403     -1.44936456959578       h
    4.10787814873077     -4.74246651215403     -1.44936456959578       h
    0.00000000000000      4.90037335004317     -2.31019472426497       c
    1.39749196538484      4.25108046071639      1.70977941221218       c
   -1.39749196538484      4.25108046071639      1.70977941221218       c
   -2.16901328539840      4.65645411575243     -0.80504978580248       c
    2.16901328539840      4.65645411575243     -0.80504978580248       c
    0.00000000000000      5.18834039957530     -4.33776011941304       h
    2.56472798328709      4.45689185589729      3.38155170771703       h
   -2.56472798328709      4.45689185589729      3.38155170771703       h
   -4.10787814873077      4.74246651215403     -1.44936456959578       h
    4.10787814873077      4.74246651215403     -1.44936456959578       h
$end
