$coord
   -2.87056390512058     -0.00000680301405     -2.53756940632338       w
   -2.87071772882723     -0.00000396842486      2.53766124701310       w
    1.43539042283992      2.48647725900244     -2.53731429329638       w
    1.43534809297470      2.48643133865758      2.53727952233567       w
    1.43542935119811     -2.48655870619846     -2.53734471788701       w
    1.43536396667415     -2.48646667653613      2.53727876644521       w
    3.41915744659521      0.00003666068684     -4.36443209189933       o
    3.41917256440422      0.00000718095928      4.36443530443374       o
   -1.71047275272777     -2.96198639844803     -4.36476676239622       o
   -1.71033990498112     -2.96206538900010      4.36476147116307       o
   -1.71045461135696      2.96203024009416     -4.36470137787227       o
   -1.71034651902256      2.96209203413847      4.36469476383083       o
   -5.47313875633951      0.00004044013909     -0.00009429733368       o
    2.73805441944580      4.74103013132572      0.00003987322126       o
    2.73811810321624     -4.74105753235455      0.00007218753801       o
$end
