$coord
   -5.12311083316122      1.92581214703550     -0.00000000000000      nb
   -6.96571002407805      0.33347089875354     -3.61086090241054      cl
   -4.98572925558862      6.28036437280336      0.00000000000000      cl
    1.07841529950495     -0.36022904275117     -0.00000000000000      si
   -6.96571002407805      0.33347089875354      3.61086090241054      cl
   -1.97985415683899      0.86460904000316     -0.00000000000000       n
    1.41934589214051     -1.92813008510154     -2.29777279854892       h
    2.90805701632165      1.76177711629266     -0.00000000000000       h
    1.41934589214051     -1.92813008510154      2.29777279854892       h
$end
