$coord
    0.00017574452971     -0.00000000000000      0.00000037794523      os
    2.60513543011954      1.64547864618898     -2.34179642529591       o
    4.96907320951487      1.40701032690842     -1.90754114101455       c
    4.96906867417217     -1.40701127177148      1.90754246382284       c
    2.60513920957179     -1.64547826824375      2.34179585837807       o
    0.12303345401642     -3.07998240953062     -2.34070284078685       o
   -2.72755302239152      1.43434049100436     -2.34175730796510       o
   -1.26574687392799     -5.00792087640299     -1.90714221982937       c
   -3.70331461928490      3.60071534078577     -1.90724029661531       c
   -3.70331310750400     -3.60071099441568      1.90724143045098       c
   -1.26574385036619      5.00791728592335      1.90714354263766       c
   -2.72755472314503     -1.43434408148400      2.34175693001988       o
    0.12303118634506      3.07998562206503      2.34070227386901       o
    6.14147951809761      0.00000037794523     -0.00000075589045       c
   -3.07086089049347     -5.31966767258571     -0.00004535342702       c
   -3.07086164638392      5.31966729464049      0.00004403061873       c
    6.20681056280465      2.42863444304191     -3.22975681103692       h
    6.20681075177726     -2.42863444304191      3.22975681103692       h
   -0.99990643863150     -6.59029192964467     -3.22974887418719       h
   -5.20697839040990      4.16165559687663     -3.22937924375696       h
   -5.20697857938252     -4.16165578584924      3.22937924375696       h
   -0.99990662760411      6.59029192964467      3.22974887418719       h
    8.19618534883858      0.00000000000000     -0.00000000000000       h
   -4.09861225461761     -7.09879530930339     -0.00045523502373       h
   -4.09861225461761      7.09879530930339      0.00045504605112       h
$end
