$coord
   -4.14628135203408     -4.14628135203408      0.00000000000000      sc
   -4.14627303723913      4.14627303723913      0.00000000000000      sc
    4.14628135203408      4.14628135203408      0.00000000000000      sc
    4.14627303723913     -4.14627303723913      0.00000000000000      sc
   -5.84132713656039     -0.00000377945225     -0.00000000000000       s
    0.00000377945225      5.84132713656039     -0.00000000000000       s
    5.84132713656039      0.00000377945225      0.00000000000000       s
   -0.00000377945225     -5.84132713656039     -0.00000000000000       s
   -6.55247076198814     -6.55247076198814      0.00000000000000       h
   -6.55246395897408      6.55246395897408      0.00000000000000       h
    6.55247076198814      6.55247076198814      0.00000000000000       h
    6.55246395897408     -6.55246395897408     -0.00000000000000       h
$end
