$coord
   -0.01546003840866      1.29595887036594      0.42554421375876      fe
    2.12033242861411     -2.03471536291806     -0.15000589295672       c
   -0.36168337597767     -2.36243431328956      2.29330416317899      si
   -2.17417563922915     -1.91847150589942     -0.65607322666654       c
    0.17994104451723     -1.62945528042218     -2.02665813763502       c
    4.14354106017890     -1.89543952387685     -0.42685927416978       h
    0.43281682475432     -1.24076412762565     -4.03566736708974       h
    4.35766592750551      4.25326366130965     -0.97303302134019       h
   -0.70419264581882     -3.94275047834192      4.60817841624954       h
   -2.08261765253847      4.29492664218015     -0.89341640301173       c
   -2.10291803544603      4.42640906170550      1.80617679853870       c
    1.17471914438823      4.41524248105490      2.90940495796726      si
    2.42901068751358      4.46621085131459     -0.30678607612960       c
    0.36916121123050      4.33364542974649     -2.03714706249688       c
   -3.79102569050107      4.08311668935778     -2.01706513192947       h
   -3.85861439101074      4.20985343966313      2.84181814718372       h
    2.34012042719484      5.32297355947038      5.30457726460727       h
    0.61371841706134      4.15785724736355     -4.07044928821798       h
   -4.06280459014823     -1.65908165073371     -1.40181055650037       h
$end
