$coord
   -5.58842508913015      2.70912743677347      0.00000000000000      te
   -2.10870362095311      0.68476550535403      0.00000000000000       c
   -1.94097058515447     -1.95074141408848      0.00000000000000       c
    0.38212359861855     -3.19764450600675      0.00000000000000       c
    2.61500603659299     -1.80376645286510      0.00000000000000       c
    2.50748118694668      0.82741696217395      0.00000000000000       c
    0.17936241037747      2.06314440275621      0.00000000000000       c
    0.17677745400984      4.62815867955138      0.00000000000000       o
   -3.68393661169939     -3.03768712629839      0.00000000000000       h
    0.43822900037892     -5.25210448337874      0.00000000000000       h
    4.43962656212055     -2.74994363136695      0.00000000000000       h
    4.21975673839856      1.96294696616311      0.00000000000000       h
   -1.63632689153382      5.11632785020488      0.00000000000000       h
$end
