$coord
    0.00003042459063      2.79101267131608      2.36910939288410      rh
   -0.00003647171423     -2.79090609076258      2.36911808562428      rh
   -2.19215676126239      2.59787585823425     -1.28209678436934       c
   -0.00003212534414      4.16829609448307     -1.56569327531747       c
    2.19205830653123      2.59786584268578     -1.28215215334483       c
    1.35117251036749      0.00004459753657     -1.31519722719074       c
    2.19212747050744     -2.59786092939785     -1.28224134841797       c
    0.00003722760468     -4.16828173256451     -1.56587563388862       c
   -2.19212520283609     -2.59787869282344     -1.28227857602265       c
   -1.35117591187451     -0.00005385719459     -1.31518229835435       c
   -4.12920654265083      3.24008907760293     -1.40107205153037       h
   -0.00003382609765      6.18232481447343     -1.90069863168525       h
    4.12916270100471      3.24018658747103     -1.40117182906982       h
    4.12922373915857     -3.24010891972725     -1.40098663590948       h
    0.00008711637440     -6.18235712879018     -1.90056616188383       h
   -4.12918896819786     -3.24020869726670     -1.40111249166946       h
    2.53704651910434      3.38130623229328      4.73993257839180       c
    4.11004755432331      3.77578542724085      6.18842579527092       o
   -2.53720185459189      3.38087027247603      4.73948017795725       c
   -4.10974104074569      3.77596740786678      6.18831278964859       o
   -2.53712173020415     -3.38108022104862      4.73977214064371       c
   -4.11000012219755     -3.77594643190678      6.18828992396247       o
    2.53704595218650     -3.38098913624935      4.73979595119289       c
    4.10998311466242     -3.77595323492083      6.18822359457545       o
$end
