$coord
   -3.70922530466152      1.07660569776678     -1.66447436217921      zr
   -4.14765045861230      3.08932181399008      1.91729099398856       c
   -3.20075405034693      2.00288859550552      3.41689695620340       h
   -6.14886834724990      3.27983493131870      2.41643493809089       h
   -3.28191570875593      4.96996062490360      1.82836293914730       h
   -7.34862088260065     -1.46547902016185     -1.29427115596289      cl
   -4.80447012709857      3.86851693385572     -4.93186639182187      cl
   -1.00091838697192     -2.91168944788087     -1.68837372849357      cl
    1.00091876491714      2.91168906993565     -1.68837372849357      cl
    3.70922511568890     -1.07660588673939     -1.66447492909705      zr
    4.80446993812596     -3.86851636693789     -4.93186582490403      cl
    7.34862107157326      1.46547902016185     -1.29427134493550      cl
    4.14767823758635     -3.08931236535945      1.91729345063253       c
    3.28190871676927     -4.96997253017819      1.82836312811992       h
    3.20075102678513     -2.00288708372462      3.41689941284737       h
    6.14885077279693     -3.27983398645563      2.41642983583035       h
$end
