$coord
    0.03685022637304      2.31063975476762      0.00000000000000      zr
    3.34505901752702     -0.07569978298729     -0.00000000000000       c
   -3.37268473478905      0.00987986613147     -0.00000000000000       c
    4.41146794209101      0.49030342734011     -1.70438140953352       h
    4.41146794209101      0.49030342734011      1.70438140953352       h
    3.12967974999803     -2.13246314753415      0.00000000000000       h
   -5.01509238705081      1.29298670911511     -0.00000000000000       h
   -3.47337425606534     -1.19297522157279     -1.68898051955260       h
   -3.47337406709273     -1.19297522157279      1.68898033057999       h
$end
