$coord
    0.00000000000000      0.00000000000000     -1.62870505915019      as
    0.00000000000000      0.00000000000000      2.28019116461870       b
    1.24468984467961      2.15586608279523     -2.99859190528777       h
    1.24468984467961     -2.15586608279523     -2.99859190528777       h
   -2.48937968935922      0.00000000000000     -2.99859190528777       h
    2.22336766693049      0.00000000000000      2.78142987013160       h
   -1.11168373897894      1.92549278332023      2.78142987013160       h
   -1.11168373897894     -1.92549278332023      2.78142987013160       h
$end
