$coord
   -3.89765216434713      0.42825426999592     -0.03434407158486      in
   -7.06895313226828     -1.05801665083884     -2.82332566526081      cl
   -3.12138309641484     -2.26030822221235      3.42183273187166      cl
    0.00000000000000      0.00000000000000     -2.79693601785774      cl
    3.89765216434713     -0.42825426999592     -0.03434407158486      in
    3.12138309641484      2.26030822221235      3.42183273187166      cl
    4.29814673549870     -4.77923548030365      0.83430501390288      cl
    7.06895313226828      1.05801665083884     -2.82332566526081      cl
   -4.29814673549870      4.77923548030365      0.83430501390288      cl
$end
