$coord
    0.00000000000000      3.27291947856094     -4.15784515311635      tl
    0.00000000000000     -3.27291947856094     -4.15784515311635      tl
   -3.59675164023667      3.28282806852952      2.07999849212796      tl
   -3.59675164023667     -3.28282806852952      2.07999849212796      tl
    3.59675164023667      3.28282806852952      2.07999849212796      tl
    3.59675164023667     -3.28282806852952      2.07999849212796      tl
    0.00000000000000      4.48880725146514      4.84095922680895       s
    0.00000000000000     -4.48880725146514      4.84095922680895       s
    4.23313751115089      4.34106525040725     -2.44524967103134       s
    4.23313751115089     -4.34106525040725     -2.44524967103134       s
   -4.23313751115089      4.34106525040725     -2.44524967103134       s
   -4.23313751115089     -4.34106525040725     -2.44524967103134       s
    0.00000000000000      0.00000000000000     -7.58484156162705       s
   -6.52776410467279      0.00000000000000      3.83980915941400       s
    6.52776410467279      0.00000000000000      3.83980915941400       s
$end
