$coord
    0.00000000000000      0.00000000000000      2.82553229845804      in
    3.76981408165560      0.00000000000000      4.41152557873785       c
   -3.76981408165560      0.00000000000000      4.41152557873785       c
    0.00000000000000      2.41090673328216      0.00000000000000       h
    0.00000000000000      0.00000000000000     -2.82553229845804      in
    3.76981408165560      0.00000000000000     -4.41152557873785       c
    0.00000000000000     -2.41090673328216      0.00000000000000       h
   -3.76981408165560      0.00000000000000     -4.41152557873785       c
   -4.05291414155046     -1.67809078377944     -5.58175000953561       h
   -5.16729508662890      0.00000000000000     -2.89237474612058       h
   -4.05291414155046      1.67809078377944     -5.58175000953561       h
    4.05291414155046     -1.67809078377944     -5.58175000953561       h
    4.05291414155046      1.67809078377944     -5.58175000953561       h
    5.16729508662890      0.00000000000000     -2.89237474612058       h
   -4.05291414155046     -1.67809078377944      5.58175000953561       h
   -4.05291414155046      1.67809078377944      5.58175000953561       h
   -5.16729508662890      0.00000000000000      2.89237474612058       h
    4.05291414155046     -1.67809078377944      5.58175000953561       h
    5.16729508662890      0.00000000000000      2.89237474612058       h
    4.05291414155046      1.67809078377944      5.58175000953561       h
$end
