$coord
   -0.02550695632967     -3.49042242031022     -5.43964222692212      na
    4.67881316630156      0.05770618876162      4.85246992658708       s
   -4.15818473690117      3.10928828229120      2.71827503403115       s
   -5.78698636105640     -4.33587322787632     -1.59635427068294      na
    3.77358295144111     -2.78988639454504     -3.43914621366461       o
   -3.49558364030530     -5.01593803949216      1.94447905067983       o
   -1.18137721644764     -5.24203961305955     -1.59758032499343       o
   -0.53885408199432      0.55186579123425     -7.03996454452424       o
   -4.45060133556937     -2.21663438377127     -5.02723690097157       o
    2.85292123303649     -2.89571786060993      0.95687548501845       n
   -2.30672915552266      4.18347342986330     -1.89544462613739       n
   -4.46909022701264      0.34040279212860     -1.56955247401180       n
   -1.33478461643100      3.71551941546908     -4.22685039233000       n
    5.02444124014090     -2.63635124907557      2.68676781930650       c
    6.73901016321920     -2.44360485341135      0.31676042856736       c
    4.29906911082075     -2.74005941886539     -1.20845226751659       c
    0.28136642514695     -2.56574201032625      1.61452379841093       c
   -0.23574635776880     -0.45467793246927      2.95288491050783       c
    1.84956453244431      1.44339568065449      3.30358992255703       c
   -2.77828158640584      0.12272599557573      4.02356367125331       c
   -1.59632214533880     -4.47402467987261      0.63041169073977       c
   -3.65401449924916      2.50093763229049     -0.56900277260705       c
   -1.65665297471669      6.70342473054223     -0.91847379349604       c
   -3.69182111601452     -0.24529306518427     -3.93751990539802       c
   -1.72866987045720      1.38520118666193     -5.18095705062877       c
    5.33471442789064     -4.32899821525765      3.83856628654099       h
    7.62265819394088     -0.59632688957939      0.05730273223374       h
    1.25051246881876      3.00306791058959      4.51981236595813       h
    2.42884628134063      2.24054225385319      1.47824789959460       h
   -4.08556842003353     -1.43816907613545      3.73122908669897       h
   -2.63424590519870      0.53721323279919      6.05145901258296       h
   -3.34183249913964      7.68035172153746     -0.23396850342954       h
   -0.29108169613285      6.54606591322960      0.62616415332657       h
   -0.82649534274234      7.73672262981851     -2.49388668616951       h
    8.13293054622607     -3.94814583540400      0.07065024580625       h
$end
