$coord
   -1.62658176287512      1.00451245709078     -4.92779762250018      ba
    2.91519961415975     -1.31100033443771      5.70192355203308      cl
    5.67241377782351      4.12273763217662      2.68871367029835       p
   -3.64364368227017     -2.80188313188275      2.34196045352364      ba
    4.26507615035008     -0.72311598529843     -1.04628353029569      ba
   -0.61684175640224      3.65275650856714      2.87238824672253      ba
   -1.14677519724660     -8.10332080550444     -3.96109745135313       f
    1.26456390537317      3.00096275568533     -1.51595133731349       f
    1.17512713625882     -1.10563245797856      2.95091354821328       o
   -3.96771319354733      1.48452556978487     -0.41710639763397       o
   -0.75986378851545     -5.87931138758159     -3.01019217808427       c
   -0.35574396676394     -3.75713817674823     -2.12378722591750       c
    7.43240037861187      4.13619040349435      4.70989708237400       h
    3.24602640811792     -0.18571510269494     -5.67072266191344       h
   -4.41919900064471      3.19092199428645     -8.02344623955980       h
   -6.79818051178317     -6.19473370107920      2.97566442511997       h
    6.70555161729694      6.23891379714941      1.39742676983349       h
   -5.66048960596904      2.15726542499146     -0.44055128481504       h
   -3.68132633300168      1.07306416203421      5.49804799229555       h
$end
