$coord
    4.19498998779242     -2.72598908504972     -2.77642209589794      sr
   -1.38521328090914      0.30263359194053     -1.10854017956849      sr
   -1.60196354474247     -4.62245113973330     -5.73545220679461      sr
    4.50817599939263      2.44274578391452      1.57250158060389      sr
    2.27912252449450     -1.05581266325819      0.82025943549946       o
    0.55147839737844     -1.25073054321369     -4.73221531483881       o
    2.11940438411368      6.50008339638050      1.65626236832647       o
   -4.03529811460474     -3.00312214572941      5.20766095948658       n
   -3.63360677989764     -1.74900578021593      3.61371854625814       n
    0.42399974059605      5.36608690514251      0.44792783074752       c
    2.11740429798202     -6.69029755903599     -4.45045431487677       h
   -4.35323603152116     -3.15542159928514     -2.56079168376682       h
    3.56123026927537     -0.31356206709927      6.34822972921786       h
    3.04620412194785     -0.87349207560322      5.13408239407562       h
   -1.18015002830148      6.72631743974931     -0.05123047527336       h
    7.16511184618510      0.76622101617561     -1.59701624174485       h
   -6.89664714821756      2.32890830414461     -0.64339070771773       h
   -6.88100664096387      1.00688803180366     -1.14512981270877       h
$end
