$coord
   -0.00181168043691      1.40460017020744      0.00580788427536      rh
    5.82888763639138     -2.67320487695564      1.45723754658154       c
    3.62543276954003     -2.46250476028701      2.82491605876838       c
    1.37540635820613     -2.17534802531766      1.41262167966669       c
   -1.40722821233074     -2.17836289437894      1.36039739742372       c
   -3.70851552352863     -2.47490627696089      2.68687213218865       c
   -5.85729607821477     -2.69478290369693      1.23718498634318       c
   -5.80703843395102     -2.68886995064896     -1.46222831328006       c
   -3.60526258876254     -2.46548088996270     -2.83001113834905       c
   -1.35438882423378     -2.17825952635985     -1.41839271428260       c
    1.42742881769885     -2.17471156555846     -1.36544750152259       c
    3.73069145961615     -2.45057170671974     -2.69114933830203       c
    5.88062550312955     -2.66560628820336     -1.24114169490560       c
   -7.67279300600644     -2.91585327042670      2.16958398268842       h
    7.60862074135980     -2.88739078243611      2.45786831723709       h
    7.69775288662265     -2.87188765827178     -2.17336419083069       h
   -3.78354124120680     -2.57354128799310      4.73531805616494       h
   -3.60533874472541     -2.55729380070777     -4.88046489633412       h
    3.80849677545293     -2.54097299204875     -4.74016822723970       h
    3.00588908272296      5.02859410227520     -3.10275512112871       h
   -2.26772672006483      4.89234560448770      0.39525795108406       c
   -0.35093990500666      4.99365968024861      2.29652482341537       c
    2.01781214066704      4.95882994904939      1.03258509458159       c
    1.56418584078684      5.02071791275503     -1.65408143540456       c
   -1.07422407593030      5.01237080348428     -2.04603916878233       c
   -4.28474479781376      4.83620562073923      0.72974552249334       h
   -0.65016499793389      4.99438136665609      4.31668986208178       h
    3.85875139615487      4.94192597090792      1.92281617523549       h
    3.62328679655145     -2.56249149241708      4.87460315486416       h
   -2.03543497062680      5.01250913143670     -3.84884129440539       h
   -7.58681821515475     -2.90409917392355     -2.46194502340851       h
$end
