$coord
    1.30323053649843     -1.88137863869181      3.36710399559402      te
    1.55900553455789     -1.85506628108728     -2.78646806895588       s
   -2.23421752948239      2.14413579684127     -0.59450009133347      te
   -1.51694967962581      0.48381618652248      2.87681001688454       o
   -1.30210029130253     -1.81575109595561     -1.83901456942860       o
    2.98274825247555     -0.78571429705480     -0.23839443098903       o
    3.89308923164352      0.07061093950283      6.00913292681488       s
    1.68446331822123      1.73346977481701     -5.60174028838591      te
   -6.36926956195849      1.90587742613330     -1.19292967917316       s
$end
