$coord
   -1.41200166052478     -1.38794299029801     -0.00472166969819      li
    3.83162702323404      3.87730472725903     -0.02350233485530       f
    1.58640996489058      0.17452112101551      0.05092471758619       o
   -4.69019990004583      0.43313316490779     -0.29817761773564       n
   -3.61787707757081      2.36512112589538     -0.37086933467571       c
    3.81679380698134      1.20313646792441      0.13129193513186       b
    0.09254669139976      3.56452425088544     -0.24306885753408      li
   -2.09116204921676     -5.52571018127182      0.28450261462551       h
   -3.38601599671688     -4.97962846376374      0.15938819419924       h
    5.86987957551457      0.27554096641861      0.31423254192874       h
$end
