$coord
    0.00000000000000     -0.00000000000000     -0.12517678138842      mn
   -0.00000000000000     -3.51307532327193     -0.38963015770849       c
   -0.00000018897261      3.51302619039265     -0.38962486647534       c
    0.00000000000000      0.00000000000000     -4.63082735078638      cl
   -0.00000018897261      0.00000018897261      3.29153989494257       c
   -3.51298990765104      0.00000000000000     -0.38962108702309       c
    3.51305094580490      0.00000000000000     -0.38962751209192       c
    0.00000000000000     -0.00000000000000      5.46182817855812       o
    5.65455662182413     -0.00000000000000     -0.60971370945532       o
    0.00000000000000     -5.65453186641189     -0.60971068589352       o
   -5.65461747100539     -0.00000000000000     -0.60971994555153       o
    0.00000000000000      5.65458099929116     -0.60971578815406       o
$end
