$coord
    0.74628988575305      0.08561706569605     -0.02855036025544      rh
    4.02001703326020      2.68120106408480      0.55429749081307       c
    4.03113504794937      1.86821783006054     -1.99962295978734       c
    4.28972762766255     -0.83417802430722     -2.00584979634482       c
    3.82258090426932      3.05846428710752     -3.64714383300058       h
    4.53454523775354     -1.67600112462941      0.54943522549111       c
    4.29927660274938      0.48727400738766      2.13481812423226       c
    4.34982375305561      0.49004736945005      4.17860417255467       h
    3.80586665463089      4.60595420859935      1.20650773933303       h
    4.34256625986906     -2.02270898797710     -3.66885319570762       h
    4.76906384045834     -3.60883039168825      1.16754177558942       h
   -2.35778993338992      3.53523576360522      3.02400550914681       h
   -2.61007120578780      1.91405464902533      1.76229924762124       c
   -2.94416930464253      2.34221084223532     -1.09413252963935       b
   -2.53871968261622     -0.06227271194488     -2.67657066815849       c
   -2.23201902210751      0.08860207708454     -4.71803065259252       h
   -2.20640038296381     -2.48926687270950     -1.59084288443673       c
   -1.67067719921489     -4.01544748651514     -2.88218042956176       h
   -2.22025698875464     -2.96092890770798      1.27866730939604       b
   -2.27906262017631     -0.51276962536057      2.84814570614371       c
   -1.79893196651719     -0.56853260874692      4.86061634694326       h
   -1.77704969386963     -5.66185965741032      2.49019057083984       c
   -3.21675303864671      5.06426268290171     -2.30810714381368       c
   -0.75643355765170     -6.96373507130386      1.24031909712300       h
   -3.61259699380241     -6.55654293281685      2.88249998224965       h
   -0.77234353985094     -5.59170168525987      4.30272478601132       h
   -2.38076465671087      6.56524984594197     -1.14707207322098       h
   -5.23139913216240      5.53999707770152     -2.50221149667197       h
   -2.40545430649108      5.19838731749630     -4.21150524926979       h
$end
