$coord
   -0.00000113383568      2.85495986958112      0.52670730040221      rh
   -0.00000623609622     -2.85486821786402      0.52665797855032      rh
   -0.00001228321982      0.00007180959278      4.28408093702573      cl
   -0.00000056691784      0.00055841407021     -2.68329809316672      cl
    4.13529712995463      3.31071419005171      0.55150636532511       c
   -4.13531659413373      3.31072987477855      0.55153811272402       c
   -4.13540219872723     -3.31085497464809      0.55151978238060       c
    4.13536440420471     -3.31082341622178      0.55149899539322       c
   -3.00554288489670     -5.34897203356539     -0.69609649217759       c
   -5.07239247366798     -1.86351940399369     -0.55425969629055       h
   -3.05868821965344     -5.47603910799755     -2.74678268647614       h
   -2.69858182012784     -7.14193435525084      0.27127453174415       h
    3.00552096407364     -5.34893329417981     -0.69614222354984       c
    5.07240343407951     -1.86355946618756     -0.55427122361992       h
    3.05873036054605     -5.47600471498206     -2.74676189948876       h
    2.69858862314189     -7.14194380388147      0.27127963400469       h
   -3.00539038399834      5.34884428807928     -0.69607060292966       c
   -5.07247354291878      1.86355833235189     -0.55432016752658       h
   -3.05878572952153      5.47602606888729     -2.74669594804696       h
   -2.69864758259702      7.14176106736509      0.27138470277729       h
    3.00538925016266      5.34883370561297     -0.69606587861435       c
    5.07248714894688      1.86358441057242     -0.55433169485595       h
    3.05879933554964      5.47600169142026     -2.74669179064949       h
    2.69866024376206      7.14176787037915      0.27138904914738       h
    4.73708041474996      3.46420058058712      2.51073359458198       h
   -4.73707380070852      3.46416788832515      2.51073661814378       h
   -4.73719833366022     -3.46414880209127      2.51074020862342       h
    4.73719304242707     -3.46417809284623      2.51074058656864       h
$end
