$coord
    0.00000000000000      0.00000000000000      0.00000000000000      rn
    0.00000000000000      0.00000000000000      5.96119700006943       b
    0.00000000000000      0.00000000000000     -5.96119700006943       b
    1.95098443286827     -1.12640130399274     -6.00083400556034       h
    0.00000000000000      2.25280260798547     -6.00083400556034       h
   -1.95098443286827     -1.12640130399274     -6.00083400556034       h
    1.95098443286827      1.12640130399274      6.00083400556034       h
    0.00000000000000     -2.25280260798547      6.00083400556034       h
   -1.95098443286827      1.12640130399274      6.00083400556034       h
$end
