$coord
    2.90539684885421      6.23707925102638      0.00000000000000      br
   -2.41693061325371      2.66271973154604      0.00000000000000       c
   -4.67228340664610      1.32851091466560     -0.00000000000000       c
   -4.67228340664610     -1.32851091466560      0.00000000000000       c
   -2.41693061325371     -2.66271973154604     -0.00000000000000       c
    0.00000000000000     -1.39664499013520     -0.00000000000000       c
    2.41693061325371     -2.66271973154604     -0.00000000000000       c
    4.67228340664610     -1.32851091466560      0.00000000000000       c
    4.67228340664610      1.32851091466560      0.00000000000000       c
    2.41693061325371      2.66271973154604     -0.00000000000000       c
    0.00000000000000      1.39664499013520     -0.00000000000000       c
    7.84632995765558      3.01114157648992     -0.00000000000000      br
    7.84632995765558     -3.01114157648992      0.00000000000000      br
    2.90539684885421     -6.23707925102638     -0.00000000000000      br
   -2.90539684885421     -6.23707925102638      0.00000000000000      br
   -7.84632995765558     -3.01114157648992      0.00000000000000      br
   -7.84632995765558      3.01114157648992     -0.00000000000000      br
   -2.90539684885421      6.23707925102638      0.00000000000000      br
$end
