$coord
    1.54682738351209      0.41634238136126      0.61634664815725      rh
   -5.64989315569062     -0.42734417789369     -2.98392876438640       h
   -2.82316844004714     -0.23001066103144      0.65098173756550       c
   -5.46661164230063     -0.54612177970194     -0.75402907012909       b
    4.64504187070546      0.03609490284051      1.04582205917574       h
   -7.22753138984996     -0.88942738013255      0.59712926729245       h
    1.81654931627119      2.34948175247736     -1.44257024828269       h
   -3.00263932070424      1.46041134161000      1.85751177566682       h
    2.36060940476977     -1.26150349391226     -1.52192400570704       h
   -1.47779285354349     -0.02398497090786     -1.04393214407722       h
    4.40224872421315      1.66819050860581      1.06992910639133       h
   -2.52484342367368     -1.91954808287335      1.83039704034923       h
$end
