$coord
   -2.89783945613148     -0.67810781123985     -4.45991126030127      tl
    5.31107735556256     -6.33866790399338     -2.84044280450929      cl
   -3.38979412616041      3.71652607257635      0.07087172170821       p
    1.12188674827794     -5.16819837571709     -0.53039018764899      tl
    6.27592691791450     -1.47501476716579     -0.39738389297571      tl
    0.99174527841154     -0.82623021416688      5.15515813161265      tl
   -2.33961039011346      4.05619243843368     -3.05066255279671       f
    1.44015026500585     -1.14659529531941     -2.47472354044451       f
    1.59428539852030      2.20094757822750      1.34935024746427       o
    3.04702860945659     -3.43322192225989      2.32171166013931       o
   -3.73333499749369      0.43730662505686      0.30969171902079       c
   -0.12838062306228      4.30600591748373      1.33147381625841       c
   -0.32009258264518      4.93529095350724      3.30014060545941       h
    0.68599137069191      5.87548147964221      0.24220676447544       h
   -5.61103868578844     -0.21235457189186      0.84718141875220       h
   -1.23965674811587     -6.67991011246711     -1.98355159497694       h
   -2.19530825752256     -0.75221455510300      1.01143112238296       h
    1.38696392319218      1.18276427542406     -0.20215137362025       h
$end
