$coord
    0.00000000000000      0.00000000000000     -0.07580352895160      zn
    1.94995226445830      3.37741642003571     -0.02721337902136       c
    1.94995226445830     -3.37741642003571     -0.02721337902136       c
   -3.89990452891660      0.00000000000000     -0.02721337902136       c
    2.29951229144782      3.98287219858413      1.93451244611918       h
    0.90926515808449      4.92778704003387     -0.94101595850677       h
    3.81295615116485      3.25134031798397     -0.94101595850677       h
    2.29951229144782     -3.98287219858413      1.93451244611918       h
    3.81295615116485     -3.25134031798397     -0.94101595850677       h
    0.90926515808449     -4.92778704003387     -0.94101595850677       h
   -4.59902458289564      0.00000000000000      1.93451244611918       h
   -4.72222130924934     -1.67644672204990     -0.94101595850677       h
   -4.72222130924934      1.67644672204990     -0.94101595850677       h
$end
