$coord
    1.78044496480005     -3.03146066768613      0.00000018897261      mo
    0.42559939376164      3.11187550633018      0.00000094486306      mo
   -2.02141093510122     -4.07600054768544     -2.19466707344804       c
   -1.80982963914008     -5.62101190439053      0.00002513335747       c
   -2.02139279373041     -4.07595783987500      2.19459526385526       c
   -2.26903252081783      0.70502336942376      2.94566256622722       c
   -3.36521559227640      3.04361292948401      2.42038748925584       c
   -3.81791894991671      4.12650669093474     -0.00000453534270       c
   -3.36521729302991      3.04360234701770     -2.42037879651566       c
   -2.26905160705170      0.70501448771097     -2.94563611006146       c
   -2.23634592801800     -1.53609090452774     -1.37532566690055       c
   -2.23633307788035     -1.53615194268161      1.37533624936686       c
   -1.73724299097261      0.38412935392859      4.90507385480875       h
   -4.55335500469299      6.04174128495309      0.00000321253441       h
   -1.73723221953369      0.38413105468210     -4.90509445282352       h
    4.12211307769201     -2.25179462806991     -2.79430079477516       c
    3.65853472414233     -6.23206221713471     -0.00000472431531       c
    4.12211761303471     -2.25180785615279      2.79434558128434       c
    2.98050023427617      3.32407134122746      2.76228373194174       c
    0.86387336962235      6.77567633026757     -0.00000623609622       c
    2.98047434502824      3.32407719937845     -2.76225349632373       c
    5.42679454590991     -1.95341121915916     -4.52578805791348       o
    4.74709539629944     -8.12767597376037     -0.00000925965802       o
    5.42674749172938     -1.95342784874907      4.52578749099564       o
    4.37313692632571      3.59987743622154      4.41068370574876       o
    1.16696786576499      8.93981204356239      0.00000283458919       o
    4.37313673735309      3.59987611341325     -4.41073756294335       o
   -1.96998506214644     -4.71176810021127     -4.13538160071246       h
   -1.66897153241365     -7.65960725299031     -0.00000491328793       h
   -1.96998071577635     -4.71178359596550      4.13540919071390       h
   -3.59226713116728      4.32422420014577      4.00957724127762       h
   -3.59226977678386      4.32423799514649     -4.00958120970249       h
$end
