$coord
    2.83165217651679      2.94646192037848     -2.86496748119870      sb
   -1.70989052810838     -0.03452926474520      1.05595080223799      sb
    1.13724266277707     -0.68026323285906     -1.67632388985172       c
   -4.50949654000941     -2.07528778284130     -0.30764514562644       o
   -0.47683289259680     -2.11799710506771      3.88350794223994       o
   -2.61301993443466      3.17364139372808      1.97300786805744       o
   -6.10793215504743     -1.33332404710829      0.17951623408412       h
   -0.91428729423670     -1.31840673804298      5.46851195089284       h
    2.53758584694067     -1.92571369230434     -0.81513071879375       h
    0.23592928325779     -1.60295054869803     -3.28814670271089       h
    4.00124676159678      3.51526589379708      0.09539072921925       h
    5.58780280231689      1.45310301479066     -3.70367196649531       h
$end
