$coord
    2.07167254778982      2.07167254778982     -2.07167254778982      cd
   -2.70275206774249      2.70275206774249     -2.70275206774249       s
   -2.07167254778982     -2.07167254778982     -2.07167254778982      cd
    2.70275206774249     -2.70275206774249     -2.70275206774249       s
    2.70275206774249      2.70275206774249      2.70275206774249       s
   -2.07167254778982      2.07167254778982      2.07167254778982      cd
   -2.70275206774249     -2.70275206774249      2.70275206774249       s
    2.07167254778982     -2.07167254778982      2.07167254778982      cd
$end
