$coord
    2.82666821283232      2.82666821283232     -2.30038251032880      rb
    2.64977491861096      2.64977491861096      3.10849799882534       n
    4.01662799842600      4.01662799842600      3.16402722308992       h
    2.37058111159096      2.37058111159096      5.00492773919217       h
    2.82666821283232     -2.82666821283232      2.30038251032880      rb
    2.64977491861096     -2.64977491861096     -3.10849799882534       n
    2.37058111159096     -2.37058111159096     -5.00492773919217       h
    4.01662799842600     -4.01662799842600     -3.16402722308992       h
   -2.64977491861096      2.64977491861096     -3.10849799882534       n
   -4.01662799842600      4.01662799842600     -3.16402722308992       h
   -2.82666821283232      2.82666821283232      2.30038251032880      rb
   -2.37058111159096      2.37058111159096     -5.00492773919217       h
   -2.82666821283232     -2.82666821283232     -2.30038251032880      rb
   -2.64977491861096     -2.64977491861096      3.10849799882534       n
   -2.37058111159096     -2.37058111159096      5.00492773919217       h
   -4.01662799842600     -4.01662799842600      3.16402722308992       h
$end
