$coord
    4.35515259175806      3.76630656099330     11.85747699442599      ga
    4.09365606990719     14.52591730490038      2.07488791679305      cl
    7.30437653584216      5.76363029100324      7.26329521267321       p
    8.26910118729718      9.87723374297768      5.70410599673589      ga
    5.18665948818631      5.51157011656210      1.86365905475440      ga
   10.36631130497991      3.49494359006646      9.69749338737502      ga
    1.86055952596268      4.86723775831582      1.80953654261795       f
    7.90752193522905      2.93364882135437     12.44306154687004       f
    4.97686814081163      6.01446497805174      9.16132876360310       o
    6.56366172010576      4.14601452270510      4.83601060100304       o
    4.87440983588148     11.53984464622413      2.38167796134752       c
    5.42773903102764      9.29145001339995      2.62076081956422       c
    6.61228172770879      4.63666017944661     -0.56075355114962       h
   10.99456757410047      0.75520788128644      8.76813458242114       h
    7.44766596420218     12.19885639701646      7.35560153090975       h
   10.83641129236271     10.00537248109585      4.20634138365813       h
    3.52948872851111      5.31172893313077     14.23721307320653       h
    3.18952775435075      1.20572671552519     10.96060636102872       h
   12.41801303809852      5.21599975396238     10.97696439729241       h
$end
