$coord
    0.00003136945369      0.00003363712504      3.96779123923633      ta
   -2.83896730635018      0.75308118350434      1.26860073832333       c
   -2.94853570582905     -1.15474662896351     -0.75636344881243       c
   -1.15475116430622     -2.94855838254256     -0.75638253504630       c
    0.75309327775154     -2.83897713292603      1.26861623407756       c
    2.83898525874837     -0.75307683713425      1.26861358846099       c
    2.94856499658400      1.15470788957793     -0.75641503833566       c
    1.15470354320784      2.94854307576094     -0.75639784182792       c
   -0.75306549877749      2.83897524319991      1.26859884859721       c
   -4.64520193050833      1.55594814665878      1.87558190380059       h
   -4.47499335348475     -1.11110302614045     -2.12971208424005       h
   -1.11109471134550     -4.47496992088079     -2.12971038348654       h
    1.55593095015103     -4.64519550543950      1.87558813989680       h
    4.64518908037067     -1.55595986296076      1.87550196838546       h
    4.47496066122277      1.11112041162081     -2.12970358047249       h
    1.11112797052531      4.47498295999106     -2.12970471430816       h
   -1.55597705946851      4.64519512749427      1.87549648817970       h
$end
