$coord
    0.00000000000000      0.00000000000000     -0.00000000000000      ni
    1.95050255270617     -1.95050255270617      1.95050255270617       b
   -1.95050255270617      1.95050255270617      1.95050255270617       b
    1.95050255270617      1.95050255270617     -1.95050255270617       b
   -1.95050255270617     -1.95050255270617     -1.95050255270617       b
    3.34630548087967      3.34630548087967     -3.34630548087967       f
    3.34630548087967     -3.34630548087967      3.34630548087967       f
   -3.34630548087967     -3.34630548087967     -3.34630548087967       f
   -3.34630548087967      3.34630548087967      3.34630548087967       f
$end
