$coord
    2.43798972120083     -0.55266212182371      0.00000000000000      zr
    4.08363674198763     -2.41778061206515      3.38205002849644       c
    4.08363674198763     -2.41778061206515     -3.38205002849644       c
   -1.71623018131558     -1.22592429733151      0.00000000000000       c
    3.21939468679811      2.98615826326975      0.00000000000000       f
   -3.10213680274031      1.30885625117526     -0.00000000000000       b
   -1.86910921387413     -2.39873311757906     -1.71969197060563       h
   -1.86910902490152     -2.39873311757906      1.71969197060563       h
    3.08401451816547     -1.90093087902613     -5.12715106761841       h
    6.08086598569127     -1.90701371845281     -3.63268893991829       h
    3.98691885811015     -4.48586456994187     -3.19534848876377       h
    3.08401451816547     -1.90093087902613      5.12715106761841       h
    3.98691885811015     -4.48586456994187      3.19534848876377       h
    6.08086598569127     -1.90701371845281      3.63268912889090       h
   -3.77361545473047      2.67661450980461     -2.57200834215976       c
   -3.77361545473047      2.67661469877722      2.57200834215976       c
   -3.07632371077825      1.72200386154806      4.27431048603695       h
   -3.09591790303256      4.63833334295849      2.60470759612463       h
   -5.83997825005172      2.81515694613635      2.76001870620723       h
   -3.09591809200517      4.63833334295849     -2.60470759612463       h
   -3.07632371077825      1.72200386154806     -4.27431067500956       h
   -5.83997825005172      2.81515694613635     -2.76001889517984       h
$end
