$coord
   -0.36152199336652     -1.26065236126515     -3.83097034340529       s
    1.04458258780976      1.56091245719154      3.41500534035137       c
   -1.36712160989753      0.18516443650185      4.13287790256824       c
   -2.36752958184285     -1.23775492774275      1.90414133474143       n
   -1.05651866493883     -2.49845396524321      1.14488339242195       h
   -4.00047254080300     -2.17862953473530      2.28782905967440       h
   -2.61880627583219     -0.08495055929145      0.25819687106242       h
   -2.83965781227658      1.50596621343681      4.74062799760613       h
   -1.04339319418611     -1.17141363544880      5.66241391408305       h
    1.76935283935881      2.57841016735650      5.06006276658688       h
    2.49835910099169      0.23929488548803      2.77032035921000       h
    0.70329804947081      2.92149145729596      1.89730014822042       h
    0.54776395170536     -3.11084806223552     -1.88688208808829       o
    2.54860030463814      0.68151045210216     -4.53146611800399       c
   -1.14425222389590     -2.29462300304226     -6.26837765101411       o
   -2.13014766611208      0.66791273879058     -2.68346892440850       o
    2.01535247314156      2.51181924224131     -6.19238968479262       f
    3.42589035180921      1.76843726705081     -2.39609354812639       f
    4.37622228217148     -0.78359364639631     -5.48401053971447       f
$end
