$coord
    0.00000000000000      0.00000000000000      1.84216512082571      tl
    0.00000000000000      0.00000000000000     -2.82379677398400      cl
    2.09048666109936     -3.53931246977664      3.86855567324131      cl
    4.02404233888100      2.37692246555167      1.66513652221373       o
    3.89883154242231      4.82015258627226      0.37481168131958       c
    5.83508291452256      4.66445294849817     -1.74548975578607       c
    7.82399679635437      2.88313927659805     -0.62455391769468       c
    6.18503335892969      0.94181720238415      0.71682735469664       c
    4.37050737242151      6.27692431536376      1.77200998326445       h
    1.96261040594008      5.11318051134218     -0.28663706028472       h
    6.59130595668383      6.52142104995857     -2.24476881530640       h
    4.97773306845945      3.81678511424116     -3.42820129788858       h
    9.03759913448190      2.01577974021862     -2.05427818571868       h
    9.02077187922114      3.88828403605056      0.73503845639940       h
    5.49731931390140     -0.50794231997194     -0.59886668149261       h
    7.07549328541743      0.02895003733107      2.34123177512949       h
   -2.09048666109936      3.53931246977664      3.86855567324131      cl
   -4.02404233888100     -2.37692246555167      1.66513652221373       o
   -3.89883154242231     -4.82015258627226      0.37481168131958       c
   -6.18503335892969     -0.94181720238415      0.71682735469664       c
   -5.83508291452256     -4.66445294849817     -1.74548975578607       c
   -4.37050737242151     -6.27692431536376      1.77200998326445       h
   -1.96261040594008     -5.11318051134218     -0.28663706028472       h
   -7.82399679635437     -2.88313927659805     -0.62455391769468       c
   -5.49731931390140      0.50794231997194     -0.59886668149261       h
   -7.07549328541743     -0.02895003733107      2.34123177512949       h
   -6.59130595668383     -6.52142104995857     -2.24476881530640       h
   -4.97773306845945     -3.81678511424116     -3.42820129788858       h
   -9.03759913448190     -2.01577974021862     -2.05427818571868       h
   -9.02077187922114     -3.88828403605056      0.73503845639940       h
$end
