$coord
    1.91627091982580     -2.46268617399509      1.63116831715531      as
    1.23983098086467      3.18013184708013     -1.99553774984835      as
   -1.41941070974663      3.34184648311297     -4.16565369044121       o
    0.44449249762324     -1.33478367156794      4.45948871753951       o
   -0.76473040020750     -1.89269224003501     -0.79480293485736       o
    0.80182780275781      0.09717557554517     -0.62408658842375       c
   -2.38696182456817      1.79408255133289     -4.12686328225470       h
    0.16868073345078     -2.72307456044573      5.61628740010315       h
$end
