$coord
   -0.39443913275370     -0.17718487896259      0.00000000000000      bi
    3.34546247405490      3.73987193810843      0.00000000000000       c
    4.07564395636549      1.43259967529718      0.00000000000000       o
    4.56159080909492      5.71240605182610      0.00000000000000       o
    0.43049529620864      4.01045331830960      0.00000000000000       c
   -0.33973817545012      4.91080633901169      1.69250410288697       h
   -0.33973817545012      4.91080633901169     -1.69250410288697       h
   -4.63043655542355     -1.20785209049900      0.00000000000000       c
    0.96481157885681     -2.19629639531380     -3.45853385885336       c
    0.96481157885681     -2.19629639531380      3.45853385885336       c
   -0.42938546005489     -3.60907586711201      4.01274857966212       h
    2.77769633822464     -3.03204988429219      2.95666058330739       h
    1.22926344339599     -0.77524880479691      4.92634442310936       h
   -0.42938546005489     -3.60907586711201     -4.01274857966212       h
    1.22926344339599     -0.77524880479691     -4.92634442310936       h
    2.77769633822464     -3.03204988429219     -2.95666058330739       h
   -4.78259295671155     -3.26597832552787      0.00000000000000       h
   -5.50550976487631     -0.42029304280009      1.69337054231569       h
   -5.50550976487631     -0.42029304280009     -1.69337054231569       h
$end
