$coord
   -2.00151948892730      1.98169531700346     -3.20127901626471      ga
    4.75343202594483     -7.91052811155014      0.84560878867022      cl
   -0.55616019385538      2.27278816252046      2.39356509456993       p
    0.72059622448215     -7.23581859480251      1.14642011770754      ga
    3.57176568139992      1.04031577519007     -0.83290340403530      ga
    2.02923137770067     -1.57724554907037      2.89518117839017      ga
    1.06034630520685      0.38231653965601     -3.83068102633541       f
   -3.42952712973852      2.88792160650488     -6.04320166530319       f
   -0.05294218919821      5.15677743792994     -2.08491593745280       o
   -0.12104848569376     -4.13212333492617      1.98370371793008       o
   -3.05901419741016      1.03656655855627      0.19943923868434       c
    1.41580605716146      4.19844894249328      0.08567470234289       c
    3.66361884331147     -1.93983618256109      5.31502915083706       h
    2.36355151937520      5.78249145849332      1.00487471758912       h
   -4.87431175909555      1.90059677544707      0.68131505442074       h
   -1.16147462088958     -9.38128022349372      0.59107269505891       h
   -3.20634423817259     -1.01678736211423      0.40881786987312       h
   -1.11600554262889      6.55370059575088     -1.55772089873749       h
$end
