$coord
   -0.52563318007224      2.58692262766326      0.00000000000000      po
    2.98413323275322      3.68921178217987      0.00000000000000       o
   -0.35180010833917     -0.45798740983357     -3.05208003636375       c
   -0.35180010833917     -0.45798740983357      3.05208003636375       c
   -0.33962346907427      0.48851669128806     -4.88229963142976       h
   -1.96817867294268     -1.72774050314848     -2.87761787480337       h
    1.43035222401563     -1.44085607771388     -2.72851848346924       h
   -1.96817867294268     -1.72774050314848      2.87761787480337       h
    1.43035222401563     -1.44085607771388      2.72851848346924       h
   -0.33962346907427      0.48851669128806      4.88229963142976       h
$end
