$coord
    2.60345640845667      2.60345640845667     -2.13336492484143       k
    2.59527653994806      2.59527653994806      3.05262994666639       n
    3.95848622779236      3.95848622779236      3.16096246525892       h
    2.28642178062843      2.28642178062843      4.93819943098763       h
    2.60345640845667     -2.60345640845667      2.13336492484143       k
    2.59527653994806     -2.59527653994806     -3.05262994666639       n
    2.28642178062843     -2.28642178062843     -4.93819943098763       h
    3.95848622779236     -3.95848622779236     -3.16096246525892       h
   -2.59527653994806      2.59527653994806     -3.05262994666639       n
   -3.95848622779236      3.95848622779236     -3.16096246525892       h
   -2.60345640845667      2.60345640845667      2.13336492484143       k
   -2.28642178062843      2.28642178062843     -4.93819943098763       h
   -2.60345640845667     -2.60345640845667     -2.13336492484143       k
   -2.59527653994806     -2.59527653994806      3.05262994666639       n
   -2.28642178062843     -2.28642178062843      4.93819943098763       h
   -3.95848622779236     -3.95848622779236      3.16096246525892       h
$end
