$coord
    3.17876236255668      0.72690866563313     -0.05171896947691      ir
   -1.45724472754082     -0.54544865925590     -0.02939242221714      ir
    0.94210973198844     -1.98353950072974      2.91366364476461       o
    1.47394461526069     -3.06172671029129      0.43248026453129       o
   -4.73147359733439      1.15219474280309     -0.84645614186508       c
   -4.49239187295337      1.02570705840113      1.59038349201552       c
    3.67422512016574      3.67117548014375      0.25603804793618       h
   -1.45669349442989     -0.47707062014344     -3.01717849557175       h
   -5.85229038267985      1.84672314024140     -2.39730618538139       h
    3.86338254797163      1.40216733679294     -2.82661870200782       h
   -5.23506179933963      1.58357480878388      3.40434350554900       h
$end
