$coord
   -0.00011640712936      0.10533503501161     -0.00000000000000      mo
    2.27253890764445     -3.11723684832199      2.43337671075488       s
    5.38663597600824     -3.36326369416095      1.86401696888264       c
    6.12594483550697     -1.15474436129216     -2.29510167066995       c
    3.21831848776941     -0.14854230007221     -3.33062226581553       s
    2.15861903581545      3.08313730729782      2.48782765729201       s
   -3.21844188688543     -0.15023152625616      3.33067404431138       s
    1.53926016421350      6.18411003874457      1.83133925779561       c
   -6.12542081445225     -1.15842554778543      2.29522847129300       c
   -1.54383953753441      6.18277173470220     -1.83213275379588       c
   -5.38455878905065     -3.36710588532015     -1.86354340351549       c
   -2.16095133580005      3.08127517117335     -2.48824736546457       s
   -2.27058379699459     -3.11915775492897     -2.43284758743962       s
    6.85566050032752     -2.38912763968107     -0.12453521936867       c
   -0.00268303315356      7.26591664075507     -0.00045750269508       c
   -6.85429781881813     -2.39357888957065      0.12479184417657       c
    6.39126238358442     -4.56481203624915      3.20441407190759       h
    7.62406150456198     -0.80318991734936     -3.66849717130550       h
    2.55678168492765      7.49489759002051      3.05186422964017       h
   -7.62383228078291     -0.80760507346993      3.66853250918406       h
   -2.56230195288665      7.49267319339770     -3.05282024208727       h
   -6.38834313466512     -4.56956205183923     -3.20379632043703       h
    8.86528200104704     -2.83220529935384     -0.00447260379480       h
   -0.00342796319240      9.32998927698433     -0.00058184667417       h
   -8.86363718342704     -2.83794761013264      0.00471089825928       h
$end
