$coord
    4.05595017554434     -1.72253090616458     -0.02728688936766      rh
    2.40800694854195     -5.61782110182694     -0.03649798142317      cl
    4.63898775511589     -1.43981275991977     -4.32694578371231      cl
    4.68176718618158     -1.47835410220288      4.26845460271798      cl
    0.94918977989177     -0.01299678040354     -0.00436054303553       n
   -1.00931028275185      0.92447688648021      0.00788355945206       c
   -3.46030207558938      2.11169713610916      0.02408059104983       c
   -3.42552015446114      3.76972450863723      1.25795383235736       h
   -4.86842601810380      0.77178474783551      0.72943655227176       h
   -3.97034350334198      2.69383256042821     -1.89271775133771       h
$end
