$coord
   -0.00025001076646     -1.64194750395011     -0.12918678022760       s
    7.38971392207158      2.22298216280081     -0.16265760936967       s
   -7.39015252750540      2.22310423910854     -0.16210089605298       s
    2.38282540305117      0.65830196965943     -0.15227583197916       c
   -2.38328800800679      0.65834184288069     -0.15216490505557       c
    4.99892332339971     -0.06880681797043     -0.14522904325565       c
   -4.99939745568470     -0.06872423693873     -0.14501153577856       c
    1.32989268240886      3.04186323206403     -0.17579781998617       c
   -1.33031635900629      3.04188571980493     -0.17573583696924       c
    6.04527847431557     -2.45561803136636     -0.12524273283021       c
   -6.04578945626001     -2.45552052149826     -0.12517319090878       c
    8.71885543834539     -2.44897167560893     -0.12404540235684       c
   -8.71936623131723     -2.44883221382084     -0.12383167433200       c
    9.72627353832737     -0.07099247520765     -0.14302675642852       c
   -9.72674767061236     -0.07083524999398     -0.14255300208875       c
    2.45772545394197      4.75328576114268     -0.19303533478887       h
   -2.45812097362013      4.75332714614484     -0.19292648656402       h
    4.91530520999964     -4.16548229228159     -0.11204148405985       h
   -4.91584245913724     -4.16540386864737     -0.11219549673911       h
    9.86113554405629     -4.14907569005646     -0.10971239660967       h
   -9.86167222627605     -4.14891922073324     -0.10959315489112       h
   11.69520885761087      0.47671724135789     -0.14667298298846       h
  -11.69567448612829      0.47690583602526     -0.14605428665484       h
$end
