$coord
   -0.40784466091828      2.18046445880356      0.00000000000000      se
    2.46884006712411      3.40694282383518      0.00000000000000       o
   -0.28878832450645     -0.38268409138750     -2.72917006103746       c
   -0.28878832450645     -0.38268409138750      2.72917006103746       c
   -0.15965181099381      0.65044902377061     -4.50880641202823       h
   -1.99377085592063     -1.54812694816887     -2.68785743539070       h
    1.41171328831797     -1.51334162553361     -2.43511223522891       h
   -1.99377085592063     -1.54812694816887      2.68785743539070       h
    1.41171328831797     -1.51334162553361      2.43511223522891       h
   -0.15965181099381      0.65044902377061      4.50880641202823       h
$end
