$coord
   -2.07904323557131      3.71725909734059      3.04521107086869      br
   -0.06843926623894      4.34782782432142      0.00000018897261       c
    0.22705588526097     -4.66365472818259     -0.00000000000000       c
    1.89252934564295      2.76016591587243      0.00000018897261       f
    1.24533839868602      7.81220018101340      0.00000000000000      br
   -2.07904304659870      3.71725890836798     -3.04521088189608      br
    0.34221314975722     -7.18535837189807      0.00000037794523       f
   -3.33760385898770     -3.66168414170377     -0.00000018897261      br
    1.92849612505213     -3.42200696462047      3.04482197625936      br
    1.92849612505213     -3.42200790948353     -3.04482254317720      br
$end
