$coord
    0.00000132280829     -0.00000170075351     -0.00000037794523      pt
    2.10850274306593     -2.10850274306593      2.10850406587422       c
   -2.10850066436719      2.10850047539458      2.10850179820286       c
    2.10850217614809      2.10850123128503     -2.10850293203854       c
   -2.10850160923025     -2.10850236512070     -2.10850330998377       c
    3.80296838167159      3.80297348393213     -3.80297253906906       s
    3.80297121626077     -3.80297046037032      3.80297594057609       s
   -3.80297386187735     -3.80296838167159     -3.80297310598690       s
   -3.80296989345249      3.80297046037032      3.80297046037032       s
$end
