$coord
    0.18788942157541     -3.26603558422948     -1.40612669097195      cs
   -5.23571299896262      1.81183596136795      0.67767997724494      cs
    2.94761087386303      0.66376025460151      4.69939285073053      cs
    5.10218457296075     -4.02804477881567      1.73571042308450       n
   -4.94445102295735     -1.33455425881625     -4.13275525934267       n
   -0.07146906413661      3.48025474888977     -2.86030514890086       c
    6.56742605454857     -4.28498535994959      3.38372470378922       c
   -1.65654582724536      2.26017348473957     -4.52251108383854       b
    1.10024579365666      4.05932333667908     -0.52958969966205       b
   -3.82789311338186      0.33856541141638     -5.84070749536371       b
   -2.06089128229629     -1.43397256132765      3.56106094981449       h
   -4.35178264315772      0.41734110161881     -8.09335930320433       h
   -6.24698292770704     -2.47226708545345     -4.99077992660533       h
$end
