$coord
   -0.07104992288188     -2.87559870243784      0.37988540699503      hf
    2.22343626398886     -0.28159073563809      1.67907665389933       o
    0.91646047928150      2.76013643614487     -0.26699165645239      hf
    1.84003804509839     -5.21342367930754     -1.88659201512796       o
   -2.03502263238613      4.97330903062609      0.26691436665384       o
   -3.08459598689441     -3.56690681758499     -2.80785013109792       o
   -2.43417247442650     -3.73114045854367      3.14274720615868       o
    2.27786699045645      4.19981578140015      3.73698953884858       o
    2.86127495634868      3.38939123655036     -3.35854183549014       o
   -3.45513707614205     -5.11510500842881      3.70234084341222       h
   -3.78655308670628      4.71419148499513      0.64352941361537       h
   -2.06208407742697     -4.34840362387199     -4.11810553549680       h
   -3.03661073829707     -1.73980753829808     -3.17341746118216       h
    2.78138338286890      4.51535865942459     -4.77319100231732       h
    3.60073442701964     -5.25727798659364     -2.31210863888529       h
    0.94845751101798      5.04571634378421      4.66019331683777       h
    2.51557393908088      2.53133557777923      4.48512152962916       h
$end
