$coord
   -0.00000094486306      0.00000094486306     -0.00000037794523      pd
    2.11709419392475     -2.11709419392475      2.11709494981520       b
   -2.11709627262349      2.11709627262349      2.11709551673304       b
    2.11709551673304      2.11709532776043     -2.11709551673304       b
   -2.11709532776043     -2.11709570570566     -2.11709551673304       b
    3.51081539979795      3.51081237623615     -3.51081332109922       f
    3.51081332109922     -3.51081313212660      3.51081180931832       f
   -3.51081237623615     -3.51081539979795     -3.51081351007183       f
   -3.51081332109922      3.51081351007183      3.51081596671579       f
$end
