$coord
   -1.04740980706673     -6.16643165083670      0.00000000000000      ar
   -2.28291822839100      0.39568030487320      2.64424728072006       c
   -4.52249407630340      0.41769259067823      1.33381877740805       c
   -4.52249407630340      0.41769259067823     -1.33381877740805       c
   -2.28291822839100      0.39568030487320     -2.64424728072006       c
    0.05867901977124      0.36568543796712     -1.35165703614617       c
    0.05867901977124      0.36568543796712      1.35165703614617       c
    2.39963640666724      0.31048748269241     -2.64430699606564       c
    2.39963640666724      0.31048748269241      2.64430699606564       c
    4.63866706859232      0.25374599911807      1.33378608514607       c
    4.63866706859232      0.25374599911807     -1.33378608514607       c
   -2.27888404105741      0.39160662226358      4.69893402522716       h
   -6.30701423549397      0.43360295082269      2.34765835573848       h
   -6.30701423549397      0.43360295082269     -2.34765835573848       h
   -2.27888404105741      0.39160662226358     -4.69893402522716       h
    2.39538490082918      0.30743557499907     -4.69897276461274       h
    2.39538490082918      0.30743557499907      4.69897276461274       h
    6.42264771097395      0.20727876751767      2.34761621484587       h
    6.42264771097395      0.20727876751767     -2.34761621484587       h
$end
