$coord
    2.40279168237967     -2.40279168237967     -2.40279168237967       p
    4.61418396587768      0.00000000000000      0.00000000000000       s
    0.00000000000000     -0.00000000000000     -4.61418396587768       s
   -2.40279168237967      2.40279168237967     -2.40279168237967       p
    0.00000000000000      4.61418396587768      0.00000000000000       s
    2.40279168237967      2.40279168237967      2.40279168237967       p
    0.00000000000000     -4.61418396587768     -0.00000000000000       s
   -4.61418396587768     -0.00000000000000      0.00000000000000       s
    0.00000000000000      0.00000000000000      4.61418396587768       s
   -2.40279168237967     -2.40279168237967      2.40279168237967       p
$end
