$coord
    2.98984417407833      2.48601106356717      0.00000000000000      sb
    5.68651132369540     -0.36397636965885     -2.77926764549834       s
    5.68651132369540     -0.36397636965885      2.77926764549834       s
    9.32977819457607     -3.73109964045935      0.00000000000000       s
   -0.46807325611276      0.22572759676707      0.00000000000000       c
   -0.44532718965305      0.27634032056987      4.77789282989119       c
   -1.88089486880358      0.21089060106212      6.27995090072701       h
    1.02958912278158     -1.10015905522748      5.26191783115058       h
    7.04401725117386     -1.62648935526757      0.00000000000000       c
    0.77941546193193      2.76658285887818     -4.56032280286444       n
   -4.97259584798617     -2.55200974851450      0.00000000000000       c
   -6.72464975644320     -3.62056275634095      0.00000000000000       h
   -3.86443833795818     -1.83965178507825      2.26989177928728       c
   -4.75597389655679     -2.34539389692180      4.05153256277980       h
   -3.86443833795818     -1.83965178507825     -2.26989177928728       c
   -4.75597389655679     -2.34539389692180     -4.05153256277980       h
   -0.52527828950579      4.17256555271933     -4.56163559560411       h
   -1.62201183818484     -0.45322359924277      2.28382208439702       c
    0.77941546193193      2.76658285887818      4.56032280286444       n
   -1.62201183818484     -0.45322359924277     -2.28382208439702       c
   -0.44532718965305      0.27634032056987     -4.77789282989119       c
    1.02958912278158     -1.10015905522748     -5.26191783115058       h
   -1.88089486880358      0.21089060106212     -6.27995090072701       h
   -0.52527828950579      4.17256555271933      4.56163559560411       h
    1.99924766017873      3.08523471432497      6.00399854093079       h
    1.99924766017873      3.08523471432497     -6.00399854093079       h
$end
