$coord
   -0.64867305915748      1.85335702380640     -1.45719559466154      be
   -2.90052815846342     -5.31255360961212     -0.26067562482177       o
   -0.99401880791362      0.95761569074197      1.74289232722601       c
    0.04579770163399     -1.16684371075851      0.54955900255236       c
   -1.79519125365096      3.16641602588568      1.63012783395039       c
    2.85903185143723     -1.24553927657320     -0.11639276743736       b
   -1.60992930728101     -3.46138186509772      0.10851582202674       b
    4.14762192374780      0.54943257987454      0.35419609209421       h
    3.69143466702177     -3.03984103613670     -1.18688406735115       h
   -2.43157750251040      4.92016180614322      2.40940345614900       h
   -0.36396805486389      2.77917618275384     -3.77354647972688       h
$end
