$coord
    3.33333704636801      0.31752255511394      0.17970823025852      nb
   -3.33327336259757     -0.31783511581517      0.17987509307543      nb
    0.00007407726414      0.00010412390954      1.63612487981096       o
    4.64070268157515     -2.93659925075475     -0.76633987994893       o
    5.59449073204909      1.93654938191030      2.52076237113217       o
    3.04511148230185      2.16046851077488     -2.49277174775522       o
   -5.59472146760907     -1.93677236959316      2.52104960950331       o
   -4.63998477461992      2.93598301106509     -0.76706081046597       o
   -3.04516231593464     -2.15995280451512     -2.49316764537860       o
   -4.86772852019072      3.49452766134614     -2.48335845500424       h
   -6.37702235236264     -3.55815606281375      2.26304435667005       h
    6.37684528502464      3.55786617882603      2.26262483747010       h
    4.86733148873167     -3.49370600842660     -2.48327341732857       h
$end
