$coord
    1.82946030310862      1.82946030310862     -1.82946030310862      ag
   -1.96833230767672      1.96833230767672     -1.96833230767672       h
   -1.82946030310862     -1.82946030310862     -1.82946030310862      ag
    1.96833230767672     -1.96833230767672     -1.96833230767672       h
    1.96833230767672      1.96833230767672      1.96833230767672       h
   -1.82946030310862      1.82946030310862      1.82946030310862      ag
   -1.96833230767672     -1.96833230767672      1.96833230767672       h
    1.82946030310862     -1.82946030310862      1.82946030310862      ag
$end
