$coord
    1.83449056508317      2.88276095342764     -1.36417968426472      tl
   -4.25791163168893      0.88085747215156      1.27653569832602      cl
   -3.87651009742309      2.43638780036390      5.63315037118769       p
    1.04081447391470      1.77657877411905      6.02380986271697      tl
   -3.73262332663467     -1.02084876150403     -5.11487049341658      tl
    3.00078682218301     -3.47957085700481     -2.52202017284157      tl
   -2.58790736394747     -4.97958915746032     -1.86363014194467       f
    1.78675173677265      4.44152516995925      2.74752799446020       f
   -3.75402938829850      4.21186240750758     -2.23451024805930       f
    4.14900425840890     -0.17132559413660     -0.49749893750972       o
    0.70702780192552     -1.05809337371955     -5.49972039991698       o
   -2.58244454366270      1.96728615529342     -1.49757110512246       c
   -0.39028627061941     -4.77815228928828     -0.29872129194206       c
   -0.12866068047414     -6.63395272897548      0.57445708912426       h
    2.30624274001786      5.72230254754748     -2.91982547474336       h
    1.94558113895646     -1.13170444241987      4.84197155309460       h
    2.29048847125139      3.65985545373173      8.42654693201160       h
    1.29178522124426     -1.45424289758981     -7.17836052708122       h
    5.34344741923630     -4.85421508866436     -4.35828330103085       h
   -3.59798090708158      4.93467131231056      4.68419926370562       h
   -0.78806625019111     -3.35239285564905      1.14099301324655       h
$end
