$coord
    0.22398262366241     -0.22996096123433     -0.50288579080424      ta
   -1.26067673873218     -1.77071249730640      2.60736776359207       o
    1.20306068990676      2.18895991157519     -3.17142757957158       o
   -0.01317762719379     -3.42147160520900     -2.84771806112142       o
   -4.00230803178909     -2.87425113873745      5.64593701404603       o
    0.89124548563828      5.97916980730771     -5.06719572682173       o
    1.41944661454302     -6.89583286522990     -4.79836442198576       o
   -4.49479692739381      0.61281134852091     -0.89553251832752       p
    0.75820536486735      3.91402059410452      1.92531703879052       p
    4.33400372181996     -2.65470011181291      0.35532577037228       p
   -5.49748995617057     -0.08531829999555      2.39473710271322       c
   -3.52763982046952     -1.73838703116923      3.73332687167134       c
    2.10080210910285      5.87225874070709     -0.68215182514929       c
    1.31631027587890      4.74019090395321     -3.21234260684145       c
    3.39105173889720     -5.79252968367414     -0.88119176470323       c
    1.50080631625002     -5.40071462461887     -3.06818484932658       c
   -5.56766966017147      3.00559900976264     -1.40536796593239       h
   -6.20664218820683     -0.87091543403054     -2.33948075490122       h
    2.47783705320956      4.41379287214371      3.92634482097985       h
   -1.16066695194337      5.56641223640729      2.86137171032633       h
    6.39788379495699     -1.97441854861043     -1.18971771167695       h
    5.61166834253360     -3.14905038765165      2.64570199189179       h
   -5.61761360989831      1.69866272033130      3.44264164007971       h
   -7.34458858499319     -1.00053911893845      2.52815309001059       h
    1.56980702012096      7.86445658860051     -0.59906623657150       h
    4.16657927829768      5.74744327495394     -0.56145350570666       h
    4.95441195833963     -6.98978192238770     -1.49534481877353       h
    2.37616808688221     -6.75519358878886      0.65120170168656       h
$end
