$coord
   -5.00442110361781      0.00000000000000      0.00000000000000      se
   -2.47072355715381      2.47072355715381     -2.47072355715381       p
    2.47072355715381     -2.47072355715381     -2.47072355715381       p
   -2.47072355715381     -2.47072355715381      2.47072355715381       p
    2.47072355715381      2.47072355715381      2.47072355715381       p
    0.00000000000000      0.00000000000000     -5.00442110361781      se
    0.00000000000000     -5.00442110361781      0.00000000000000      se
    0.00000000000000      5.00442110361781      0.00000000000000      se
    5.00442110361781      0.00000000000000      0.00000000000000      se
    0.00000000000000      0.00000000000000      5.00442110361781      se
   -4.74743441316642     -4.74743441316642      4.74743441316642      se
   -4.74743441316642      4.74743441316642     -4.74743441316642      se
    4.74743441316642     -4.74743441316642     -4.74743441316642      se
    4.74743441316642      4.74743441316642      4.74743441316642      se
$end
