$coord
    0.00000982657585      0.00000245664396     -1.87791836118266      hf
    3.34303171933914      1.23790005870922     -4.12675424505724       c
   -3.34310428482238     -1.23792764871066     -4.12679997642948       c
    5.08156407044746      1.88138733143199     -5.30826374233370       n
   -5.08149906386873     -1.88136200910190     -5.30824049870235       n
   -0.99236038426552      2.68545842807386      1.01254719463292       c
    0.99236170707381     -2.68546145163566      1.01253358860481       c
    0.48769919576599     -1.31812535782284      3.13052067812406       c
   -0.48770429802653      1.31813858590572      3.13050291469847       c
   -1.70252966690274      4.60326512832218      1.21496180710250       h
   -0.78398576456743      2.11603953777389      5.01264179021074       h
    0.78398236306041     -2.11604445106181      5.01264141226551       h
    1.70253439121806     -4.60327079750056      1.21496199607512       h
$end
