$coord
    6.25686373870157      3.63328779412759      6.09280829891656      pd
    3.77450967313325     -0.12599200923914      7.02642427888689      cl
    1.64515266843226      2.75453320920894      9.19740155664794       s
    8.85963247582102      7.09669714638580      4.98875206149962       s
    2.62406991898329      6.74358292249867      7.23749459290358       h
    9.52931210853932      1.99476598569853      3.38012401962891       c
    3.58139308012097      5.33216499837418      8.40533286652216       c
    9.65476025459942      4.29288857255336      3.79693921046688       c
    4.62263557700319      6.09839848674222     10.01829083786516       h
    9.88034763368795      0.12524953584427      2.71768695126077       h
$end
