$coord
   -0.15289282755927     -0.13748135511204     -0.50007879161681      ca
   -2.14847328521807      0.16951334678186     -5.02649121504229       c
    2.16759523491351      0.44420809384129     -4.83560846728344       c
    1.49768297690912     -2.14396723327084     -4.70944014659676       c
   -1.17123486735728     -2.31314042935003     -4.82764138193662       c
   -0.08614051983293      1.87355744020190     -5.03154339783990       c
   -2.48423868943369     -1.60727896638943      3.59600104101946       c
    2.97785480667251      1.01167244040923      3.42760792388505       c
    2.33137118420450     -1.73233915167588      3.60559763720466       c
   -0.02597390765538     -2.74912537995443      3.86733661091748       c
   -2.98818310481366      1.02472515670611      3.52747031203603       c
   -1.39581369961242      3.05423262339377      3.12310992814870       c
    1.39877981373964      3.00729031464532      3.26841285969587       c
   -4.12615387906704      0.67387652547133     -5.20293456547307       h
    4.07335436419134      1.19525630997937     -4.84658947682848       h
    2.80058243339029     -3.72147602119055     -4.60998575031636       h
   -2.26954558146101     -4.04229482558592     -4.83137113439132       h
   -0.20902714212936      3.91010753821560     -5.21346166280267       h
   -4.09277186705288     -2.84674749778315      3.86147713711888       h
    4.98839414737138      1.42307829021179      3.51941289778039       h
    3.93573657085300     -2.99395451737479      3.80204354970557       h
   -0.06948882012927     -4.78589657592486      4.17207611365272       h
   -4.99099611127414      1.50440265404023      3.60133800554425       h
   -2.24276305999636      4.91784783650205      3.03579928989861       h
    2.28234564137485      4.86393376115729      3.22746192762961       h
$end
