$coord
   -0.05734940846905      0.01622632235272     -0.00000000000000       y
   -7.79195667886222      1.98826608371586     -0.00000000000000       h
   -7.73762006075571     -2.15802641770237     -0.00000000000000       h
   -5.67687353148066     -2.27412023046661      0.00000000000000       c
   -4.65148848241138     -4.70001286987244      0.00000000000000       c
   -4.40836595665533     -0.04084699712933      0.00000000000000       n
   -5.73496862587899      2.15841853587349      0.00000000000000       c
   -4.77366910302718      4.61041037177685     -0.00000000000000       c
   -2.34751794908732      5.63509471039864      0.00000000000000       c
   -0.11433731233021      4.36655028591386      0.00000000000000       n
   -2.23093337444818      7.69580457898684     -0.00000000000000       h
    2.08490629984956      5.69302747732275      0.00000000000000       c
    1.91443675164799      7.74997168865986     -0.00000000000000       h
    4.53707047877560      4.73219188223485      0.00000000000000       c
    5.56226296475264      2.30628582577353      0.00000000000000       c
    7.62303613916606      2.19010527458010     -0.00000000000000       h
    4.29383702609595      0.07301523805282      0.00000000000000       n
    5.62041626271565     -2.12619965028983      0.00000000000000       c
    7.67743851974176     -1.95594874340103     -0.00000000000000       h
    4.65924240665121     -4.57815293578022      0.00000000000000       c
    2.23306177298379     -5.60278492898832      0.00000000000000       c
    2.11638252306574     -7.66347401058914     -0.00000000000000       h
   -0.00004592034486     -4.33415678963616      0.00000000000000       n
   -2.02872682082505     -7.71759841245171     -0.00000000000000       h
   -2.19928461923670     -5.66065023268974      0.00000000000000       c
    6.12923843917181     -6.01064225107164     -0.00000000000000       h
   -6.08332300760018     -6.17060756762973      0.00000000000000       h
   -6.24367836363066      6.04284734165459     -0.00000000000000       h
    5.96900119102420      6.20271779396116     -0.00000000000000       h
$end
