$coord
    2.83115914697054     -2.83115914697054      2.83115914697054      cs
   -2.83115914697054      2.83115914697054      2.83115914697054      cs
   -2.83115914697054     -2.83115914697054     -2.83115914697054      cs
    2.83115914697054      2.83115914697054     -2.83115914697054      cs
   -3.14725911625690     -3.14725911625690      3.14725911625690       c
    3.14725911625690     -3.14725911625690     -3.14725911625690       c
   -3.14725911625690      3.14725911625690     -3.14725911625690       c
    3.14725911625690      3.14725911625690      3.14725911625690       c
   -5.21261808906006     -2.88044282638899      2.88044282638899       h
   -2.88044282638899     -5.21261808906006      2.88044282638899       h
   -2.88044282638899     -2.88044282638899      5.21261808906006       h
    2.88044282638899      5.21261808906006      2.88044282638899       h
    2.88044282638899      2.88044282638899      5.21261808906006       h
    5.21261808906006      2.88044282638899      2.88044282638899       h
    2.88044282638899     -2.88044282638899     -5.21261808906006       h
    5.21261808906006     -2.88044282638899     -2.88044282638899       h
    2.88044282638899     -5.21261808906006     -2.88044282638899       h
   -2.88044282638899      2.88044282638899     -5.21261808906006       h
   -5.21261808906006      2.88044282638899     -2.88044282638899       h
   -2.88044282638899      5.21261808906006     -2.88044282638899       h
$end
