$coord
   -1.50459691788597     -0.52753972476067      4.79547956608195      tl
   -2.19918975498518      2.95424022208533     -4.03714532189282      cl
   -2.78484252654238     -4.93842204072526     -0.65267058580423       p
    3.22593597378294      4.75881132033484      3.87048300491712      tl
   -0.90680190007937     -3.60768824121775     -6.77442363081871      tl
    3.53610220303395     -0.75319985830505     -0.94771673837662      tl
   -4.12136852559840     -1.28431910229341     -7.54148538614774       f
    2.19505881367395     -1.80792706287651      3.08619960848485       f
   -3.03034554029924     -4.25086144145839      2.11585245488742       o
   -0.88501184606675     -3.28413934948829     -2.15696476956483       o
   -0.23980813510382      3.59323523786159     -1.68882234947586       c
    1.24910537874540      3.93320660551564      0.06437068588986       c
   -2.20827177874629     -6.53374735553264     -7.02375050539134       h
    1.53111468872039     -1.54325958058637     -7.08109972488778       h
    1.11692886281401      2.88679287308988      5.88561400215672       h
    2.82057516888455      7.99407403741220      4.39410192591175       h
   -2.90273063426317      1.33870390841613      2.64180405381188       h
   -1.06004716156112     -2.19309293158516      7.48993762585784       h
    6.16819325353127      3.26513248411391      3.56023570641531       h
$end
