$coord
    1.66536782469154     -2.84751434864504      0.60107425955289      sb
   -5.06807917378559     -1.21008026657406      1.44031278145268      sb
    0.06905663976427      3.40571714746992      0.94806822743604      sb
    4.95098002672237      0.36249935971884      0.41674753864266      cl
   -3.03393620891107      5.17078389900255      1.30306405162674       f
    1.66497362782168      4.60063273982879      3.90622849739695       f
    2.40499623687816     -2.52392237115991     -4.21860381648915       o
   -1.04850131287705     -0.26594474817864      1.12123403687405       c
   -4.17072458152747     -4.32736738161100      1.10665555570313       h
    1.90808689391971     -3.91924039560950     -5.29044343599377       h
    4.13541145838525     -2.14347401475198     -4.67382901364448       h
    1.45140358408563      5.14182460201347     -1.32617124474911       h
   -4.92903558208526     -1.44391422150344      4.66566275116398       h
$end
