$coord
   -0.00001020452108      0.00001058246631      3.55021486671484       v
   -2.85402577795709      0.91161767813863      1.06822381753531       c
   -3.01113515142109     -1.21735590113142     -0.71952569463182       c
   -1.21738311318763     -3.01116633190217     -0.71958748867614       c
    0.91163506361899     -2.85414501967563      1.06825802157819       c
    2.85415975953941     -0.91164451224962      1.06827106068846       c
    3.01117993793028      1.21738065654367     -0.71959183504623       c
    1.21735571215880      3.01115121409316     -0.71953287559110       c
   -0.91162788265971      2.85404051782087      1.06823780150865       c
   -4.64033569676150      1.53378884016116      1.90164141604947       h
   -4.69356002207031     -1.39325746708190     -1.88787211560565       h
   -1.39322931016263     -4.69351599145157     -1.88788232012673       h
    1.53374178598063     -4.64026709970313      1.90163423509019       h
    4.64025670620944     -1.53373649474747      1.90163933735073       h
    4.69350899946491      1.39322326303902     -1.88789233567520       h
    1.39325160893091      4.69355076241229     -1.88788137526367       h
   -1.53378241509233      4.64032549224042      1.90164614036478       h
$end
