$coord
    0.00000000000000      0.00000000000000      8.07392158027324      cs
    0.00000000000000      0.00000000000000      2.30424964587286       n
   -2.16654813766715      0.00000000000000      0.98293858774697       c
   -3.91502970785576      0.00000000000000      2.07203140678113       h
   -2.25977267382827      0.00000000000000     -1.63834436314584       c
   -4.06895942814031      0.00000000000000     -2.60317408337346       h
    0.00000000000000      0.00000000000000     -2.97670623113318       c
    0.00000000000000      0.00000000000000     -5.02836828000315       h
    2.25977267382827      0.00000000000000     -1.63834436314584       c
    4.06895942814031      0.00000000000000     -2.60317408337346       h
    2.16654813766715      0.00000000000000      0.98293858774697       c
    3.91502970785576      0.00000000000000      2.07203140678113       h
$end
