$coord
    0.00000000000000      0.00000000000000      3.01769911511944      in
    0.00000000000000      0.00000000000000     -2.24808452876692       p
    1.15839039887949      2.00639101390728     -3.57379959362924       h
    1.15839039887949     -2.00639101390728     -3.57379959362924       h
   -2.31678079775898      0.00000000000000     -3.57379959362924       h
    3.25619256775746      0.00000000000000      3.31726133518753       h
   -1.62809618939243      2.81994551213940      3.31726133518753       h
   -1.62809618939243     -2.81994551213940      3.31726133518753       h
$end
