$coord
   -0.46250234349359     -0.62803158068419     -0.03227066407951      co
    2.85645634370023      1.46581369065874      0.19456393425211       c
    2.94941310566931     -0.08752285449403     -2.01727734817341       c
    2.73015782088347     -2.62442556544019     -1.24842715603882       c
    3.04887921825169      0.57762445908389     -3.94650989949680       h
    2.57230389532585     -2.66880559453452      1.47821520733263       c
    2.69568071257934     -0.15919468624395      2.35069816918461       c
    2.57084275908530      0.44152524966034      4.29949751173350       h
    2.94297594259401      3.50862445132758      0.23301305790028       h
    2.61918422105737     -4.25828220698222     -2.46748267684787       h
    2.32430134082226     -4.34149157262126      2.62205868346749       h
   -3.12175952985912     -4.77673178215944     -0.22444314991929       i
   -2.41369124472868      1.76025796546004     -2.43788106194859       c
   -3.77847223984667      1.28641367473136     -0.20634184130445       c
   -2.68228312126450      1.71604177562082      2.17694200930487       c
   -3.14889524113671      1.02349513397075     -4.20759899639492       h
   -1.18156127577231      3.39820983248952     -2.58361900844995       h
   -3.61714707636837      0.94712223053741      3.83506273430355       h
   -1.47657454711011      3.34929427172040      2.49575657017109       h
   -5.42730855141616      0.07006367481677     -0.31395607499652       h
$end
