$coord
   -0.00002305465874      0.00000907068540     -0.13779032533363      pt
   -2.52243099930134      1.24707543494095      2.51545148482792       o
   -2.09637939407778      1.03372894580561      4.88961022592045       c
    0.00002910178234     -0.00001851931603      6.08693937648733       c
    2.09640849586012     -1.03375596888921      4.88961438331792       c
   -0.00000207869874     -0.00000132280829      8.13542215012308       h
   -3.62016648077235      1.78305354274425      6.07407053054251       h
    2.52242835368477     -1.24708979685951      2.51548455503512       o
    3.62013454440082     -1.78304957431939      6.07401931896450       h
    2.90387788699421     -0.11665940779373     -3.07477451330023       c
   -1.80913951115890      2.52186105790177     -2.83244453868138       c
    1.80913951115890     -2.52185312105204     -2.83245228655850       c
    4.66105314222505      0.19671992278916     -2.04660362997614       h
   -2.90388676870700      0.11665884087589     -3.07477319049194       c
   -2.82695507325823      3.88593605133912     -1.66974499731698       h
    2.82694354592886     -3.88592962627029     -1.66974688704311       h
   -4.66106372469136     -0.19671557641907     -2.04661421244245       h
    2.32268449114893      1.72065951038209     -5.19919215185333       c
    1.83589916693743      0.65943164793750     -6.90260696647345       h
    4.04544103061294      2.77243571863534     -5.64242287934229       h
   -0.22656021009815     -3.61720093356296     -4.49579432484307       c
   -1.06059291446629     -5.21760261966237     -3.48432673074588       h
    0.64597566408536     -4.41054405498805     -6.20675009156862       h
   -2.32266975128515     -1.72067916353380     -5.19921331678594       c
   -1.83589557645779     -0.65941766396417     -6.90261660407669       h
   -4.04544669979132     -2.77242627000471     -5.64243251694554       h
    0.22658780009959      3.61721057116620     -4.49580849778901       c
   -0.64597944353761      4.41055841690661     -6.20674480033547       h
    1.06058743426052      5.21760318658021     -3.48431255779994       h
$end
