$coord
   -3.58965836425047     -0.38304068270745      2.25726047191649      hg
    1.11014474602200     -2.86997714515849     -3.42623938422466      hg
    2.36700064750020      0.18351035922384      3.33240956878542       o
    3.38037119580618     -2.33224234794854     -0.27962919991940       n
    0.49824159987721      3.73579693269052     -0.59500804971612       n
    2.82576681347026     -1.06474974502544      1.52106795977200       c
    0.14041855642954      2.78038107213172     -2.55026855486209       c
   -2.74603019753281     -2.62723086387410      0.23570648454754       h
    0.96535619792630      4.21440314428387      1.17864939678490       h
   -0.46425374166708     -3.46855356471815     -5.92131149559295       h
   -4.48735745358134      1.83170284110223      4.24736299148150       h
$end
