$coord
    0.02942964982182      0.50170792450996      0.66309885045744      mo
    0.28748044505471      3.57152285159274      0.14016193162164       h
    3.04927001361453      0.17729599485879      2.50966268678642       o
   -3.01023205130552      0.49688950083412      2.49815085317262       o
    2.41324904881522     -0.36173931187100     -2.36175571263775       n
   -2.45922211703369      0.46436013324797     -2.41330158320152       n
    1.15661178864979     -0.85156936281656     -4.80397501885358       c
   -1.21649361910016      0.72875927442823     -4.88719950230163       c
    4.89050822377548     -0.67916624684297     -2.34757615265200       c
   -4.94773309929283      0.45626284577107     -2.41549272064451       c
    6.50331766264499     -0.53651082159819     -0.21478627147068       c
   -6.52855004176856      0.32470559309113     -0.25133697625276       c
    5.53087045640383     -0.12802818913980      2.24469473804226       c
   -5.51140419860824      0.33916313179000      2.22191427856706       c
    9.13784173552942     -0.87825739797492     -0.47865439960956       c
   -9.17927020138769      0.19177526540811     -0.51472435806521       c
    7.10849338378155     -0.06596769343886      4.36013825619604       c
   -7.06382743912437      0.22007844948628      4.35103185496790       c
   10.69464725093152     -0.79672780988921      1.60440412603408       c
  -10.71258604309954      0.07099228623504      1.58641506715112       c
    9.67679238252876     -0.39057161926442      4.02386281489904       c
   -9.65179376252697      0.08772845669653      4.01856175517064       c
    2.41442956072608     -0.38897801322244     -6.38263257128524       h
    0.67902187176695     -2.86830946185237     -4.91077345777710       h
   -0.73997385412243      2.72716279394652     -5.16854891991344       h
   -2.46164285620098      0.11193887193121     -6.42310162318939       h
    5.79336021830648     -1.13033552481426     -4.14726552140045       h
   -5.89894488613932      0.55934287059663     -4.24396205137270       h
    9.92032819138855     -1.20429071264211     -2.34868353216178       h
   -9.99627817411491      0.17611964034542     -2.39834458988757       h
    6.28879349618797      0.24718014569360      6.21276792441658       h
   -6.21156605860050      0.24422404711484      6.21535174694853       h
   12.71643121796999     -1.05166584824750      1.38261963180133       h
  -12.74761547849972     -0.03515306333936      1.36419423515589       h
   10.92217462286091     -0.33142243563306      5.65271319398831       h
  -10.87591733983310      0.00148343500884      5.66237120627260       h
$end
