$coord
   -0.33415479063851      4.23494938056041      4.59052138224690      cs
    6.33694315095826      0.53145580421139     -0.25943275194876       h
   -3.49455260573101      0.32665182202820     -2.51401000173907       h
   -3.70431466235073     -0.16372473771297      0.10892456978777       p
    3.69669490866585      0.39431648952813      0.14669981709945       p
    3.04713386720180      0.41182574694773     -2.45033794759796       h
   -6.30931818958668     -0.76721595698090      0.04055919184036       h
   -2.85921213130964     -2.69834276977291     -0.05472457888016       h
    3.62078064176327     -2.26991577880908      0.39180050816410       h
$end
