$coord
    2.69511152707022     -0.30130492550140      0.72319875530275       p
    1.28650362569496     -2.63331937247916      2.55516729189828       n
    2.65962662782315      2.09215094289845      2.25121674982061       o
    0.44301416487494      0.00736785319230     -1.59428010728714       o
   -1.60426220760203      1.44032865515214     -1.15518221083554       c
    4.90904794885153     -1.38394810926784     -0.66155210962338       o
   -3.59779004474286      1.50016985649081     -2.71609429008185       c
   -1.51335617642478      2.59774527815895      0.55166226773049       h
   -5.17660482238819      2.73367138866937     -2.29140612225813       h
   -3.66319856822107      0.34771187483838     -4.41187120964628       h
    2.22306020848981     -4.29131443069048      2.35353767166140       h
    1.33884733862909     -2.10925901146152      4.39560312434617       h
$end
