$coord
    0.00000037794523      0.00000056691784     -0.00000000000000      cr
   -3.57407700542452      0.00000018897261      0.00000000000000       c
    3.57407795028758      0.00000018897261      0.00000000000000       c
    0.00000000000000      0.00000000000000     -3.57407738336974       c
    0.00000000000000      0.00000000000000      3.57407738336974       c
    0.00000000000000      3.57407795028758     -0.00000000000000       c
    0.00000000000000     -3.57407700542452     -0.00000000000000       c
   -0.00000056691784     -0.00000075589045     -6.50782787198969       s
   -0.00000056691784     -0.00000075589045      6.50782768301708       s
   -0.00000056691784     -6.50782730507185      0.00000000000000       s
   -6.50782730507185     -0.00000075589045      0.00000000000000       s
   -0.00000056691784      6.50782824993492      0.00000000000000       s
    6.50782824993492     -0.00000075589045      0.00000000000000       s
$end
