$coord
    0.00081692860423      0.00000699198667      1.07910996282883      os
   -0.00039249611635      0.00001114938414     -3.50764160476949      si
    3.08665673323471      0.00002059801477     -1.94918465770596       c
   -1.54375903520145     -2.67302799859025     -1.94845257780478       c
   -1.54380892397117      2.67301552639782     -1.94844482992766       c
    4.23421919038536     -1.70845717084188     -2.02621424096805       h
    4.23420029312410      1.70850857139250     -2.02619742240553       h
   -3.59719969430113     -2.81192551446105     -2.02484400055415       h
   -0.63841562574606     -4.52124931370427     -2.02558061579803       h
   -0.63853732410856      4.52127879343183     -2.02560329251154       h
   -3.59724920512563      2.81182781562034     -2.02481659952533       h
   -3.14572163508086      0.00004044013909      2.91115937970256       c
    1.57403811691687      2.72388279630978      2.91341174427203       c
    1.57393644965130     -2.72391794521572      2.91342459440968       c
   -5.06854574716608      0.00005366822198      3.92228077597348       o
    2.53496593063972      4.38791571846598      3.92701359505581       o
    2.53479642220622     -4.38798393757913      3.92703532690626       o
$end
