$coord
    2.72295002749403      1.18768927965340      0.30151695277273      pt
    6.70137229899688      1.16282842068618      0.25134377926681       c
    5.76002847300726      3.52957490002245     -0.63632162022594       c
    4.10222881247737      4.84967426575641      1.03157579185775       c
    1.00241977437895     -2.54386616274752      0.05243989999394       o
   -1.17404375627083     -1.59179284976022      0.42944498642786       c
   -1.34979508899431      0.78425334978686      0.75977648316843       o
    7.61585631372329     -0.08952123987218     -1.09647390030935       h
    7.33319429234442      0.96704258952106      2.20086934356589       h
    5.87877111488219      4.03481869108660     -2.62592052777840       h
    4.52381764048199      4.94922825060365      3.04412542320935       h
    3.02098742755113      6.42806385502341      0.28265332863869       h
   -3.47049809290171     -3.27139635930346      0.55917166140963       c
   -5.87798933518390     -1.97229015007482     -0.17682186257380       c
   -3.11940115165399     -4.96068925058467     -0.58036475093907       h
   -3.58374484428466     -3.89907701784607      2.54118615315575       h
   -7.48156613912007     -2.86860614885414     -1.88750588668245       c
   -6.27162873584113     -0.19734258754765      0.78370079386765       h
   -9.21414358526042     -1.87133550022306     -2.34696747186684       h
   -7.11881601274432     -4.62725633532626     -2.88742838798602       h
$end
