$coord
    0.00000000000000      0.00000000000000      6.14753930286555      ar
    2.27831523349351      1.31538601083072     -0.51371505534136       c
    4.05616088000738      2.34182571605086     -0.51087498594674       h
    2.27831523349351     -1.31538601083072     -0.51371505534136       c
    4.05616088000738     -2.34182571605086     -0.51087498594674       h
    0.00000000000000     -2.63077183268883     -0.51371505534136       c
    0.00000000000000     -4.68365124312911     -0.51087498594674       h
   -2.27831523349351     -1.31538601083072     -0.51371505534136       c
   -4.05616088000738     -2.34182571605086     -0.51087498594674       h
   -2.27831523349351      1.31538601083072     -0.51371505534136       c
   -4.05616088000738      2.34182571605086     -0.51087498594674       h
    0.00000000000000      2.63077183268883     -0.51371505534136       c
    0.00000000000000      4.68365124312911     -0.51087498594674       h
$end
