$coord
    1.82697795886963      1.82697795886963     -1.82697795886963      zn
   -2.51512097172850      2.51512097172850     -2.51512097172850       s
   -1.82697795886963     -1.82697795886963     -1.82697795886963      zn
    2.51512097172850     -2.51512097172850     -2.51512097172850       s
    2.51512097172850      2.51512097172850      2.51512097172850       s
   -1.82697795886963      1.82697795886963      1.82697795886963      zn
   -2.51512097172850     -2.51512097172850      2.51512097172850       s
    1.82697795886963     -1.82697795886963      1.82697795886963      zn
$end
