$coord
   -2.31908853130394      0.39955292062302      0.33959928057986      fe
    2.31912500301817     -0.39928193389657     -0.33912741596622      fe
    0.58441273327338      1.63503035043883      2.08299654262671       c
   -0.58434451416023     -1.63474537973905     -2.08241280622642       c
    2.69620171007226      2.12081997795459     -2.41906997220085       c
   -2.69598590334868     -2.11998944332226      2.42020815424649       c
    2.96900162874524      3.79130499202248     -3.80454989346636       o
   -2.96857455064079     -3.79008838634262      3.80630393725643       o
   -1.06897933004045     -2.98111193862312     -3.79267296476503       o
    1.06907211559323      2.98134702055318      3.79315881335200       o
   -3.72953740387106      2.60444303446700     -2.77578922661838       c
   -3.12920901922006      4.24134270198958     -0.72873300723508       c
   -5.59808140066093      0.86553973012017     -1.94510851845237       c
   -6.13493955392106      1.43065779273019      0.63526148386930       c
   -4.62268641063597      3.52990390134097      1.38615077404020       c
   -2.86011390861692      2.63794598895322     -4.62582600162156       h
   -1.72754850697409      5.72920458324974     -0.76153940867129       h
   -6.39765702782188     -0.66045077723720     -3.04263480724124       h
   -7.45771666157543      0.42522806257790      1.82717146682492       h
   -4.55410900541723      4.36997087917436      3.24676831459495       h
    6.13463360726128     -1.43105879261411     -0.63608861699461       c
    7.45714539736757     -0.42566269958685     -1.82831815263812       h
    5.59880138631490     -0.86624781049955      1.94460736308378       c
    6.39927198776908      0.65919354244564      3.04220867399985       h
    3.73018236739783     -2.60488428551740      2.77568604757190       c
    2.86153781725279     -2.63860210186414      4.62603046998838       h
    3.12875265036066     -4.24132512753661      0.72851587770321       c
    1.72673630268517     -5.72881189816078      0.76157852600210       h
    4.62166992695285     -3.52982982407684     -1.38677740722355       c
    4.55202747208954     -4.36939470167857     -3.24759790436422       h
$end
