$coord
   -2.02756728487420     -2.02756728487420     -2.02756728487420      mg
    2.02756728487420      2.02756728487420     -2.02756728487420      mg
   -2.02756728487420      2.02756728487420      2.02756728487420      mg
    2.02756728487420     -2.02756728487420      2.02756728487420      mg
   -1.68052531794745      1.68052531794745     -1.68052531794745       h
   -3.87354247151496     -3.87354247151496     -3.87354247151496       h
    3.87354247151496      3.87354247151496     -3.87354247151496       h
    1.68052531794745     -1.68052531794745     -1.68052531794745       h
    1.68052531794745      1.68052531794745      1.68052531794745       h
   -3.87354247151496      3.87354247151496      3.87354247151496       h
    3.87354247151496     -3.87354247151496      3.87354247151496       h
   -1.68052531794745     -1.68052531794745      1.68052531794745       h
$end
