$coord
    6.09065060962600      0.00000000000000      0.00000000000000      sn
    3.05287712284366     -3.05287712284366     -3.05287712284366      sn
    0.00000000000000      0.00000000000000     -6.09065060962600      sn
   -3.05287712284366      3.05287712284366     -3.05287712284366      sn
    0.00000000000000      6.09065060962600      0.00000000000000      sn
    3.05287712284366      3.05287712284366      3.05287712284366      sn
    0.00000000000000     -6.09065060962600      0.00000000000000      sn
   -6.09065060962600      0.00000000000000      0.00000000000000      sn
    0.00000000000000      0.00000000000000      6.09065060962600      sn
   -3.05287712284366     -3.05287712284366      3.05287712284366      sn
    8.01706879183008      1.84422832380998     -1.84422832380998       h
    8.01706879183008     -1.84422832380998      1.84422832380998       h
    4.93039051571754     -4.93039051571754     -4.93039051571754       h
   -1.84422832380998     -1.84422832380998     -8.01706879183008       h
    1.84422832380998      1.84422832380998     -8.01706879183008       h
   -4.93039051571754      4.93039051571754     -4.93039051571754       h
   -1.84422832380998      8.01706879183008      1.84422832380998       h
    1.84422832380998      8.01706879183008     -1.84422832380998       h
    4.93039051571754      4.93039051571754      4.93039051571754       h
    1.84422832380998     -8.01706879183008      1.84422832380998       h
   -1.84422832380998     -8.01706879183008     -1.84422832380998       h
   -8.01706879183008      1.84422832380998      1.84422832380998       h
   -8.01706879183008     -1.84422832380998     -1.84422832380998       h
   -1.84422832380998      1.84422832380998      8.01706879183008       h
    1.84422832380998     -1.84422832380998      8.01706879183008       h
   -4.93039051571754     -4.93039051571754      4.93039051571754       h
$end
