$coord
   -8.43171079762326     -1.36207282860695     -0.06572051726160      pt
    1.05175844482767      0.17014678297926      0.06581972788321      pt
   10.69190582524067      1.26896507752041     -0.14427794409648       s
  -10.96902716961838      2.03656597171316     -0.64133430774752       p
    4.84169225157319      1.46714235709787     -0.76574348238360       p
    7.95162965478864     -2.56311718073736     -1.40911000160692       f
    7.37985729957146     -1.39892154319909      2.52482660511116       f
   -2.72375656260457     -0.94951443484020      0.97318760093729       f
   -4.98033408749915      0.48854617101562     -0.36147569507643       c
    7.67309422835091     -0.49970897221397      0.13784096999380       c
    3.04741430255888      3.45018996211703      1.61352337739988       b
  -10.12481658930871      4.58062148501849     -0.97385883165721       h
    5.60370654841992      2.15577386416029     -3.22784516408795       h
    3.62104463650306      3.20573366766131      3.79844343246310       h
  -12.70568113295754      2.09981208158549     -2.68969179254112       h
   -4.20998364179321      0.63597239883787     -2.28449803943226       h
   -4.76385254272092      2.33170075244086      0.56769810568972       h
    2.20992831266826      5.42949949988653      0.87459756538687       h
  -12.77454993394490      2.63450271897921      1.25261819064085       h
    9.82752071778342      3.24755614141684      1.19611084413351       h
  -10.98868958098583     -3.09112839216645      0.12945020804955       h
   -7.03274975914814     -3.99270557745291      0.44287243541550       h
$end
