$coord
    0.28717279764141     -0.00980881242914      0.43664956728288      sr
   -3.79079193137930     -5.87117819530830     -2.07619768597092       h
   -2.59464461553156     -5.67293477531643      2.02513898680241       h
   -2.68627252208890     -4.24748639059752     -1.34760073901691       c
   -2.13594099949627     -2.48585950753188     -2.91333029707600       o
   -1.08157454364224      4.26801561933893      1.77481490375313       f
   -1.99202871740515     -4.15251574749606      1.03393209136414       n
    1.12650316023092      5.20059206096740      3.36355943629965       c
    0.13899710443763      6.12335477687880      4.92725035781412       h
    3.20497607645744      2.74536444701865      4.14756579888186       s
    1.13009118322618     -1.72185721880069     -4.44601799382359       h
    3.72343717896402     -0.38899653253848     -5.03992622293443       h
    2.56116849515633     -0.81539206791696     -3.71324229548736       o
    2.10890733342948      7.02870253270428      1.82740390313841       f
$end
