$coord
    0.00000000000000      0.00000000000000      0.00000000000000      zn
   -2.85514014945353      1.54675255035750      2.27270992785885       o
   -5.20084301659692      1.33475683745695      1.95015087467413       c
   -5.20084301659692     -1.33475683745695     -1.95015087467413       c
   -2.85514014945353     -1.54675255035750     -2.27270992785885       o
    0.08804309609649     -3.24600014092477      2.27270992785885       o
    2.76709705335704      1.69924759056727      2.27270992785885       o
    1.44448832030049     -5.17144057883131      1.95015087467413       c
    3.75635488526904      3.83668374137436      1.95015087467413       c
    3.75635488526904     -3.83668374137436     -1.95015087467413       c
    1.44448832030049      5.17144057883131     -1.95015087467413       c
    2.76709705335704     -1.69924759056727     -2.27270992785885       o
    0.08804309609649      3.24600014092477     -2.27270992785885       o
   -6.42673008632375      0.00000000000000      0.00000000000000       c
    3.21336494867557     -5.56571152595981      0.00000000000000       c
    3.21336494867557      5.56571152595981      0.00000000000000       c
   -6.83841882812735      2.67811778693777      3.89672544265499       c
   -6.83841882812735     -2.67811778693777     -3.89672544265499       c
    1.09989128103544     -7.26130325236389      3.89672544265499       c
    5.73852754709191      4.58318546542612      3.89672544265499       c
    5.73852754709191     -4.58318546542612     -3.89672544265499       c
    1.09989128103544      7.26130325236389     -3.89672544265499       c
   -8.47751775891526      0.00000000000000      0.00000000000000       h
    4.23875887945763     -7.34174568100937      0.00000000000000       h
    4.23875887945763      7.34174568100937      0.00000000000000       h
   -6.38249953456597      1.93904948957488      5.77571697930455       h
   -8.86352663444868      2.45793011128141      3.54486788664159       h
   -6.35543695568946      4.69089607515061      3.90027415934683       h
   -6.35543695568946     -4.69089607515061     -3.90027415934683       h
   -6.38249953456597     -1.93904948957488     -5.77571697930455       h
   -8.86352663444868     -2.45793011128141     -3.54486788664159       h
   -0.88471667084589     -7.84941795911792      3.90027415934683       h
    1.51198366833954     -6.49693152217509      5.77571697930455       h
    2.30313338465029     -8.90500442215884      3.54486788664159       h
    6.56039324979839      6.44707412190482      3.54486788664159       h
    7.24015362653535      3.15852188396731      3.90027415934683       h
    4.87051586622644      4.55788203260022      5.77571697930455       h
    4.87051586622644     -4.55788203260022     -5.77571697930455       h
    6.56039324979839     -6.44707412190482     -3.54486788664159       h
    7.24015362653535     -3.15852188396731     -3.90027415934683       h
   -0.88471667084589      7.84941795911792     -3.90027415934683       h
    1.51198366833954      6.49693152217509     -5.77571697930455       h
    2.30313338465029      8.90500442215884     -3.54486788664159       h
$end
