$coord
   -2.36268470200124      2.36268470200124      2.36268470200124      cd
    0.00000000000000      0.00000000000000      0.00000000000000       o
    2.36268470200124     -2.36268470200124      2.36268470200124      cd
    2.36268470200124      2.36268470200124     -2.36268470200124      cd
   -2.36268470200124     -2.36268470200124     -2.36268470200124      cd
    2.07869042370361      7.21370180714273     -2.07869042370361       s
   -2.07869042370361     -7.21370180714273     -2.07869042370361       s
    7.21370180714273      2.07869042370361     -2.07869042370361       s
    2.07869042370361     -7.21370180714273      2.07869042370361       s
    2.07869042370361      2.07869042370361     -7.21370180714273       s
    2.07869042370361     -2.07869042370361      7.21370180714273       s
    7.21370180714273     -2.07869042370361      2.07869042370361       s
   -2.07869042370361      2.07869042370361      7.21370180714273       s
   -2.07869042370361      7.21370180714273      2.07869042370361       s
   -7.21370180714273     -2.07869042370361     -2.07869042370361       s
   -7.21370180714273      2.07869042370361      2.07869042370361       s
   -2.07869042370361     -2.07869042370361     -7.21370180714273       s
    8.41401351245413      0.00000000000000      0.00000000000000       c
    0.00000000000000      0.00000000000000     -8.41401351245413       c
    0.00000000000000      8.41401351245413      0.00000000000000       c
    0.00000000000000      0.00000000000000      8.41401351245413       c
   -8.41401351245413      0.00000000000000      0.00000000000000       c
    0.00000000000000     -8.41401351245413      0.00000000000000       c
   10.48449761148337      0.00000000000000      0.00000000000000       h
    0.00000000000000    -10.48449761148337      0.00000000000000       h
    0.00000000000000      0.00000000000000     10.48449761148337       h
  -10.48449761148337      0.00000000000000      0.00000000000000       h
    0.00000000000000     10.48449761148337      0.00000000000000       h
    0.00000000000000      0.00000000000000    -10.48449761148337       h
$end
