$coord
   -5.21123084111103      2.58494408440944      0.00000000000000      se
   -2.13518095164843      0.71425543743927      0.00000000000000       c
   -1.97043576182747     -1.92549146051194      0.00000000000000       c
    0.35287933092968     -3.17502221660828      0.00000000000000       c
    2.59327305230938     -1.79401565502803      0.00000000000000       c
    2.49391011877347      0.84346508335299      0.00000000000000       c
    0.17359250959724      2.08063173935275      0.00000000000000       c
    0.12057964464192      4.64381506050452      0.00000000000000       o
   -3.71875216995267     -3.00403185988642      0.00000000000000       h
    0.40255418365619     -5.23038227053405      0.00000000000000       h
    4.41346689438699     -2.74861307520170      0.00000000000000       h
    4.21110859575596      1.97244019432922      0.00000000000000       h
   -1.72576498345646      5.03800493838222      0.00000000000000       h
$end
