$coord
   -0.08125236526304      1.57610736702474      1.06482854660489      re
    0.68792115901169      5.28591073890817     -0.28900091869562       c
   -1.97190256724640      4.66690619095483     -0.57364412894489       c
    1.22160627313381      6.58952167727575      1.22326318500100       h
    1.84041693518663      5.52471051615121     -1.97669982598962       h
   -2.76566501889883      4.43644860969461     -2.46025447441628       h
   -3.30073322357250      5.52793476686723      0.76235936083732       h
   -3.47661551431650     -0.71792887605543      1.53262306811409       o
    4.37835162557015      1.41461269511295      1.41121175500415       s
   -5.58172638795904      0.05348756415814      3.11586509612719       c
   -4.34187348627130     -2.17742521227526     -0.69136461795832       c
   -2.07474089610046     -3.33812334469971     -2.02525596084960       c
    0.36630148868416     -0.80188884091167     -2.29879022709511       p
    3.59398035687303     -2.21295055166143     -2.53071574760994       c
    5.47467208011807     -0.27021836381238     -1.54621473430207       c
   -5.38190259000807     -0.87470357902254     -1.92516151433035       h
   -5.63145264123617     -3.63835452781637      0.01018297820207       h
   -2.67112372157317     -4.09286144007124     -3.85889255869648       h
   -1.29444803432827     -4.89674526485404     -0.90480540442735       h
    4.04674531958504     -2.73121323292479     -4.48332326624775       h
    3.63321239405516     -3.94100985160735     -1.38847268053110       h
    5.76919874697846      1.26449530831480     -2.90330000874491       h
    7.31417476580499     -1.10377844767643     -1.10065000607499       h
    4.58488886455602     -1.23304006105861      3.67058739737337       c
   -0.05570100036942      0.17996901246389     -4.76824974644330       h
    3.05061039635563     -2.60086729469156      3.39459629819156       h
    4.48507919976394     -0.43776752925897      5.57121705405503       h
    6.40091699436168     -2.18742809957753      3.42153245439025       h
   -4.77688655072915      1.07464907533601      4.71645235333217       h
   -6.58927922541379     -1.62478009798668      3.78505321108014       h
   -6.85277337675236      1.28633090472705      2.04502306304443       h
$end
