$coord
   -4.58401864567504      3.54616801821621      0.16486329770383      al
   -0.42571712369928      6.37043741270430     -2.33652635707598      cl
    7.78869047622620     -2.31195027983593     -4.90897746206704       s
    4.70364756910301     -3.29877433347038     -2.32596581159395      al
   -4.03302004975996     -0.36063476695040      3.04234567914397      al
    1.05175598818370     -3.33530179462112      0.66444962669224      al
    1.09724509754133      1.70780691608195      0.52729217063817      al
    2.71256900599397      3.28440050963889      2.73430954918209       f
   -0.87936893488218     -0.94932470633716      2.08705038311201       o
    2.85788100822655     -0.73334431692752     -0.93255470977802       o
   -1.42969289857031      3.38158591175991     -1.13688229200486       n
    2.88233387532318     -5.89860889283414     -0.73860947185952       c
   -6.87083745776252      5.39764381966427     -0.18353964997879       h
   -4.15406078757661      2.80877723073529      3.53698054773727       h
    2.91373583230262     -7.93583116643082     -0.65366118023943       h
   -5.54197788862669     -2.17673508429408      4.83296833091294       h
   -5.48603575920361      0.32544882237645      0.18687067022093       h
    7.39687107080084      0.17823651155166     -4.56041369869110       h
$end
