$coord
    1.03096352059295     -0.74079909752161     -2.01065574782822      ti
   -2.27756085482405     -2.84633421467942     -4.20916746907943       c
    1.81599203603666     -3.93267993884435     -5.14170554926754       c
    1.10105932075386     -5.22560088549027     -2.92516716358346       c
   -1.43337125047438     -4.56548666847609     -2.36099547581729       c
   -0.26074989105852     -2.45056660445920     -5.93938691495987       c
    1.62240509019164      3.46939487078941     -0.39904704093912       c
    2.70952843665738      3.37281928328921     -2.82736079745746       c
    0.75360236996986      2.89278179312810     -4.58762783360291       c
   -1.56320545087272      2.75183354646547     -3.23865042910328       c
   -1.02533156981991      3.09832938254183     -0.65960720349460       c
   -4.14847324536752     -2.03557915673021     -4.32407340000093       h
    3.63749810393611     -4.04457118967718     -6.06093957958403       h
    2.28113092542112     -6.51564585794518     -1.86836333897223       h
   -2.55073588413303     -5.26257451097934     -0.79531750728144       h
   -0.34272904498959     -1.31071989908063     -7.63058861860086       h
    2.63201867398670      3.80808424823964      1.34401611752867       h
    4.68045099193488      3.63558626801453     -3.28541434770544       h
    0.98017486328783      2.78906700929684     -6.61443525960188       h
   -3.41321879327193      2.46570123202898     -4.05406044941843       h
   -2.40054593185164      3.11780301026931      0.85347269497058       h
    5.08846818484846     -1.29025000773957     -1.56313836559525       c
    5.32807317439375     -3.32109558949699     -1.23401459282174       h
    5.88343269128958     -0.95102130245300     -3.45542015711571       h
    6.57101351062599      0.19731235192963      0.41649318150611       c
    6.83972103840071      2.18225176177344     -0.08796561732533       h
    5.68976864461863      0.16659825526003      2.29177310707178       h
    8.46455083618451     -0.61708269648330      0.64727050442683       h
   -0.05282559309624     -1.22257267907460      2.93488281251459       c
    1.42411726163581     -3.26835144359678      2.68331415583879       c
    0.68567200697663      0.52775496456641      3.70210802915351       h
    3.42630231210466     -3.20388967290765      3.12376641900484       h
   -2.09088766098328     -1.34336869735794      2.67065185695953       h
    0.64736272306178     -5.10101974577674      2.20375325460663       h
$end
