$coord
   -3.02149859846819     -3.02147989017954      0.00000000000000      au
   -3.02146250469918      3.02150067716692     -0.00000000000000      au
    3.02145248915071      3.02152618846962     -0.00000000000000      au
    3.02148801600188     -3.02150502353701      0.00000000000000      au
   -6.09264578246973      0.00000434637009      0.00000000000000       s
   -0.00001568472685      6.09273441062504     -0.00000000000000       s
    6.09260949972812      0.00000396842486     -0.00000000000000       s
   -0.00001549575423     -6.09263538897604      0.00000000000000       s
   -5.12787615553292     -5.12790450142481     -0.00000000000000       h
   -5.12793492601543      5.12782966827022      0.00000000000000       h
    5.12797933457939      5.12780283415923      0.00000000000000       h
    5.12791980820643     -5.12787728936859     -0.00000000000000       h
$end
