$coord
    3.32630121805603      0.00000000000000      0.00000000000000       y
   -0.00000000000000     -2.33464551266286      0.00000000000000       h
    5.33868304172766     -0.00000000000000      3.14206388119155       h
    5.33868304172766      0.00000000000000     -3.14206388119155       h
   -3.32630121805603     -0.00000000000000      0.00000000000000       y
   -5.33868304172766      0.00000000000000      3.14206388119155       h
   -0.00000000000000      2.33464551266286      0.00000000000000       h
   -5.33868304172766      0.00000000000000     -3.14206388119155       h
$end
