$coord
    0.00001398397333     -0.00000000000000     -1.56351952335484       p
   -0.00005329027675      0.00000000000000      2.08791531075984       b
    1.17590267986089      2.03671941747458     -2.81655024120898       h
    1.17590267986089     -2.03671941747458     -2.81655024120898       h
   -2.35179704492683      0.00000000000000     -2.81654570586628       h
    2.21593235051550      0.00000000000000      2.64173054346558       h
   -1.10795077398982      1.91908869045214      2.64175983422053       h
   -1.10795077398982     -1.91908869045214      2.64175983422053       h
$end
