$coord
    1.31234222895972      1.82375011767396     -1.17079021479986      tc
   -1.92367751240368     -2.98581093160780      0.87624276095209      tc
   -0.55411777785850      4.50658012567930      1.63590302596378       n
    1.45290705019141     -4.66032370794045      0.91042941835066       c
   -1.72239597971919     -0.91078147432792      4.27981374646081       c
   -3.59439023846974     -5.86183009810865      2.42261169690603       c
   -2.32976378316180     -4.64799967003773     -2.39326065969104       c
    2.73366061723045     -0.72767797313899     -3.39875785306604       c
   -0.20924559446952      3.54498108123653     -4.12709363986945       c
    3.15544711058784      0.35551417606703      1.87965879894462       c
   -2.65080576421264      0.27406017702635     -1.02330049217978       c
    4.22987924536460      3.99250847901797     -1.61428890545348       c
   -1.03517628704544      3.49904372884184      3.22841926288500       h
    0.56930645159548      5.95738050918554      2.19310823836678       h
   -2.17422174854662      5.27721818770161      0.95296431885566       h
    3.42994457023973     -5.63553596144904      0.92557103790711       n
   -1.73602789707365      0.63312099108649      5.85801738667702       n
   -4.63879046770835     -7.54620384331152      3.28527261824600       o
   -2.59166980866416     -5.61431452602770     -4.31904124830025       o
    3.56130982674527     -2.19654999655990     -4.75015089447242       o
   -1.01051384932144      4.56711013219086     -5.85278454606177       o
    4.42711109496127     -0.15173253571796      3.53219084789855       o
   -4.62842097353765      1.20303234401487     -1.40975666588720       o
    5.92731250987839      5.30446255823143     -1.92097822760543       o
$end
