$coord
   -0.99256598646802     -0.46194789784825     -1.53436558457479      tc
   -3.54635075473259     -0.69408468974395     -4.24456222839029       c
    2.16444997474955     -0.27016242791905      1.49652986602709       c
    0.66144061578195      2.70511346950943     -2.68214120283244       c
   -2.04594865090090     -3.52108284875785      0.36522963602555       c
   -3.25375009673973      1.58763356255710      0.66026709585777       c
    1.55718780699738     -2.49594497586585     -3.41306837107231       c
   -2.54018988954218     -5.23622322501661      1.58631358885815       o
   -4.54184997409324      2.76664956621042      1.93400373184609       o
    1.71295604182983      4.52841364339281     -3.17846794322627       o
    3.08105577397013     -3.65339618086076     -4.41593846718707       o
   -5.01218561032394     -0.83849567055969     -5.83879206896249       o
    1.68388903045157      1.52435532734063      3.69787731030283       c
    3.89945364026296      0.26709200090968      0.50723216089383       h
    2.45394675758061     -2.19559700767460      2.19114519086719       h
    1.41132268192774      3.47839884886152      3.06841218337952       h
    3.29525982082142      1.52626036024816      5.00887972343928       h
    0.01187862945484      0.98301852316210      4.79144537874837       h
$end
