$coord
   -0.00024056213583     -0.00000000000000     -3.08088702142709       b
    0.00027287645258      0.00000000000000      0.10434217290506       n
   -1.25821121305570      2.17858172466432     -3.77036399195824       f
   -1.25821121305570     -2.17858172466432     -3.77036399195824       f
    2.51528802351803      0.00000000000000     -3.77124819481255       f
    1.32985167535193     -2.30314547889749      1.03224003059100       c
    3.26380400664740     -2.29054327330904      0.31407663952335       h
    0.35201515917230     -3.97157938422832      0.31374726025960       h
    1.34067054639537     -2.32225495640051      3.10339743903890       h
   -2.65935242856228     -0.00000000000000      1.03187399064041       c
   -3.61528512921651      1.68111510147135      0.31333435510109       h
   -2.68165837780727      0.00000000000000      3.10305558758273       h
   -3.61528512921651     -1.68111510147135      0.31333435510109       h
    1.32985167535193      2.30314547889749      1.03224003059100       c
    0.35201515917230      3.97157938422832      0.31374726025960       h
    3.26380400664740      2.29054327330904      0.31407663952335       h
    1.34067054639537      2.32225495640051      3.10339743903890       h
$end
