$coord
    0.17473692773909      1.04506087749222     -3.63896963367035       y
   -0.16806109225410      1.82144578563603      1.67925863452525      cl
   -4.76629123428641      6.33241744585933     -1.27170196786856       y
    0.48511329453530     -4.96082701161925     -1.16486762414865       y
    5.89384905066820     -0.70638038175478     -1.14731471405554       y
   -4.83817698303378      2.74119287659571      2.64052754381383       p
    6.75745011075580     -1.06767277339700      3.24121535437397       f
   -2.52353403244104      4.37604219127168     -4.03187260805631       f
   -1.71921009044352     -8.00162859554574     -0.23672353514850       f
    3.89164075656801      1.25042043915642     -4.01979933681050       o
    4.52217093313588     -4.92863628295486     -1.55745614810725       o
    0.68124456763624     -1.02247430391754      0.30517848611429       c
    6.96397449960401      1.73478993748857      2.53541379573156       c
    8.89630657971912      2.21546483227195      3.11806794987216       h
   -0.68794270188952     -2.91125707854327     -4.58905268710184       h
   -3.02971418280057      9.55284713565660     -0.21502551079822       h
   -8.21736048596982      6.95561964245615     -2.77039840489900       h
    5.98294944853214     -5.80128478481547     -2.19541086965120       h
    9.21587797589878     -2.11311008433350     -2.70497986587232       h
   -5.33616025734957      0.83301622068501      0.78726425042327       h
    5.64020056141823      2.64273833440852      3.84604752330084       h
$end
