$coord
   -6.02239143428686     -0.34659655847887     -0.96963926219067      pd
    2.93589306010150     -1.79577121059900     -0.48499424178937      pd
    6.75092583130611     -0.80212108825255      1.57454664221735       s
   -7.24544183612609      1.97593864430611      2.49662111987370       p
   -1.56783905933344     -0.79355949506651     -1.48932585208990       p
   -0.11844501001010      0.35125643413275      3.52797260124030       f
    5.59446881122603      3.76317566274790     -0.65896167304999       f
    5.96108172677575     -3.79849823452075     -3.13082870348258       f
    7.21770197940605     -3.04776654750875     -2.08980560380358       h
    0.22164503244466     -0.37498100078046      1.19142829176612       c
    7.30452091091818      2.41016407091468      0.61276864071046       b
   -9.74564890029630      2.14547561266454      3.43721453561871       h
   -6.75899552878157      4.60399191699020      2.45494169838590       h
   -6.07360036668238      1.47701768788664      4.84594451330171       h
   -7.16387879988794     -1.92405791427282     -3.90244091932280       h
    9.25346557340615      3.42756162559496      1.15139538865183       h
   -8.43825945453998     -1.29175271795489     -3.32634978401747       h
   -3.54048580072822     -2.37639088559245      0.03636324395039       h
$end
