$coord
    0.00000000000000      0.00000000000000      4.17525198737992      au
   -3.20496436015546      1.29868291057643     -0.26976067214469       b
   -2.88474970120254     -1.22441629588303     -1.14919650333172       n
   -1.29213085215269     -3.20728947918077     -0.26937119959014       b
    1.16279818506817     -2.73894655914984      0.98978960084384       n
    3.20496436015546     -1.29868291057643     -0.26976067214469       b
    2.88474970120254      1.22441629588303     -1.14919650333172       n
    1.29213085215269      3.20728947918077     -0.26937119959014       b
   -1.16279818506817      2.73894655914984      0.98978960084384       n
   -5.19151608432989      2.33040950257903     -0.50358536741605       h
   -4.42707651297317     -1.87924683864917     -2.08181546379802       h
   -1.93001149643250     -5.35305176329861     -0.50259628476175       h
    1.86081123748265     -4.38366610235404      1.69894391157883       h
    5.19151608432989     -2.33040950257903     -0.50358536741605       h
    4.42707651297317      1.87924683864917     -2.08181546379802       h
    1.93001149643250      5.35305176329861     -0.50259628476175       h
   -1.86081123748265      4.38366610235404      1.69894391157883       h
$end
