$coord
    0.75452663501805     -5.71027066130382      0.25932220297040      bi
    2.39659394760453      2.64382228131435      0.27990132048153       c
    4.11592668127362      3.76030497979003      0.39797934567798       h
    2.53772795434534      0.01345692871520      0.31685907227114       c
    4.38248861400499     -0.88306486123923      0.47016404909847       h
    0.34791313067079     -1.44544660041894      0.16183520055968       c
   -1.99166588998898     -0.24261645709954     -0.01620799200930       c
   -3.71915865004235     -1.34636693682930     -0.13511239444060       h
   -2.13246673801379      2.38562068593661     -0.04773353707737       c
   -3.96354955997411      3.30492199050319     -0.18708591002667       h
    0.06006343313108      3.83215746935758      0.09866449075977       c
   -0.05446757612704      5.88155978372619      0.07451341292544       h
   -2.45662790100805     -6.13533488462660      1.29335747338101       h
   -0.27730408089409     -6.05874371782572     -2.96645673457148       h
$end
