$coord
    0.00032106446879      0.00000000000000     -0.00000000000000      rh
    1.83858201111838      3.18535372728385      0.00000000000000       b
    1.83858201111838     -3.18535372728385      0.00000000000000       b
   -3.67736112067168      0.00000000000000     -0.00000000000000       b
    0.00022922377907     -0.00000000000000      3.68004169718128       b
    0.00022922377907     -0.00000000000000     -3.68004169718128       b
    3.02654133263517      5.24380726287772      0.00000000000000       f
    3.02654133263517     -5.24380726287772      0.00000000000000       f
   -6.05374690400360     -0.00000000000000     -0.00000000000000       f
    0.00004081808432     -0.00000000000000      6.05370268441225       f
    0.00004081808432     -0.00000000000000     -6.05370268441225       f
$end
