$coord
   -1.79090459890695     -5.42926611870999      0.00000000000000      he
   -2.24251342717513      0.29404308594476      2.64420136037520       c
   -4.48209683399204      0.28233377595080      1.33374470014391       c
   -4.48209683399204      0.28233377595080     -1.33374470014391       c
   -2.24251342717513      0.29404308594476     -2.64420136037520       c
    0.09941603484004      0.30501275713305     -1.35168027977752       c
    0.09941603484004      0.30501275713305      1.35168027977752       c
    2.44147040775214      0.31232202881545     -2.64421458845808       c
    2.44147040775214      0.31232202881545      2.64421458845808       c
    4.68119233149408      0.31915565643195      1.33381140747616       c
    4.68119233149408      0.31915565643195     -1.33381140747616       c
   -2.23856087601018      0.29284216499175      4.69890189988302       h
   -6.26667122832242      0.27237718693862      2.34762944292875       h
   -6.26667122832242      0.27237718693862     -2.34762944292875       h
   -2.23856087601018      0.29284216499175     -4.69890189988302       h
    2.43746853473531      0.31202326311494     -4.69891512796590       h
    2.43746853473531      0.31202326311494      4.69891512796590       h
    6.46574745061798      0.32452304554737      2.34773659040009       h
    6.46574745061798      0.32452304554737     -2.34773659040009       h
$end
