$coord
    1.68617937851617     -1.55663336135203      1.92289157530791      po
    3.59025287208968      0.27999108247251     -3.50370643908490      cl
   -2.14484142057668      2.06727156461520      0.26705666303113      po
   -0.02777217103679      2.54797026994776     -5.83708337859944       f
    0.28934390398747     -2.48440630814105      5.55947769741566       o
    0.07275294406655      0.52907248162139     -4.40136546622191       c
   -4.39660789172732     -0.15881995355318     -0.72083603072752       h
    0.93069238468093     -1.22444596458321      6.71356537887907       h
$end
