$coord
    0.00000000000000      0.00000000000000      0.00000000000000      sn
   -2.44905898095595     -2.44905898095595      1.73207043262077       n
   -2.44905898095595      2.44905898095595     -1.73207043262077       n
    2.44905898095595      2.44905898095595      1.73207043262077       n
    2.44905898095595     -2.44905898095595     -1.73207043262077       n
    3.70663789164992      1.52832583090377      2.85046534496326       h
    1.52832583090377      3.70663789164992      2.85046534496326       h
   -1.52832583090377      3.70663789164992     -2.85046534496326       h
   -3.70663789164992      1.52832583090377     -2.85046534496326       h
    1.52832583090377     -3.70663789164992     -2.85046534496326       h
    3.70663789164992     -1.52832583090377     -2.85046534496326       h
   -1.52832583090377     -3.70663789164992      2.85046534496326       h
   -3.70663789164992     -1.52832583090377      2.85046534496326       h
$end
