$coord
    0.00000000000000      0.00000000000000      1.07966913278949      pb
    0.00000000000000     -3.88481449888339     -2.20443261114890       c
    1.33294288934869     -5.23137248702402      1.69637558480111       c
   -1.33294288934869     -5.23137248702402      1.69637558480111       c
   -2.16953484980915     -4.39834568387271     -0.70714779953451       c
    2.16953484980915     -4.39834568387271     -0.70714779953451       c
    0.00000000000000     -3.30559019766131     -4.16742625354731       h
    2.53631009283307     -5.79224546886480      3.25385932290981       h
   -2.53631009283307     -5.79224546886480      3.25385932290981       h
   -4.11506307643408     -4.25762533818086     -1.32707491178252       h
    4.11506307643408     -4.25762533818086     -1.32707491178252       h
    0.00000000000000      3.88481449888339     -2.20443261114890       c
    1.33294288934869      5.23137248702402      1.69637558480111       c
   -1.33294288934869      5.23137248702402      1.69637558480111       c
   -2.16953484980915      4.39834568387271     -0.70714779953451       c
    2.16953484980915      4.39834568387271     -0.70714779953451       c
    0.00000000000000      3.30559019766131     -4.16742625354731       h
    2.53631009283307      5.79224546886480      3.25385932290981       h
   -2.53631009283307      5.79224546886480      3.25385932290981       h
   -4.11506307643408      4.25762533818086     -1.32707491178252       h
    4.11506307643408      4.25762533818086     -1.32707491178252       h
$end
