$coord
   -0.00000000000000     -0.00000000000000      5.43451974631262      rb
   -2.28506023295472      1.31934082966702     -0.41735055024944       c
   -2.28506023295472     -1.31934082966702     -0.41735055024944       c
   -0.00000000000000     -2.63864254200323     -0.41734374723538       c
    2.28506023295472     -1.31934082966702     -0.41735055024944       c
    2.28506023295472      1.31934082966702     -0.41735055024944       c
    0.00000000000000      2.63864254200323     -0.41734374723538       c
    4.06273240261022      2.34561801844033     -0.48839707162429       h
   -0.00000000000000      4.69122035215382     -0.48842107114609       h
   -4.06273240261022      2.34561801844033     -0.48839707162429       h
   -4.06273240261022     -2.34561801844033     -0.48839707162429       h
   -0.00000000000000     -4.69122035215382     -0.48842107114609       h
    4.06273240261022     -2.34561801844033     -0.48839707162429       h
$end
