$coord
    0.00000000000000     -0.00004365267351     -2.36912658939185      si
    0.00000000000000     -0.00008881712792      2.01503046380970       p
    2.10661377283047      1.21628915073334      3.07581310677903       h
   -0.00000000000000     -2.43254296358813      3.07609580980746       h
   -2.10661377283047      1.21628915073334      3.07581310677903       h
    2.35701741334965     -1.36078894867701     -2.95793199104490       h
   -0.00000000000000      2.72167502927688     -2.95776229363879       h
   -2.35701741334965     -1.36078894867701     -2.95793199104490       h
$end
