$coord
    0.62738831791093     -1.31366806080966     -3.17061537528267       s
   -0.10057859435270     -1.06889467031001      0.75758137730058       p
   -2.30173536526234     -3.68257770964225      2.05349810677390       s
   -1.13966491372526      1.79437413607412      1.31053470592029       o
   -2.94852021007482      1.73590241925889      1.60419795691375       h
    3.67756067575058     -0.67093894620860      2.11644167149348       s
    5.28145684340202     -0.65978634953133     -0.98536046074993       c
    6.99725068695512      0.47486984509720     -0.73504034612552       h
    5.80548621291120     -2.59721445409018     -1.47929575273142       h
    3.59709708217249      0.49863806441842     -3.00310079182419       c
    4.48479630776290      0.33958000537338     -4.86791616999503       h
    3.18867718862148      2.48842197615861     -2.61256885680841       h
$end
