$coord
    2.17022875724258      5.22924560026931      0.54200444441882      na
    0.31148639192257     -1.93647265902959     -1.44237957491659      na
   -3.00204405697458      1.92718238744940      2.54353810629206      si
   -3.99671803293605      0.80564788412133      6.22843866728828       p
    2.29881800606916     -7.53852097277402     -4.55681925062701       c
   -1.42239061887457      2.23236389712549     -0.19803252655622       c
    1.61018498722585     -5.60628356793782     -3.46112939768730       c
   -2.28806981078284      2.99571441931585     -1.91343916522612       h
    4.87234927851379      7.79340590982818      0.68787826222863       h
   -3.45600049200897      3.31173502010492      7.07366384155494       h
    2.90215596854828     -9.21401754052782     -5.50372378471472       h
$end
