$coord
    0.00000000000000      0.00000000000000      0.00000000000000      ba
    0.00000000000000      0.00000000000000      5.31023529360086       c
    0.00000000000000      0.00000000000000     -5.31023529360086       c
   -1.90313316585326      0.00000000000000     -6.17131092369380       h
    0.95156667741294      1.64816167934254     -6.17131092369380       h
    0.95156667741294     -1.64816167934254     -6.17131092369380       h
   -1.90313316585326      0.00000000000000      6.17131092369380       h
    0.95156667741294     -1.64816167934254      6.17131092369380       h
    0.95156667741294      1.64816167934254      6.17131092369380       h
$end
