$coord
    0.00000000000000      0.00000000000000      1.94311088896468      al
    0.00000000000000      0.00000000000000     -1.83980126241481       n
    0.89496616740758      1.55012665635531     -2.53964224691089       h
    0.89496616740758     -1.55012665635531     -2.53964224691089       h
   -1.78993214584256      0.00000000000000     -2.53964224691089       h
    3.11453472893455      0.00000000000000      2.50520557874586       f
   -1.55726736446728      2.69726619279898      2.50520557874586       f
   -1.55726736446728     -2.69726619279898      2.50520557874586       f
$end
