$coord
    2.36622491492552      0.64574303879926      0.55394335613708      ti
    5.24963593414047     -1.45788836825930      0.03249724224201       n
    3.95907676720670      3.88276830343426      0.71848067608419       n
   -0.83244609031283      2.61683548045548      1.78608560831327       o
   -0.45015789654871     -2.29020576822295      0.54339074750478       o
    5.82358449796425     -2.10286512311451     -1.67532857110120       h
    5.77827340080768      4.21692441688105      0.24074279364570       h
   -1.54575855441527     -3.33186476074332     -1.28323439949714       c
   -2.84774489523241     -4.89492262400560     -0.82855627805526       h
   -1.26679888446228     -2.67228231266097     -3.84316304534226       c
   -1.74150942564707      2.85875973087510      3.98319175127202       c
   -3.45174445082820      4.03320392011201      4.15148282319564       h
   -0.77593779894242      1.76698236690647      6.18154908189874       c
    1.57853566509653      0.73927956874377     -3.16596041291672       o
    2.68709776548808     -0.38112714603236      4.28118871119003       o
    0.25271553146161     -0.68604484994127     -4.60052464749439       c
    1.35572599444047      0.22035132593886      6.17960984494833       c
   -2.31632934218750     -3.71484799577654     -5.26004473461458       h
    0.34654440203780     -0.23771223985758     -6.62769716858089       h
    1.97279054955296     -0.57400960197764      8.00003914690124       h
   -1.73181116219630      2.11763711224073      7.95862372015323       h
    6.25026670479603     -2.28624981555098      1.43611381000091       h
    3.02882733432968      5.52252901631146      1.03834743645732       h
$end
