$coord
    3.01691695747592      3.01691695747592     -3.01691695747592      xe
   -5.06244382150552      5.06244382150552     -5.06244382150552      xe
   -3.01691695747592     -3.01691695747592     -3.01691695747592      xe
    5.06244382150552     -5.06244382150552     -5.06244382150552      xe
    5.06244382150552      5.06244382150552      5.06244382150552      xe
   -3.01691695747592      3.01691695747592      3.01691695747592      xe
   -5.06244382150552     -5.06244382150552      5.06244382150552      xe
    3.01691695747592     -3.01691695747592      3.01691695747592      xe
$end
