$coord
    1.56610466869508     -2.95145079735087     -2.63384679504090      in
    5.28268932278134     -0.59897647458052     -0.40864231431603       p
   -0.35962603114439      1.00289560741746     -4.71256254107460       p
   -3.75764197773340      3.23485793774119     -1.63436384403422      in
   -0.13216650038293      4.30335349789341      1.78831850870364       p
    4.44601005697386      2.88488897401802      3.04870063913279      in
   -1.48347544897670     -3.40950245787272      1.11000509526130       p
   -5.74666508573530     -4.02208061418969     -4.24360357032662       p
    3.79448313342103      0.12824210613725      6.90870662446265       p
   -5.94218918983198     -1.31466470236846     -0.21463301468187      in
    6.97519739409317      0.27748266001298     -2.27833677637135       h
    6.87335665166097     -2.43536848209158      0.69644401281214       h
    2.43587247204936     -5.51626003886138     -4.39770015342809       h
   -1.44042805474636      0.19078410405507     -7.01039222037991       h
    1.66857412300937      2.42841447892086     -5.71283445273884       h
   -4.29299345235335      6.18186315438087     -2.95229833951834       h
   -1.40026419361154      4.00496876617437      4.12285082677156       h
    0.05563656070853      6.96794141268752      1.88830977617641       h
    6.52038283442500      5.34532127166275      2.54859255676102       h
   -0.13678404617158     -2.62486908416194      3.28363139110565       h
   -1.56779918611219     -6.02528857341049      1.63559405574219       h
   -7.55831774366904     -2.56729460931130     -5.59112437392840       h
   -7.53059168194972     -5.87577193054776     -3.47594258284307       h
    3.35280727258846      2.23397356583954      8.52159788847341       h
    6.41727503062538      0.04447111389360      7.49836202492713       h
   -8.03944692861308     -1.88793088608817      2.21516738937973       h
$end
