$coord
    0.00000000000000      0.00000000000000      0.00006462863351      mo
   -2.32285003115756     -1.34117189073657      3.38626336186676       c
   -2.32286477102134      1.34134555656754      3.38596365130319       c
    0.00022298768286      2.68252179367420      3.38595798212481       c
    2.32319471720292      1.34134404478664      3.38540202469857       c
    2.32323118891715     -1.34117000101044      3.38573593930502       c
    0.00019558665403     -2.68230296338882      3.38616509610821       c
   -4.09953387404921      2.36751748759564      3.35557383163679       h
    0.00051646215021      4.73425603008218      3.35513050188765       h
    4.09986741071043      2.36750709410195      3.35348473940460       h
    4.10013064955977     -2.36701160791173      3.35545288916473       h
    0.00013606028107     -4.73403020781014      3.35523821627683       h
   -4.09958451870939     -2.36733739669584      3.35663661361000       h
   -2.32321720494382      1.34116168621549     -3.38574727766177       c
   -0.00019539768142      2.68228652277152     -3.38617624549236       c
    2.32283548026639      1.34116338696900     -3.38627432227829       c
    2.32285059807540     -1.34133705279997     -3.38597461171472       c
   -0.00022317665547     -2.68250535305690     -3.38596932048157       c
   -2.32318016631175     -1.34133572999169     -3.38541336305533       c
    4.09957355829786      2.36733097162701     -3.35663623566478       h
   -0.00013606028107      4.73401716869987     -3.35523783833161       h
    4.09952272466507     -2.36751106252681     -3.35557345369157       h
   -0.00051646215021     -4.73424299097191     -3.35513012394243       h
   -4.09985626132629     -2.36750066903312     -3.35348417248676       h
   -4.10011931120302      2.36700518284291     -3.35545251121951       h
$end
