$coord
   -1.04247799982333     -0.81064243027210      0.00001152732937      ru
   -1.11190313618216      0.21670453246109      4.24869392559198       p
   -1.11190124645603      0.21667958807623     -4.24867465038549       p
   -0.26299583055916      3.17144383121627      0.00001492883639       p
   -0.43993598998845      7.63868061484461      2.37551669828661       c
   -0.49210943859864      5.00638074961038      2.70107191224395       c
   -0.49209753332404      5.00639189899452     -2.70106208566809       c
   -0.76778344173651      3.39891753492368     -4.86152719493594       c
   -0.76777663872246      3.39891772389629      4.86151793527793       c
   -0.43993013183746      7.63869497676317     -2.37550403712156       c
   -0.38073257121727      8.81350747362202      0.00001114938414       c
   -0.83010490861544      4.15901829509531     -6.77059617952329       h
   -0.83011019984859      4.15900771262901      6.77057331383717       h
   -1.26754154682976     -0.92139795570327      6.66571845823415       h
    1.87968090874029     -1.21845307612012     -0.00001096041153       h
   -1.26755005059733     -0.92140475871732     -6.66572374946730       h
   -0.35054533019157     10.86615595952972     -0.00000623609622       h
   -0.50601971261144      8.84294770591016      4.04194276960866       h
   -0.50601914569361      8.84294751693754     -4.04195977714379       h
   -3.64653382940714     -4.35611106084912     -0.00001719650775      cl
$end
