$coord
    1.73811037526440     -0.21849977228070     -0.08594209858971      au
   -1.91924686052888     -0.63321358766666      0.21474620927681       c
   -3.19223497599873     -3.11296474446915      0.61066291888836       c
   -3.42063483448045      1.34071722263068      0.06958481821646       n
   -5.26069328862099     -3.00041983736936      0.73923402634414       h
   -5.32668384774598      1.19236465106151      0.21739655016839       h
    4.93812932214835      4.37413470172019     -0.91021833594240       o
    6.28745953851569      2.50653764669201     -0.75134112368760       c
    5.56621532694497      0.17103193069663     -0.39408235246113       o
    8.37309281600588      2.65552270959552     -0.90864513894258       h
   -2.43628953460535     -3.97664914147891      2.33301449004359       h
   -2.66174255416633     -4.38192982198956     -0.93610191468896       h
   -2.68548167170521      3.08336804285779     -0.19830804862538       h
$end
