$coord
    3.87946940853626      5.38979011788500      2.26278225165639      os
    3.90502417493691      2.87145812352336     -1.41258464103462       s
    3.70975518386722      6.68004296021376      6.65754917219185       s
    6.82346088995034      2.95438497510657      8.25533755603174       f
    4.72845003553294      2.05753342794317      4.71261469751567       f
    1.16315307563462      7.82656002087155      1.48890085268418       f
    4.35735468961258      2.92013482291017      7.52105914748019       c
    1.89648114091745      0.33383334822449     -0.59575486948107       b
    6.80804733880437      5.84304584247191      2.72817474228694       h
    5.13335352670886      7.19963355202579      0.27911349365964       h
    0.90579240838291      0.17049827203868      1.43995316657092       h
    1.50242581153992     -1.26683800179309     -2.16536781472891       h
    1.23308881599266      6.49786504688129      7.25076840715718       h
$end
