$coord
    0.00000000000000      0.00000000000000      0.00000000000000      cd
    2.71312949876291     -2.71312949876291      2.71312949876291       b
   -2.71312949876291      2.71312949876291      2.71312949876291       b
    2.71312949876291      2.71312949876291     -2.71312949876291       b
   -2.71312949876291     -2.71312949876291     -2.71312949876291       b
    3.66080768672657     -0.89172849963607      3.66080768672657       h
    3.66080768672657     -3.66080768672657      0.89172849963607       h
    0.89172849963607     -3.66080768672657      3.66080768672657       h
    0.89172849963607      3.66080768672657     -3.66080768672657       h
    3.66080768672657      0.89172849963607     -3.66080768672657       h
    3.66080768672657      3.66080768672657     -0.89172849963607       h
   -3.66080768672657     -3.66080768672657     -0.89172849963607       h
   -0.89172849963607     -3.66080768672657     -3.66080768672657       h
   -3.66080768672657     -0.89172849963607     -3.66080768672657       h
   -3.66080768672657      0.89172849963607      3.66080768672657       h
   -0.89172849963607      3.66080768672657      3.66080768672657       h
   -3.66080768672657      3.66080768672657      0.89172849963607       h
$end
