$coord
   -4.64068926451966     -0.01784978606749      0.00000000000000      be
    1.34073120660401      1.23986461798972      2.45134498265046       c
    0.47533056032670     -1.42949750088889      2.39724004496698       c
    0.61705453956402     -2.78328614810508      0.00000000000000       c
    0.47533056032670     -1.42949750088889     -2.39724004496698       c
    1.34073120660401      1.23986461798972     -2.45134498265046       c
    0.51365137157092      2.53259829277657      0.00000000000000       c
   -2.19592941050015      2.53539414257985      0.00000000000000       f
    1.03519537327931      4.53293915951914      0.00000000000000       h
    3.41715981710751      1.43489890507457     -2.66922322400835       h
    0.28473032662368      2.56323132019537     -4.46025821401798       f
   -5.15542137046199     -0.52241346469892     -2.55907033223873       f
    0.77309281625986     -2.77804461474965     -4.52708894537855       f
    2.69036642476807     -3.17194460863963      0.00000000000000       h
   -0.29089612502729     -4.64392957790775      0.00000000000000       h
   -5.15542137046199     -0.52241346469892      2.55907033223873       f
    0.77309281625986     -2.77804461474965      4.52708894537855       f
    3.41715981710751      1.43489890507457      2.66922322400835       h
    0.28473032662368      2.56323132019537      4.46025821401798       f
$end
