$coord
   -0.00000000000000      0.00000000000000     -0.00000000000000       y
   -2.65982712776511      2.65982712776511      2.65982712776511       c
   -1.55021396170233      3.90781227686308      3.90781227686308       h
   -3.90781227686308      1.55021396170233      3.90781227686308       h
   -3.90781227686308      3.90781227686308      1.55021396170233       h
    2.65982712776511     -2.65982712776511      2.65982712776511       c
    3.90781227686308     -3.90781227686308      1.55021396170233       h
    1.55021396170233     -3.90781227686308      3.90781227686308       h
    3.90781227686308     -1.55021396170233      3.90781227686308       h
   -2.65982712776511     -2.65982712776511     -2.65982712776511       c
   -3.90781227686308     -1.55021396170233     -3.90781227686308       h
   -3.90781227686308     -3.90781227686308     -1.55021396170233       h
   -1.55021396170233     -3.90781227686308     -3.90781227686308       h
    2.65982712776511      2.65982712776511     -2.65982712776511       c
    1.55021396170233      3.90781227686308     -3.90781227686308       h
    3.90781227686308      3.90781227686308     -1.55021396170233       h
    3.90781227686308      1.55021396170233     -3.90781227686308       h
$end
