$coord
    0.00002078698738     -0.00008560459350      0.01134440387905       y
    0.12471833383027     -2.04506047962173      3.93848650031142       o
   -0.00007936849729      0.00019237411962      7.52605142595961       o
    2.80360996361660      0.45332923493321     -3.40007215758661       o
    4.45838209392018      0.11772483538351      0.34300059863388       o
    6.91235530766655      0.56383966288584     -2.94978594863395       o
    0.10873370744906     -4.46205609945417     -0.75076211160262       o
   -0.00002173185045     -0.00005499103026      5.26319566395692       n
    4.84155335670294      0.38391354720501     -2.04259230832868       n
   -0.74991324662687     -5.17151257739670     -2.19369386449320       h
   -0.13245449464452     -5.59869216014482      0.65525799881582       h
   -0.12470397191172      2.04472750987834      3.93810553152444       o
   -2.80346899004761     -0.45349061754436     -3.39981798942267       o
   -4.45868898544303     -0.11746273036985      0.34303347986847       o
   -6.91225590807233     -0.56385270199611     -2.95003973885266       o
   -0.10889962540291      4.46226396932802     -0.75079272516586       o
   -4.84157130910113     -0.38386498124358     -2.04253731729841       n
    0.74978077682544      5.17156189924859     -2.19381480696526       h
    0.13290292665419      5.59857972144033      0.65543279848247       h
$end
