$coord
   -0.00033561535996     -3.36316032614186      0.00021070446304      au
   -0.00021391699745      3.36341827375805      0.00023867240970      au
    0.00041441693941      0.00023130247781      3.71176452965690      cl
    0.00030783638591     -0.00013379260971     -3.71322698870574      cl
   -3.84345255138475     -5.07448685713332      1.29342380276803       c
    3.84358936755626     -5.07451841555962      1.29347388051037       c
    3.84355799810257      5.07434607253694      1.29336389844984       c
   -3.84345708672745      5.07429410506848      1.29340320475326       c
    3.84272840833330      5.07366728291251     -1.29339810249272       c
    4.63682023924948      3.51040003799548      2.35936350833496       h
    4.63590523385931      3.50933366554263     -2.35887142365177       h
    3.35873572139066      6.76309207707731     -2.35357660001959       h
   -3.84267001579601      5.07367673154314     -1.29341775564443       c
   -4.63675296499939      3.51035430662323      2.35936313038974       h
   -4.63586914009031      3.50939243602515     -2.35890298207808       h
   -3.35886233304110      6.76321963359081     -2.35353880549708       h
    3.84273596723780     -5.07357222968838     -1.29327111289706       c
    4.63673387876552     -3.51067385931112      2.35966567554249       h
    4.63535362280316     -3.50880756578918     -2.35854960329253       h
    3.35891071002992     -6.76292691501391     -2.35362648878932       h
   -3.84276903744501     -5.07364385030855     -1.29341246441128       c
   -4.63668077746138     -3.51067253650284      2.35957307896232       h
   -4.63546700637071     -3.50899956196357     -2.35869265556026       h
   -3.35906188811999     -6.76316539845100     -2.35367864523039       h
   -3.36075092533133     -6.76462483393804      2.35303783910110       h
    3.36066739943656     -6.76462426702020      2.35304407519731       h
    3.36042891599948      6.76428713987934      2.35308942862433       h
   -3.36054607901928      6.76429715542780      2.35314838807946       h
$end
