$coord
   -2.37391591128535      0.77246070287075     -2.29452020194101      ta
    2.37391780101148     -0.77244841965093     -2.29452057988624      ta
   -0.88488353366280     -2.71973333568251      0.89971504916199       s
    0.88486444742893      2.71974316225837      0.89975548930108       s
    0.46003643987189      1.17589077458630      3.90352562211907       c
   -0.46002340076162     -1.17588151492828      3.90356757403906       c
   -1.15542693036884     -2.73269326642660      6.19774290096210       c
    1.15544809530145      2.73273597423705      6.19779826993758       c
    2.93662325027655      4.46466486637099      5.61449027055741       f
    2.10925693276278      1.31204818757453      8.08510649126727       f
   -0.86081371405189      4.01016740274675      7.11348112691827       f
   -2.93665896610033     -4.46469018870108      5.61446475925471       f
   -2.10927658591449     -1.31201095996985      8.08513256948780       f
    0.86083639076540     -4.01021237822854      7.11350758308403       f
   -0.82232849663472     -3.04309495555290     -4.57031208413860       s
    0.82230147355112      3.04310156959434     -4.57032946961896       s
   -6.81315432365964      0.36696969584228     -1.00037150023108       c
   -6.05965947910634      2.87266679235349     -0.39707341097322       c
   -5.53455957974683      4.15466285432032     -2.69401775358855       c
   -5.90831887258689      3.66502215393257      1.48297410463550       h
   -5.94551605267664      2.43779262276590     -4.71142454800158       c
   -6.74271138080940      0.09423875217290     -3.66743174371571       c
   -7.20341564989419     -1.59664547747894     -4.71858642104615       h
   -7.32103295986114     -1.08997985647766      0.34228854982964       h
   -4.88167054160245      6.08337421917819     -2.87559473401297       h
   -5.67011341421045      2.83888774888028     -6.69792335984448       h
    6.81318493722288     -0.36695873543075     -1.00036772077883       c
    6.05967346307967     -2.87266735927133     -0.39708758391916       c
    5.53456298125386     -4.15469441274662     -2.69400868290314       c
    5.90830110916130     -3.66501913037077      1.48296333319658       h
    5.94552002110151     -2.43778204029959     -4.71146612197635       c
    6.74273141190633     -0.09427597977758     -3.66741738179716       c
    7.20343133462103      1.59663206042345     -4.71859511378633       h
    7.32104543205357      1.08995075469533      0.34226247160910       h
    4.88164276262839     -6.08333982616270     -2.87560002524612       h
    5.67010131996324     -2.83888207970190     -6.69789199039079       h
$end
