$coord
   -0.25877966259965      0.05126505726146     -1.15861244169928      cr
    2.95961120168038     -1.88264532211401      1.74445513073213      si
    6.25130510930221     -0.98574105159169      0.58228187809380       c
    6.31513873502709      1.88975390488183      0.07434163682060       c
    3.20125747338688      2.88418467309090     -1.36933712480755      si
    7.71798183788266     -1.55329270350665      1.93320097618780       h
    6.61058267494899     -2.01826057267672     -1.18019500378328       h
    6.54347453179314      2.92309810244820      1.86051757404269       h
    7.90622029187352      2.44448130838855     -1.13300835344675       h
    3.02870204548753     -4.69467779507378      2.27478919351518       h
    2.25644278742181      0.40986628992778     -3.15814034826249       h
    3.48661556702958      4.81780308977991     -3.39730824415485       h
    2.61928721113123     -0.78140685532341      4.32469190736194       h
    0.65749316687754      3.98355438971559      0.93298670117040       c
   -3.17576771356496     -1.79742963424710      1.96043306349781      si
   -1.42020288293861      5.79761285798022     -0.00921846198740       c
   -4.51967970718409     -4.80589025628219      0.48690116442302       c
   -3.91964177343865      4.36679972976248     -0.30017373544243       c
   -2.24558479904757     -6.39338190040724     -0.41675226295797       c
   -3.50972767343988      1.80451176084916     -1.55142319745029       c
    0.17467872417441     -4.09573401275524     -1.67174149296900      si
   -1.64871933752230      7.38264199999059      1.30276415209056       h
   -5.70751903109189     -5.85290983490392      1.82416075516112       h
   -0.88892754757225      6.61413044677777     -1.84257972673773       h
   -5.71062215036324     -4.29295622474867     -1.13061558222612       h
   -4.78350059216982      4.03534365700438      1.55936911786451       h
   -1.38508175597077     -7.41047520918125      1.17616365103888       h
   -5.27777584588136      5.50846302886588     -1.37939689286621       h
   -2.73990616207658     -7.82821183047821     -1.83134133649435       h
    1.63405430689480      4.61813406039866      2.64804770893188       h
   -5.29923406398627     -0.17763274405443      2.89935482751185       h
   -2.25052095266105      2.06369166744228     -3.32913694108057       h
   -1.24243143298654     -2.09769275373528     -3.47382930211646       h
   -5.26953890764376      0.95761039950881     -2.23269781173194       h
    2.16814552316138     -5.45315074516056     -3.14375707580037       h
   -0.33614656197521      2.25286874839988      1.76133114092694       h
   -1.94169623998682     -2.68432175780913      4.36347532356178       h
$end
