$coord
   -2.75748420552716     -0.84068435135872      1.33639787562469       v
   -5.69434896280260     -1.36435127139695      1.73288849506068       o
    1.51861018197264     -0.29167355835549      1.42338839426905       n
   -2.61447124409936      2.62320121188321      1.96259491018585       o
    2.72679732091377      1.78361838188329      0.94067637472194       c
    2.68120446559183     -2.56762909083558      2.04375448989611       c
    5.24465404915474     -3.19471750921033      1.92457040799817       c
    6.02137268293238     -5.58247075108003      2.67496931423940       c
    6.62506610289578     -1.84796298955261      1.22230603871823       h
    4.25990321405302     -7.34485730404829      3.56128809489483       c
    8.00605679077658     -6.08792203407280      2.56343824520616       h
    1.71071142513748     -6.75213204349227      3.69128613454827       c
    4.89445453884421     -9.20597373230028      4.14955416871154       h
    0.90981809194893     -4.35342519310636      2.93120275985700       c
    0.31893191285865     -8.09753162951773      4.36738214335448       h
   -1.51871978608795     -3.68263421245342      3.03791446035133       o
    1.47909317409072      4.15680183532224      0.62696086186125       c
    4.79670958881731      1.81371453810972      0.83738866899514       h
    2.91222329551144      6.28325055151546     -0.09862745212770       c
   -1.12772940351402      4.48570696678297      1.21554384274928       c
   -2.18476604238396      6.91668296946750      1.04753963125158       c
    1.83344932598780      8.64571774603961     -0.28945993317160       c
    4.90613380219277      6.01987696470373     -0.52191949028961       h
   -0.73164035087979      8.95184959898442      0.29780760936019       c
    2.95976842689406     10.25594808669248     -0.87451876380742       h
   -1.59297884187684     10.81094420925430      0.16830373308866       h
   -4.16922243822999      7.12945479288796      1.51856331676472       h
   -2.23568357901087     -1.42134352162821     -2.80315227194891       s
   -5.40198848900035     -2.24028903055232     -4.07908269099680       c
   -5.27932107493452     -2.51051192970741     -6.93760299357174       c
   -6.70550607489730     -0.74572825914843     -3.50381963367984       h
   -5.99371616313450     -3.99675072519802     -3.16714810578685       h
   -4.67073912245601     -0.74953926982655     -7.83401139995862       h
   -7.15662470820842     -2.98940122227442     -7.66852865003072       h
   -3.97001790353048     -4.00923765749280     -7.49784839736611       h
$end
