$coord
    0.95281994377964     -0.62608440688406      0.00000000000000      zn
    3.29264821931541      1.84893034035646      0.00000000000000       f
    0.11090254612376     -3.92004957633662      0.00000000000000       f
   -1.57222303497294      0.86240864290216     -3.89171388896908       s
    0.56945366126069      1.87724599662706     -4.81962913213538       h
   -1.17724684205425     -1.39420913315891     -4.99902763628186       h
   -1.57222303497294      0.86240864290216      3.89171388896908       s
    0.56945366126069      1.87724599662706      4.81962913213538       h
   -1.17724684205425     -1.39420913315891      4.99902763628186       h
$end
