$coord
   -0.47954275986135      0.05432036646183      5.04810476863475      sr
    3.24975691646307      1.74018718427677     -0.21698723548952      sr
    2.20827688100683     -1.06829732788161     -3.82981912224938       o
   -1.83375470572974     -0.50373900215008      0.00597021174958       n
   -0.44785261964771     -2.34981680091949      0.77800459240632       n
   -1.84908397509050      0.32270475106902     -2.45405541683285       c
    0.04907732132550     -0.07679733592122     -4.25870361590830       c
    0.53131067324492     -3.22748214769916     -0.66192646436892       h
   -2.35829127773112     -0.54254263841948      8.76238168917604       h
   -3.40575966630775      1.57543670322265     -2.92626074809252       h
   -0.31562753775488      0.74373894445569     -6.14616679478031       h
    3.92724678725975     -0.43748633801143      3.35335397035669       h
    0.72424377385037      3.76977383048912      2.54610454334365       h
$end
