$coord
    1.02360549397650      2.19726053358324     -0.54384088026797       w
   -1.50785820723407     -3.32374366271723      0.76426061429260       w
   -0.66300946641168      6.21998818999844      0.17999320095830       n
    0.98080338619731     -5.91563249063937      0.07254753083666       c
   -0.19748545084277     -3.29148036856960      4.42384697102399       c
   -4.03009966700498     -5.91105444012675      1.77654891644626       c
   -2.72534563330385     -3.68527718341311     -2.90759422239342       c
    3.12650860058614     -0.84785661789699     -1.55215716707760       c
   -0.54368233224601      2.13068037990697     -4.09593999290296       c
    2.65082201585732      2.07895215077204      2.98012134418792       c
   -2.32134505327089      0.86340037117303      0.89203954855639       c
    4.07120498969573      4.23294343627776     -1.86599948056133       c
   -2.58048395280707      6.15497991051370      0.18649385883142       h
   -0.12392786139181      6.94219238244112      1.87275109406398       h
   -0.15790551508085      7.49573530561212     -1.16097875675415       h
    3.04120050511168     -7.96662822207735     -0.49533860260259       s
    0.55795316600364     -3.46297736086582      6.45483390429563       o
   -5.51769660866229     -7.39590447588744      2.36067157675931       o
   -3.35449045164881     -4.05882785048887     -4.95429347251153       o
    4.66788960443075     -2.19138254046860     -2.32272776587721       o
   -1.38761058747246      2.02878634719802     -6.09563514022831       o
    3.60336284708816      1.95569797674412      4.92900364571373       o
   -4.35554093047693      0.33637843137086      1.68922448319545       o
    5.74313451041426      5.41377149831322     -2.58783101901199       o
$end
