$coord
   -0.00325675400539     -0.00595698366670      3.83067838071884      pd
   -2.91973117740967      1.05572460202072      0.96483954680348       b
   -2.85213057162541     -1.13623732847809     -0.80008415246143       n
   -1.24662738087650     -3.24161351966870     -0.62325397509267       b
    1.05696199468797     -3.10697658032137      0.92732224710799       n
    2.92346433137140     -1.05986064559250      0.95606139100341       b
    2.85075031566305      1.13437292468226     -0.80187580180140       n
    1.24425048335534      3.24242818060158     -0.62550804041566       b
   -1.06529436409493      3.11301425529365      0.91235353749206       n
   -4.91637309423339      1.53901336598146      1.96086656667109       h
   -4.47648396945287     -1.42884214386842     -1.76736692617309       h
   -1.75157221726753     -5.19407345069608     -1.66184121779537       h
    1.70095174558761     -4.77416742380658      1.61080519534037       h
    4.92362548515940     -1.55099593037323      1.93953155870960       h
    4.48122793791934      1.43645263789529     -1.75613968531385       h
    1.76232967221187      5.19609961504828     -1.65592089481552       h
   -1.71209281493551      4.78161899186626      1.58953235936841       h
$end
