$coord
    0.00000000000000      0.00000000000000     -2.73625180969430      au
    0.00000000000000      0.00000000000000      2.73625180969430      au
   -5.64632195125788      5.64632195125788      0.00000000000000       h
   -5.64632195125788     -5.64632195125788      0.00000000000000       h
    5.64632195125788     -5.64632195125788      0.00000000000000       h
    5.64632195125788      5.64632195125788      0.00000000000000       h
   -3.35767652989709     -3.35767652989709     -2.93873974353757       s
   -3.35767652989709      3.35767652989709      2.93873974353757       s
   -3.35767652989709      3.35767652989709     -2.93873974353757       s
   -3.35767652989709     -3.35767652989709      2.93873974353757       s
   -4.18059273135696      4.18059273135696      0.00000000000000       c
   -4.18059273135696     -4.18059273135696      0.00000000000000       c
    3.35767652989709      3.35767652989709      2.93873974353757       s
    3.35767652989709     -3.35767652989709     -2.93873974353757       s
    3.35767652989709     -3.35767652989709      2.93873974353757       s
    3.35767652989709      3.35767652989709     -2.93873974353757       s
    4.18059273135696     -4.18059273135696      0.00000000000000       c
    4.18059273135696      4.18059273135696      0.00000000000000       c
$end
