$coord
   -6.59971637177979     -0.00000000000000      0.00000000000000       i
    1.32563323972107      2.29586247440824      0.00000000000000       c
    2.60206802667196     -0.00000000000000     -0.00000000000000       c
   -1.30111158659345      2.25346892541747     -0.00000000000000       c
    1.32563323972107     -2.29586247440824      0.00000000000000       c
   -1.30111158659345     -2.25346892541747     -0.00000000000000       c
   -2.65098661100289      0.00000000000000      0.00000000000000       c
   -2.56005695824907      4.43436896609305      0.00000000000000       f
   -2.56005695824907     -4.43436896609305     -0.00000000000000       f
    3.29963132426848     -5.71557814610105      0.00000000000000       i
    5.12044291781666      0.00000000000000      0.00000000000000       f
    3.29963132426848      5.71557814610105      0.00000000000000       i
$end
