$coord
   -0.26015991856201     -3.12332044363912      0.00000000000000      ga
    0.20511200754171      2.53869832871100      0.00000000000000       c
    0.38591835765199      3.69859219369626     -1.69444069422080       h
   -1.66122422221527      1.65024680314987      0.00000000000000       h
    0.38591835765199      3.69859219369626      1.69444069422080       h
   -1.72500512458123     -3.00091154410732     -2.55487835277363       h
    2.64979324895438     -3.61121352530563      0.00000000000000       h
   -1.72500512458123     -3.00091154410732      2.55487835277363       h
    1.74465185122184      1.15022753790602      0.00000000000000       h
$end
