$coord
   -1.20492584959303     -2.04821178690929     -1.30375871495062      ge
   -0.16135917854856     -3.89083365453963     -3.27280722882906       h
   -3.36653821159192     -0.47554504424199     -2.47145733780850       h
   -2.23567337448979     -3.45282650800790      1.00698384091824       h
    1.48096400295537     -0.09987561623387     -0.18358859388545       n
    0.85477868469619      1.94857729972909      1.57937527041427       c
    2.59122704583286      2.84168662224536      2.27574293829093       h
   -0.36016743767947      3.44555503084802      0.78452490343116       h
   -0.12324850484954      1.16126580615267      3.22790846991317       h
    2.52494263429529      0.57020766198493     -1.64292373646675       h
$end
