$coord
   -1.05576957750252      4.68734849229445      1.15394557405874      mn
   -0.57055102522200      8.02314482824272      1.75580992810488       c
    2.96553606000294      3.33257775441062      4.79578645760480       o
   -1.79969881737909      0.44998668736170      0.46768019307858       p
   -4.43508422743170      5.26004605742287      0.74508858685481       c
    3.58788674600743      6.46318724966260     -2.06161599226558       c
    2.26033826885775      2.25167103998128     -2.76177709636738       o
    1.71519782393299      4.29986033914967     -1.83380572833514       c
    1.49585391099185      3.86471650564391      3.28162204531597       c
    2.94930992662283      8.59601152385941     -2.55078123756005       o
   -6.58167383364746      5.58844776584367      0.72540142007510       o
   -0.33663864665840     10.12154301674080      2.26080975552617       o
    5.59463113870025      5.87704220444960     -1.84939086661334       h
   -2.58275389182951     -0.34354786331995     -1.95369581191372       h
    0.17653726981924     -1.29415267013479      0.85036107193166       h
   -3.69756134809458     -0.72848318544123      1.92789027885617       h
   -2.20185370190487      4.37983732825034      3.81792178450589       h
   -0.48297336867032      5.05828888067249     -1.95372340191516       h
$end
