$coord
   -2.07063300944796     -2.07063300944796     -2.07063300944796      zn
   -1.77737208114671      1.77737208114671     -1.77737208114671       f
   -3.98098606293786     -3.98098606293786     -3.98098606293786       f
    2.07063300944796      2.07063300944796     -2.07063300944796      zn
    3.98098606293786      3.98098606293786     -3.98098606293786       f
    1.77737208114671     -1.77737208114671     -1.77737208114671       f
   -2.07063300944796      2.07063300944796      2.07063300944796      zn
    1.77737208114671      1.77737208114671      1.77737208114671       f
   -3.98098606293786      3.98098606293786      3.98098606293786       f
    2.07063300944796     -2.07063300944796      2.07063300944796      zn
    3.98098606293786     -3.98098606293786      3.98098606293786       f
   -1.77737208114671     -1.77737208114671      1.77737208114671       f
$end
