$coord
   -0.00002286568612     -0.00001322808288     -0.00008768329224       w
   -3.89626888482297     -0.00004932185189      0.00001606267207       c
    3.89621540557361     -0.00004459753657      0.00000396842486       c
    0.00005366822198      0.00003533787855     -3.89631707283918       c
    0.00004081808432      0.00003080253585      3.89616778447523       c
   -0.00006122712648      3.89622390934117      0.00001870828865       c
   -0.00005858150990     -3.89626057002801      0.00001530678162       c
    0.00006481760612      0.00002645616576     -6.83028884838847       s
    0.00004421959135      0.00003193637153      6.83010233241984       s
    0.00001965315171     -6.83020910194595      0.00009429733368       s
   -6.83021930646704      0.00002494438486      0.00010034445729       s
    0.00002003109693      6.83018245680758      0.00009543116936       s
    6.83017225228650      0.00002097596000      0.00007936849729       s
$end
