$coord
    0.05085668744566     -0.00001096041153      0.00000188972613      re
   -2.24371585990904      0.99455624602383     -3.38070813397443       b
    2.42391239539849      0.46878606080746     -3.66380535928010       b
    1.17227988590491     -2.09006808676247     -3.48261274914968       c
   -1.52484438846201     -1.72129237966166     -3.54788861385385       n
    0.24438902020564      2.27154850218186     -3.60188697098383       n
   -4.30621718886461      1.84925518427750     -3.77891727034932       h
    4.58899580634545      1.08444409276443     -3.90067515923075       h
    1.85962146591378     -4.02154430991516     -3.51907936111916       h
   -2.68280033930516     -3.18323137587184     -3.16118413013349       h
    0.44332767043923      4.15759627618557     -3.44553216516189       h
   -2.24366502627626     -0.99465621253589      3.38075556610019       b
    1.17212247171862      2.09014367580751      3.48261804038283       c
    2.42392108813867     -0.46863526066261      3.66375622640082       b
    0.24448993158076     -2.27149256628854      3.60194498557589       n
   -1.52501465278596      1.72123001869950      3.54781226891836       n
   -4.30616843393056     -1.84948516394703      3.77876080102609       h
    1.85932836939165      4.02163993005713      3.51918499680960       h
    4.58899297175626     -1.08424737227472      3.90080895184046       h
    0.44339135420967     -4.15752786809981      3.44544259214353       h
   -2.68320322891520      3.18299138065385      3.16120340533997       h
$end
