$coord
    0.00000000000000      0.00000000000000      0.00000000000000      mg
   -2.87229583911497      1.49895986485239      2.21906211492523       o
   -5.22451448194049      1.32020027710908      1.94454103369676       c
   -5.22451448194049     -1.32020027710908     -1.94454103369676       c
   -2.87229583911497     -1.49895986485239     -2.21906211492523       o
    0.13801047842730     -3.23696101394671      2.21906211492523       o
    2.73428517171506      1.73800114909432      2.21906211492523       o
    1.46893022698559     -5.18466223664383      1.94454103369676       c
    3.75558406598229      3.86446214850736      1.94454103369676       c
    3.75558406598229     -3.86446214850736     -1.94454103369676       c
    1.46893022698559      5.18466223664383     -1.94454103369676       c
    2.73428517171506     -1.73800114909432     -2.21906211492523       o
    0.13801047842730      3.23696101394671     -2.21906211492523       o
   -6.47658314022393      0.00000000000000      0.00000000000000       c
    3.23829157011197     -5.60888553184058      0.00000000000000       c
    3.23829157011197      5.60888553184058      0.00000000000000       c
   -6.82524630319410      2.66932092284906      3.91579825947116       c
   -6.82524630319410     -2.66932092284906     -3.91579825947116       c
    1.10092344944541     -7.24549720510158      3.91579825947116       c
    5.72432285374869      4.57617628225252      3.91579825947116       c
    5.72432285374869     -4.57617628225252     -3.91579825947116       c
    1.10092344944541      7.24549720510158     -3.91579825947116       c
   -8.52730145986662      0.00000000000000      0.00000000000000       h
    4.26365072993331     -7.38485978257196      0.00000000000000       h
    4.26365072993331      7.38485978257196      0.00000000000000       h
   -6.34658075420039      1.92520762364783      5.78723750565853       h
   -8.85627197585132      2.46141004194227      3.59203469485380       h
   -6.33028829143327      4.67933907708240      3.91622514860301       h
   -6.33028829143327     -4.67933907708240     -3.91622514860301       h
   -6.34658075420039     -1.92520762364783     -5.78723750565853       h
   -8.85627197585132     -2.46141004194227     -3.59203469485380       h
   -0.88728235200703     -7.82186008302381      3.91622514860301       h
    1.50601156686383     -6.45890399642561      5.78723750565853       h
    2.29649232012601     -8.90046152055216      3.59203469485380       h
    6.55977965572531      6.43905147860989      3.59203469485380       h
    7.21757064344030      3.14252100594141      3.91622514860301       h
    4.84056899836395      4.53369637277779      5.78723750565853       h
    4.84056899836395     -4.53369637277779     -5.78723750565853       h
    6.55977965572531     -6.43905147860989     -3.59203469485380       h
    7.21757064344030     -3.14252100594141     -3.91622514860301       h
   -0.88728235200703      7.82186008302381     -3.91622514860301       h
    1.50601156686383      6.45890399642561     -5.78723750565853       h
    2.29649232012601      8.90046152055216     -3.59203469485380       h
$end
