$coord
    0.00000000000000      0.00000000000000      3.89159124574351      pb
    0.00000000000000      0.00000000000000      0.00000000000000       o
    0.00000000000000      0.00000000000000     -3.89159124574351      pb
    3.22524017662338      0.00000000000000      4.72839088710520       h
   -1.61262008831169     -2.79313993601601      4.72839088710520       h
   -1.61262008831169      2.79313993601601      4.72839088710520       h
    3.22524017662338      0.00000000000000     -4.72839088710520       h
   -1.61262008831169     -2.79313993601601     -4.72839088710520       h
   -1.61262008831169      2.79313993601601     -4.72839088710520       h
$end
