$coord
   -2.06241648025251     -3.78750229613932      4.06158118145432      mg
   -5.10485853542891     -0.17662854359112      2.68946200184421      cl
   -3.43601474850137     -2.08794006617209     -4.53695520548191       s
    0.16154078122926      1.90548247337299      3.62294362228698      mg
    2.50945349410429      3.51085848555363     -2.47038094980718      mg
   -3.24776760177033      0.97147399728631     -1.13431868954245      mg
    1.79642070946847     -1.32559204369152     -0.31056326071006      mg
    4.38062742274358      0.43730719197470     -2.13604550135103       f
    2.20109195330352      6.14363645149772     -4.65435274030042       o
   -0.03200591344927      2.13216627155977     -0.21514720916073       o
    1.07969577792786     -1.84678380045004      3.36466398122025       n
   -0.73906527380109     -3.12799978347210     -3.24391974143276       c
    0.35022842312025      4.44321930943112      5.64572668752822       h
    2.47977213276249     -2.54516553843169      4.48405043286100       h
   -0.14456593835807     -4.86526072684290     -4.23041158121427       h
   -3.49826213811616     -6.51021308430581      5.01832457461657       h
    3.30612612399061      6.72894170242036     -5.95465722486550       h
$end
