$coord
    0.10732718429355      4.75555702297341      0.75440380281986      pb
    1.08939536418692     -1.53684414936153     -0.10149530049638      pb
   -2.58065818555588      7.59299100554503      0.63760946858074       f
    0.34929244177009     -6.60660574631702     -2.95661693063388       f
   -0.10765297307765     -5.53414440691697     -0.70577812603845       c
   -1.80383316019735      1.35177760067300     -0.12792179755891       c
    0.42859328686291     -6.91045669982785      0.77090810388570       h
    2.51753623069002      6.88772537323192      1.72889059046871       h
$end
