$coord
   -1.57218278380645      2.85558291228483     -0.81008382722928      cd
    2.61230391720555      1.81886290796714      1.25144108023703      cl
    1.57218278380645     -2.85558291228483      0.81008382722928      cd
   -2.61230391720555     -1.81886290796714     -1.25144108023703      cl
    2.60277591807873     -6.07520890156076      3.71156421868755      cl
   -2.60277591807873      6.07520890156076     -3.71156421868755      cl
   -3.97020404155388      3.83456346866109      2.75352844182780       o
   -5.67461360800668      1.90545242672759      3.70748203231037       c
   -5.55821347063743      6.06318929853692      2.46397988050089       c
   -5.98224136815276      2.27687866369260      5.72699946183342       h
   -4.75216666533092      0.07434881777988      3.47270945041425       h
   -8.09197413395404      2.23913440788939      2.16100349224112       c
   -9.76618323129826      1.74610127116041      3.26616219587992       h
   -8.04660955754811      1.01651920997696      0.49469023756879       h
   -8.04643211226489      5.06681381317168      1.37506337291427       c
   -8.04825399722288      5.25801497978275     -0.68192033369887       h
   -4.56278341525298      7.38300690610551      1.22867573857083       h
   -9.65995700144567      6.11873439650095      2.12180036786872       h
   -5.80618163212554      6.90015372401679      4.34727545737482       h
    5.55821347063743     -6.06318929853692     -2.46397988050089       c
    5.80618163212554     -6.90015372401679     -4.34727545737482       h
    5.67461360800668     -1.90545242672759     -3.70748203231037       c
    4.75216666533092     -0.07434881777988     -3.47270945041425       h
    5.98224136815276     -2.27687866369260     -5.72699946183342       h
    8.09197413395404     -2.23913440788939     -2.16100349224112       c
    8.04643211226489     -5.06681381317168     -1.37506337291427       c
    4.56278341525298     -7.38300690610551     -1.22867573857083       h
    8.04660955754811     -1.01651920997696     -0.49469023756879       h
    9.76618323129826     -1.74610127116041     -3.26616219587992       h
    8.04825399722288     -5.25801497978275      0.68192033369887       h
    9.65995700144567     -6.11873439650095     -2.12180036786872       h
    3.97020404155388     -3.83456346866109     -2.75352844182780       o
$end
