$coord
    0.00000000000000      0.00000000000000      2.22013321169339      bi
    0.00000000000000      0.00000000000000     -2.85609559498279      si
    1.49326536414458      2.58641145674620      3.63344029502595       h
    1.49326536414458     -2.58641145674620      3.63344029502595       h
   -2.98653072828916      0.00000000000000      3.63344029502595       h
    2.72506746561811      0.00000000000000     -3.42145270794774       h
   -1.36253373280906      2.35997766932588     -3.42145270794774       h
   -1.36253373280906     -2.35997766932588     -3.42145270794774       h
$end
