$coord
    0.00000000000000     -5.24716644003913     -0.66348133102532      pb
    0.00000000000000      0.00000000000000      1.69370729151133      pb
    0.00000000000000      5.24716644003913     -0.66348133102532      pb
    0.00000000000000     -8.32441233716682      1.62743402935791       f
   -3.07401578826068     -5.57336756238631     -2.95245783240337       f
    3.07401578826068     -5.57336756238631     -2.95245783240337       f
    3.00734436081252      0.00000000000000      4.09410941520479       f
   -3.00734436081252      0.00000000000000      4.09410941520479       f
    3.07401578826068      5.57336756238631     -2.95245783240337       f
    0.00000000000000      8.32441233716682      1.62743402935791       f
   -3.07401578826068      5.57336756238631     -2.95245783240337       f
$end
