$coord
   -0.00000000000000     -0.00000000000000     -0.31010821465894      ir
    0.00000000000000      4.33156162874745      0.03732889400073       p
   -0.00000000000000     -4.33156162874745      0.03732889400073       p
   -0.00000000000000     -0.00000000000000     -5.95645133084943       o
    2.03682807672682     -5.40648679307046      1.37748770256120       h
    0.00000000000000      0.00000000000000     -3.76322403973672       c
    2.03682807672682      5.40648679307046      1.37748770256120       h
   -2.03682807672682      5.40648679307046      1.37748770256120       h
    0.00000000000000      5.88929537762260     -2.12738602035167       h
    0.00000000000000     -5.88929537762260     -2.12738602035167       h
   -2.03682807672682     -5.40648679307046      1.37748770256120       h
    0.00000000000000      0.00000000000000      4.21523613556017      cl
$end
