$coord
   -2.52499214511979     -3.96311813549957      0.26168870699787       p
    0.96722910548969      0.10788087404844     -2.65573360303117       b
    2.09527031381448     -0.48919944933735     -0.52911575634968       h
    4.30543030690578      3.74887837282450     -2.42041432336683       h
   -2.84008942572374      1.84436476203627     -0.00650859472285       b
    1.65322066515421      3.78786228896630     -2.89919779127078       p
    2.25023522607081      3.48483090967627      2.41458584107669       h
   -6.31426095724161     -3.61129081510418      1.89308209053478      cl
   -0.70252760812928     -2.95532265721025      2.70519246006149       n
   -1.39578913317278     -1.50191161706106      3.75671147658900       h
   -2.79027605607220     -0.61946375140194     -2.47430156460060       p
    2.56266156776841     -2.69980352806824      1.82300291996378      si
    2.40509204599274     -4.82040902210754     -0.13737836503818       h
    1.91715833521452     -1.09720635815575     -4.34107394314743       h
    0.62664471068039      5.17620609017562      1.05213090984708       p
   -2.21500714060425      3.60770203621847      1.55732915851159       n
$end
