$coord
    0.42227347578004      2.18753921547373      0.00000000000000      ge
   -0.15062666798908     -2.64002279796560      0.00000000000000       n
    1.62223274716896      1.55353099797113     -2.53461368568985       h
    1.62223274716896      1.55353099797113      2.53461368568985       h
    0.48906754645376      5.51338349775252      0.00000000000000       f
   -2.85338629463608      1.75872067325661      0.00000000000000       f
   -1.22939005504642     -3.03294259091407     -1.53543214600025       h
   -1.22939005504642     -3.03294259091407      1.53543214600025       h
    1.32658603963375     -3.86185130289181      0.00000000000000       h
$end
