$coord
   -0.38725099251598      2.45851252487341      0.15070849313033      fe
    0.12934003701641     -3.04406022765801      0.08157002822481       c
   -1.56080833328200     -1.00828000406801     -0.01247918441766       n
   -4.08099792842541     -1.41981756778154     -0.15616942368898       c
   -5.15676099731264     -3.77932167174026     -0.04852306465277       c
   -3.49831637325598     -5.87467910192915      0.12672578989383       c
   -0.94210141719349     -5.53271086067785      0.16797813327717       c
    0.82131579240384      5.47423366365686      0.46753279444075       c
    1.75519520019612      7.46860715323904      0.60141459922817       o
   -5.57047798216718      0.95025218391975     -0.62297070514640       c
   -4.16661367131317      3.13594041265316      0.46407875302782       n
   -4.60123915294260      3.32357661092770      2.33154862948772       h
    2.68364844839047     -2.50217370214945      0.07977044203511       c
    3.37540971986261      0.76556414737425      0.08792253156966       p
    5.53045962994406      1.54118239362877     -2.53778124462209       c
    7.25882827805679      0.40725808992880     -2.42410665924424       h
    5.42396279131024      1.42947954849069      2.84574915547083       c
    5.97942151882768      3.42333959948446      2.86211456166642       h
    4.38837170938016      1.00745457169621      4.58375691860660       h
    7.12425180994549      0.24933273272362      2.78475125277049       h
    4.57530776412505      1.14972260308518     -4.32583103427063       h
    6.02605145584752      3.54952700640501     -2.46661793817266       h
   -4.69252010578322      4.77449359053591     -0.38163151393536       h
   -7.18930279724068     -4.01780284115847     -0.14042649327927       h
   -4.27356291038154     -7.77472502221052      0.20951733708642       h
    0.33473852703880     -7.13454571507115      0.26591810304027       h
    4.09027742856668     -3.99348282180849      0.13850861023409       h
   -5.68375118971590      1.26683214364210     -2.66907884893233       h
   -7.50552049646468      0.79599875354983      0.11053197083047       h
   -0.18735614086268      2.91029142849293     -2.57448161571335       h
$end
