$coord
    0.00000000000000      0.00000000000000      3.54307113504107      in
    0.00000000000000      0.00000000000000     -3.54307113504107      in
    0.00000000000000      3.59041179805687      0.00000000000000      br
    0.00000000000000     -3.59041179805687      0.00000000000000      br
   -4.13238732966596      0.00000000000000      5.66042063096544      br
    4.13238732966596      0.00000000000000      5.66042063096544      br
    4.13238732966596      0.00000000000000     -5.66042063096544      br
   -4.13238732966596      0.00000000000000     -5.66042063096544      br
$end
