$coord
    1.90797407727000     -2.66714263554372     -2.58153237286172      ga
    5.06089254532877     -0.40188711033375     -0.22527330660640       p
   -0.19117565530836      0.85180444474663     -4.46445283909966       p
   -3.19195340680597      2.68607655748964     -1.41837211626783      ga
    0.10118916486398      4.45224672010720      1.34943074979724       p
    3.94879155482122      2.66009131147751      3.02135592414568      ga
   -1.09636467413927     -3.77008412351899      0.57447579741290       p
   -6.11976543107525     -3.52806255220389     -3.74018053038479       p
    2.75938678179072      0.08041956295936      6.45012602959816       p
   -5.03283597051002     -1.32742356625275      0.04748314836568      ga
    6.77769455777004      0.65313375767769     -1.97494011302118       h
    6.69090019269755     -2.19684006952023      0.88634580373903       h
    3.00354808999819     -4.75693160975740     -4.32750060730287       h
   -1.47541822369367     -0.06220241413299     -6.61058928899043       h
    1.64401977761978      2.37135854491916     -5.67525025673850       h
   -4.32072631708672      5.11253687062370     -2.69820463079311       h
   -1.18620886820637      5.22103681895098      3.55821256562491       h
    0.79201124245155      6.88594978656402      0.49150000192303       h
    6.07173785261269      4.71315232459849      3.08509147308462       h
    0.17572997881825     -3.62828172064745      2.91808919437887       h
   -1.39072258845661     -6.41599870959994      0.40372127851155       h
   -8.13309703109776     -1.87577352202975     -4.39666685118245       h
   -7.73642915535116     -5.34623230862805     -2.60422344829117       h
    2.25235984515417      2.17170746793610      8.06022711298401       h
    5.28305574067715     -0.18752035806302      7.33827822254095       h
   -6.59459389117030     -1.69513346781855      2.53284924840609       h
$end
