$coord
    1.93789297718582     -0.00413547665394      0.00272876452581      ni
   -1.44872451935693      0.00266130130312     -3.52237957882545       c
    1.41032698523200     -0.00301770365046     -3.49542679303685       c
    2.17575526129780      2.66018938826345     -2.24921723060679       c
   -0.33169209955123      3.61135034147715     -1.37395448162359       c
   -2.42628702524831      2.18367283582013     -2.23295991674560       c
   -2.43490757788948     -2.17420115053185     -2.23259708932943       c
   -3.87009636695176     -1.33453403874671     -0.00531069733164       c
   -3.86480343304570      1.34999861249807     -0.00552952761702       c
    2.16530016253360     -2.66942769237517     -2.24889257565836       c
    4.15568160567480     -2.73444617638099      0.00623382854414       c
    4.16612687786314      2.71744393248097      0.00532052390749       c
    2.16950858261600      2.66064348945150      2.25475091562128       c
   -0.33549233879043      3.61157484094091      1.37237996181549       c
   -2.43249477557192      2.18405078104531      2.22577801260409       c
   -0.34593987865012     -3.61003263544955     -1.37333843090655       c
   -2.44121529472514     -2.17384985044504      2.22616824104909       c
   -0.34984443077147     -3.60979963221823      1.37305497198766       c
    2.15895181658622     -2.66898266187252      2.25554365573110       c
   -1.45859021254246      0.00326412393728      3.51828000696790       c
    1.40054406205079     -0.00242281786603      3.49936668303676       c
$end
