$coord
    1.04648440818287     -0.83226486557735     -1.86611645460853      zr
   -2.05524874905695     -2.97345741397752     -4.77300732093788       c
    2.06190606522591     -4.34267170658689     -4.95188010327614       c
    0.88130703799691     -5.52970940867207     -2.87360107295014       c
   -1.67278084233825     -4.69496333269141     -2.77978108408674       c
    0.26608364304890     -2.73435131212947     -6.11119835768345       c
    1.61037377086583      3.74151033065959     -0.40048833505535       c
    2.45102637482563      3.60201660619607     -2.92731030198285       c
    0.33353212588002      3.01022657109976     -4.46384170167054       c
   -1.82324782846970      2.80980259613120     -2.87469881485668       c
   -1.03294263076462      3.26701786386973     -0.37101748920398       c
   -3.81356067455252     -2.04105407126219     -5.23610757377771       h
    3.99203359084253     -4.61925693566268     -5.55878624662619       h
    1.75188364413308     -6.89868616270741     -1.62831483070519       h
   -3.09505221949428     -5.29229442273410     -1.43372803076696       h
    0.56997276902748     -1.62565352940208     -7.80090736665758       h
    2.76847352986715      4.19105501108044      1.22291377464032       h
    4.35809640711699      3.91864872235948     -3.58617559900042       h
    0.33798791111230      2.86636493366881     -6.50205494764765       h
   -3.74095834165821      2.45124596100146     -3.48296386026388       h
   -2.24883645079242      3.33398635626487      1.27187015349377       h
    5.32804445055664     -1.17033479080352     -1.75287423856828       c
    5.62938565879966     -3.20386680722153     -1.42331356111447       h
    6.20390624272174     -0.79563271359924     -3.59680171797901       h
    6.68733881484066      0.33792025891699      0.31470913085769       c
    6.79375571805936      2.35694276916767     -0.11322067316241       h
    5.79425708232583      0.14953327245263      2.17917585455830       h
    8.63679200262911     -0.33018957830852      0.54535398397699       h
    0.23538636494181     -1.10303351763760      3.35654061552281       c
    0.99831302156213     -3.43281563114282      2.69059413676624       c
    1.58061134027323      0.36804476103531      3.84814171779357       h
    2.99710469082668     -3.91229603004202      2.58254677784611       h
   -1.75494235484047     -0.68037151416607      3.64450199587656       h
   -0.34281540547354     -4.96530415075675      2.45024043772987       h
$end
