$coord
   -2.68615762674045     -2.68615762674045     -2.68615762674045      sb
    2.68615762674045      2.68615762674045     -2.68615762674045      sb
    2.68615762674045     -2.68615762674045      2.68615762674045      sb
   -2.68615762674045      2.68615762674045      2.68615762674045      sb
    0.00000000000000     -5.29160996393130      0.00000000000000       s
    0.00000000000000      0.00000000000000     -5.29160996393130       s
    5.29160996393130      0.00000000000000      0.00000000000000       s
   -5.29160996393130      0.00000000000000      0.00000000000000       s
    0.00000000000000      5.29160996393130      0.00000000000000       s
    0.00000000000000      0.00000000000000      5.29160996393130       s
    5.11270297755017     -5.11270297755017      5.11270297755017       s
   -5.11270297755017     -5.11270297755017     -5.11270297755017       s
    5.11270297755017      5.11270297755017     -5.11270297755017       s
   -5.11270297755017      5.11270297755017      5.11270297755017       s
$end
