$coord
   -3.77727472040068     -3.77727453142807      3.77727453142807       i
   -1.48467977143674     -1.48467977143674      1.48467977143674       c
   -1.48467977143674     -1.48467977143674     -1.48467977143674       c
   -3.77727453142807     -3.77727453142807     -3.77727453142807       i
   -1.48467977143674      1.48467977143674     -1.48467977143674       c
   -3.77727472040068      3.77727453142807     -3.77727453142807       i
   -1.48467977143674      1.48467977143674      1.48467977143674       c
   -3.77727453142807      3.77727453142807      3.77727453142807       i
    1.48467977143674      1.48467977143674      1.48467977143674       c
    3.77727434245546      3.77727453142807      3.77727453142807       i
    1.48467977143674     -1.48467977143674      1.48467977143674       c
    3.77727472040068     -3.77727453142807      3.77727453142807       i
    1.48467977143674     -1.48467977143674     -1.48467977143674       c
    3.77727434245546     -3.77727453142807     -3.77727453142807       i
    1.48467977143674      1.48467977143674     -1.48467977143674       c
    3.77727472040068      3.77727453142807     -3.77727453142807       i
$end
