$coord
   -2.79029552025130      4.05175214895563     -3.21931645213650       y
   -0.41906056342077     -2.41668154735032     -2.72627500061257       y
    0.31915338876060      7.24016345311120     -2.37143356704636       o
   -5.65103681794202      6.39573782196841     -4.42523157335645       o
   -0.63920553126669      3.03375403931254     -7.07822223891586       o
    0.66206422540350      4.08552042098993     -7.78756079794813       h
    0.05798889179006      1.19574839466256     -7.04171991112260       h
   -3.94622833030404     -0.03329300591363     -3.49661826535923       o
    0.80110838402167      1.74508270877855     -1.73423889335025       o
    2.37561307431903      2.27152091218043     -2.47943878507388       h
    0.94013364537858     -1.49169632454224     -6.54409814141469       o
    3.19160078391087     -3.97895611913341     -1.05082737676543       o
    4.74686711738343     -4.31010000913551     -1.91891294592243       h
   -2.26555958214364     -6.06257211398420     -1.92650000734534       o
   -3.97993291856790     -6.61172879384435     -2.14155424198067       h
   -1.20987504231678     -6.91260210589860      0.57824920254112       h
   -0.35944669613505      8.92453625345100     -2.24540640890128       h
   -6.93941391811820      7.44310208663550     -5.12620091332230       h
   -5.31750790459641     -0.57314448535720     -4.55406308507237       h
    1.43877038698872     -2.39127304575181     -8.03424262286233       h
    2.77975538381143     -4.10594042356126      3.18227404061646       y
    0.45009969298403      2.37530845046753      2.66981092883351       y
   -0.34436328014327     -7.27481611697242      2.31864425669174       o
    5.59299066745035     -6.49429629909251      4.41455046334759       o
    0.63483610651836     -3.05750846363303      7.03541370606783       o
   -0.66775589152213     -4.09925570636348      7.75666018530990       h
   -0.04965425471174     -1.21486656490576      6.99760444368589       h
    3.96380750759030     -0.02548957084931      3.46061973855114       o
   -0.78704712089140     -1.78296321383543      1.67701231707939       o
   -2.37465384933752     -2.29220490949155      2.40617826056991       h
   -0.90364567950388      1.47985359988379      6.49533716024267       o
   -3.17336643857676      3.92944850716904      1.01578164987002       o
   -4.72037920422180      4.27130506560630      1.89437428525968       h
    2.28423083215806      6.02441589788554      1.85166552995110       o
    1.20090715801368      6.87550130184126     -0.63881964919177       h
    4.00073521273450      6.57425873730202      2.04709911616636       h
    0.32838526780350     -8.96244321467364      2.20506604734630       h
    6.85419010442895     -7.56717829152819      5.12612324557853       h
    5.29650681124136      0.50515365112794      4.57139149570172       h
   -1.43402471776872      2.38151884640772      7.97302721268490       h
$end
