$coord
   -0.16268916779598     -2.87394745974902      3.26994542758398      se
    0.73887970269553     -0.46634963691332     -6.05007403230528      cl
   -1.14765769934740      0.36247441533397     -0.30361171418330      se
    1.54576649126500      3.52953219221201     -3.47666880459325       f
    0.01426913300412     -0.45446628314317      5.73166122721342       o
   -0.12138145543715      1.64387502459853     -3.61092231850963       c
   -2.66158532895265     -1.54913417219398     -1.60773949264631       h
    1.79439870251375     -0.19198389117241      6.04740970744037       h
$end
