$coord
   -0.50365396447442      1.96101547708982      3.70922738336025      bi
    0.79679489516668      6.63677106651966      3.24287661261126      cl
   -1.26075629620208     -2.63500103975861      2.15627388569320       n
   -3.09457015035956      2.13246295856154      0.29290112444688       c
   -4.38546512162590      4.33592935274226     -0.33738244286156       c
   -6.18317273458612      4.31926631468184     -2.26181962516785       c
   -6.70016306324891      2.09028861780137     -3.55574590611276       c
   -5.40513393813692     -0.11237709941981     -2.94004743401670       c
   -3.59348090225795     -0.10407912302833     -1.02270069310742       c
   -2.04378170195232     -2.44538346364106     -0.52036103315357       c
    1.21476792120198     -3.86971955556225      2.50439942158054       c
    3.28850612862004     -2.14912108333403      1.54397087350016       c
    5.46043734012945     -3.17464767289013      0.45696941436954       c
    7.39007693846037     -1.60252989566241     -0.38827371229532       c
    7.14316551182187      1.00537152658762     -0.17070330732334       c
    4.96955244406040      2.04150684964196      0.89723875204660       c
    3.03757128608687      0.47614616612264      1.75094048182364       c
   -2.61641879584472     -3.52348998189703      3.18181597100354       h
   -3.96959895124837      6.08435914443502      0.65875285831308       h
   -7.18442541410971      6.04652304794209     -2.74057909355001       h
   -8.11227413891638      2.06335189468484     -5.04533518602462       h
   -5.79323681919045     -1.85078113812417     -3.96854826352236       h
   -3.05383162350986     -4.15425259477839     -1.13866109120717       h
   -0.30202018684006     -2.32693297342519     -1.64434386565037       h
    1.45924179011067     -4.21896040780911      4.53849589919237       h
    1.31303122310523     -5.71752286325722      1.54847787031045       h
    5.63906105656430     -5.21459020724506      0.26429879672298       h
    9.07586684442198     -2.41528938611336     -1.23139694419214       h
    8.63898616363390      2.24144138554390     -0.84161957681843       h
    4.77492407014739      4.08024468359162      1.06087864105652       h
$end
