$coord
    1.71490775097267      0.45376273810649     -0.04859959856087      ru
    4.60527995431762      7.70983258293729     -1.09456338719605      ru
    3.11264084541117     -3.66101158817556      0.32511301804388       c
    5.07807884855345     -2.21280995603766     -0.82406685569794       c
    5.88021788920419     -0.36633739348056      0.96843890815549       c
    4.41082373445469     -0.66702834696365      3.19331249783572       c
    2.70411210363531     -2.72769683054970      2.80788773664782       c
   -0.87545965844551     -0.09373778577692     -2.34749394956552       c
   -2.47520334190788     -0.48714966340858     -3.77724996498843       o
    3.23224047808420      3.68422762952278     -2.94681378738312       p
    0.89294907374079      4.50870909113275     -4.01081841339712       h
    4.77382443851473      6.29966660237122      2.09929750916141       c
    4.96959458495301      5.48387334559773      4.11909953143902       o
    5.62166858421929     10.57197265590641     -4.23013209072025       c
    6.60332650457073     11.51837452284463     -1.89017947120539       c
    8.43410829315920      9.76719442374823     -1.01854008309601       c
    8.61692568981267      7.75018957408218     -2.81511612805203       c
    6.88831118833095      8.27976453388045     -4.80442515161678       c
    1.21785724547262      8.52912164407110     -0.69623519807523       c
   -0.87081962491596      9.12690759119230     -0.52381639737479       o
   -0.26112330094100      2.77123819918935      1.67689213049778       c
   -1.46451337011151      4.18381395851119      2.82394700721101       o
    4.18613378630335     11.46794264583208     -5.37671000055930       h
    6.03958529641604     13.24560177637732     -0.95641760437814       h
    6.53422810185907      7.08886706618310     -6.42636631404451       h
    9.51238583162956      9.92857420031157      0.71119880543062       h
    9.87139543411169      6.14212410367915     -2.70694480309804       h
    7.32324469531890      1.04957429937134      0.66822397668351       h
    4.55972092509334      0.47090803427424      4.88385279733264       h
    5.81829817809963     -2.45792028470556     -2.71174243978650       h
    1.34293519418465     -3.43477508816278      4.15694337580907       h
    2.09637372489940     -5.20311219972891     -0.55280082772135       h
$end
