$coord
   -0.00001587369946     -0.00009410836107     -0.40633250207233      rh
    2.55627580524374     -0.23689304358200      2.32311478178780       o
   -2.55636462237166      0.23663604082887      2.32308246747104       o
    2.68389978196521     -0.24238288695037     -2.89100450570669       n
   -2.68386652278539      0.24236455660695     -2.89102434783101       n
    2.25648455036919     -0.19680892888969     -4.76736252002718       h
   -2.25637759187046      0.19701112958516     -4.76738085037061       h
    5.15797287867719     -0.47231739201894     -2.50722853056364       c
   -5.15793659593557      0.47241849236668     -2.50731583591066       c
    6.28892917852381     -0.58192660958213     -0.13441792008933       c
   -6.28893182414039      0.58201467081960     -0.13452374475238       c
    4.94088019646984     -0.45943078264854      2.14279484718233       c
   -4.94094803763776      0.45932363517720      2.14273513183675       c
    8.32755060534412     -0.77176698440993     -0.03833706288890       h
   -8.32755476274160      0.77184521907154     -0.03851205152816       h
    5.97303915781004     -0.55814024889011      3.93286815556649       h
   -5.97313232130805      0.55788192332869      3.93278387378127       h
    6.37185943161405     -0.58103465885070     -4.16863435545961       h
   -6.37176154380073      0.58131131475554     -4.16873318813599       h
$end
