$coord
    0.00000000000000      0.00000000000000      1.61155484969452      sr
    0.00000000000000      4.95615504171816      2.79051567334496      cl
    0.00000000000000     -4.95615504171816      2.79051567334496      cl
    4.49857260019338      0.00000000000000     -0.71692788812653       n
    5.47301535722349      1.54609530361091     -0.12382354850966       h
    5.47301535722349     -1.54609530361091     -0.12382354850966       h
   -4.49857260019338      0.00000000000000     -0.71692788812653       n
   -5.47301535722349      1.54609530361091     -0.12382354850966       h
   -5.47301535722349     -1.54609530361091     -0.12382354850966       h
    4.61099108461534      0.00000000000000     -2.63171820753268       h
   -4.61099108461534      0.00000000000000     -2.63171820753268       h
$end
