$coord
    3.97351011741116      3.69505859481342     -4.61098069112165      cs
   -0.79658740323805      3.84667736901861     -6.53250183704306       f
   -0.21920237245431      0.47192357309430    -10.44672085239080      cs
    4.37388960424166     -0.22178959649329     -8.00642358661762       f
    2.06860911276711     -0.23685676084038     -1.54358555834309       f
   -3.24236166224195      0.53908632933519     -3.15006611544432      cs
   -1.68288482998826     -2.96995688530189     -6.82955752437774       f
    2.95557871510031     -4.21520306535296     -4.98139138926660      cs
   -1.80527785582060     -0.03114249758235      6.97202945721569       c
   -1.37822942006562      0.00780589170829      4.13397545550217       c
   -3.18676573064513      0.31072691099257      2.68646924257861       o
    1.01065425597260     -0.29492709982646      3.31856392340611       n
   -2.66643266543822      1.76318326150294      7.53034015940236       h
   -0.08467352544139     -0.33112329198733      8.07716227160656       h
   -3.16462853394318     -1.52483569572183      7.41114417222982       h
    2.40042914677706     -0.53103722987450      4.59270439386755       h
    1.44437304700681     -0.27758980748432      1.37883847879600       h
$end
