$coord
   -0.00000132280829      0.00000018897261      0.00000170075351      re
   -3.83559166864619     -0.00000188972613      0.00000283458919       c
    3.83558902302962     -0.00000132280829      0.00000264561658       c
    0.00000037794523      0.00000207869874     -3.83559166864619       c
   -0.00000056691784      0.00000170075351      3.83558921200223       c
   -0.00000132280829      3.83559053481052      0.00001058246631       c
   -0.00000094486306     -3.83559034583791      0.00001058246631       c
    0.00000113383568     -0.00000170075351     -6.73584317120479       s
   -0.00000056691784     -0.00000207869874      6.73583523435506       s
    0.00000396842486     -6.73583901380731     -0.00000548020577       s
   -6.73584033661560      0.00000151178090     -0.00000226767135       s
    0.00000415739748      6.73583920277992     -0.00000604712360       s
    6.73583787997163      0.00000132280829     -0.00000415739748       s
$end
