$coord
    2.25420818627792     -1.92010158365562     -0.00000000000000       b
    2.88539957801724      0.73401157922258      0.00000000000000       c
    4.60157514624778      1.83734083899888      0.00000000000000       h
    0.29809730437529     -3.44890192478961     -0.00000000000000       n
   -1.87012267399545     -2.08249274164155      0.00000000000000       c
   -3.66580506746653     -3.09668834437409      0.00000000000000       h
   -1.81810115936579      0.55262829572606     -0.00000000000000       c
   -3.58300992979430      1.59726001641509     -0.00000000000000       h
    0.48560840278029      1.88437650021795     -0.00000000000000       c
    0.41215021292355      3.94256736388032      0.00000000000000       h
$end
