$coord
    3.19082826387060      2.62769819314504     -4.72863749636463      na
   -0.73200752466605      3.30348693248317     -5.32897627450932       f
   -0.60433630479143      0.38215591293530     -8.14885753596044      na
    3.43545274395153     -0.18754190094085     -7.66679029096749       f
    2.63662110196635     -0.22753247418993     -1.81149184224043       f
   -1.70876595209085      0.38740557211308     -2.53168064176983      na
   -1.54110850533725     -2.53600225644716     -5.48254921450131       f
    2.41531716508741     -2.97556143504611     -4.87397992318784      na
   -2.08781855678219     -0.00790774794647      6.14769766191490       c
   -1.13861403702664      0.02560560003344      3.45076424988670       c
   -2.64512808206735      0.32521468530945      1.68359366625809       o
    1.35436765930117     -0.28131294589759      3.07875257576788       n
   -3.09166356260530      1.76086853597132      6.51300591054729       h
   -0.59468547346642     -0.25043841147989      7.55411593762808       h
   -3.46087976486607     -1.54082844792539      6.33932382793168       h
    2.51467745300675     -0.52314497768226      4.56287714566883       h
    2.05774337651576     -0.28216502340776      1.24283224389784       h
$end
