$coord
   -0.00002721205621      0.00000680301405     -0.12467449218415      pd
   -2.53161091087578      1.20312286189630      2.48825114491683       o
   -2.10988224313784      0.99668143202502      4.85495661719616       c
    0.00001398397333     -0.00000831479495      6.06506504068950       c
    2.10986788121928     -0.99668162099763      4.85500971850030       c
    0.00001114938414     -0.00000151178090      8.11333597602653       h
   -3.64759188706503      1.71843549170451      6.04436006741838       h
    2.53165475252190     -1.20316027847360      2.48820276792800       o
    3.64758678480449     -1.71844210574595      6.04433436714306       h
    2.91885264373374     -0.14217581275402     -3.13184575408354       c
   -1.83987156022670      2.52274922918095     -2.86993349248498       c
    1.83987741837769     -2.52275225274275     -2.86990930399057       c
    4.63397657937521      0.21189328974453     -2.04645112907778       h
   -2.91884092743176      0.14217524583619     -3.13187693456462       c
   -2.82774800234066      3.85470794916327     -1.64606502820585       h
    2.82772060131184     -3.85469169751858     -1.64607561067215       h
   -4.63401418492511     -0.21188951029227     -2.04645623133832       h
    2.31176244105902      1.72372596896660     -5.21611918465353       c
    1.78400313012252      0.69515673137518     -6.92666091238490       h
    4.03563316304687      2.76836978390284     -5.67476062869928       h
   -0.25045730874115     -3.63205077940557     -4.44891853445425       c
   -1.11189179782540     -5.16428720955430     -3.35614282817330       h
    0.57532107190902     -4.53371319134031     -6.13078820356767       h
   -2.31175431523668     -1.72372483513093     -5.21612768842110       c
   -1.78400086245117     -0.69514709377193     -6.92667225074166       h
   -4.03563732044434     -2.76836997287545     -5.67477706931657       h
    0.25046808018007      3.63205210221386     -4.44891003068668       c
   -0.57531370197713      4.53373095476589     -6.13078234541668       h
    1.11189009707189      5.16428683160907     -3.35612128529547       h
$end
