$coord
   -0.16376990216738     -1.54965346893338      4.88705040291029      bi
   -0.63112449543447      0.46656544363690     -6.31444898499113      bi
    0.91461553966477     -4.50736738558335     -0.93112588785422      bi
    1.85924087507203     -5.05682528778797     -5.59401414312014      cl
    5.08700043456647     -2.55022698088732      0.19236845043903       s
   -0.24472765912740      2.93067873880228      1.36741224977570       f
   -0.99808209702954     -1.01171363643878     -2.28742673698219       o
   -2.53423970888953      3.67112389062051     -4.81548552965910       o
   -4.44155786222123      2.10708828306069     -5.99145510582485       n
    0.45768940002351      2.63088899570863      3.91333330071253       c
   -5.29860932052905      1.16832034275330     -4.50609182044836       h
    2.45791745011637      3.10195179855258      4.10044283231577       h
   -2.91764907716415     -1.16207971119510      6.76297396919444       h
   -0.79852059306485      0.44201922406965     -1.16221029127040       h
    6.02074321515984     -2.86121599689355     -2.15863717718626       h
   -0.74127322980660      3.85000234213714      5.06589994161720       h
    1.97234721980382     -1.66955678059484      7.47141453037169       h
$end
