$coord
    3.77591241683651      2.54217769245402      5.97845775850347      po
   -2.40580711835878     -1.11839755795907      2.82818660777449      po
   10.12686769804577      8.50618792780708      3.26108979301276      po
    2.65446162837582      3.58947770643283      0.80286885288057      po
   -1.15409731906665      6.35099364264961      1.10254029911874      cl
   14.16739241716955     10.62559250089337      7.96722291888918       s
    1.13388707609529     -0.94320728492237      5.66379228031928       f
    6.24435148407671      5.98466739855320      6.34388902830665       o
   10.25438018092581      2.69087381623287      5.85698502929444       o
   10.28898994800398      4.69199891931769      6.60830328729592       n
   -5.17744064825368      1.25343681999860      2.43364580775521       c
    8.68708233915483      6.44938091058671      1.05293253166969       h
   -6.13041006936987      3.04335290316908      2.75060673626453       h
   16.30977114665895     10.63283695496965      6.59832118698104       h
   12.95699883400382      8.34499126570535      1.50207583426140       h
    5.84209946762805      6.84046710227522      7.90943225936973       h
   13.82820679763865     13.12822370573791      7.67087493398864       h
$end
