$coord
   -2.75747135538950      0.16582441241147     -0.45809625805842       p
   -1.05579962414792     -2.56698110374701     -0.70788290299749       o
    1.25780000865071     -1.43150457900721      0.44526671841702       n
    0.60271586463847      1.25235854227115     -0.16138223320730       c
   -3.15939134695784      0.15233006711898      2.22712368657835       h
    2.66235822693815     -2.05731535354824     -0.72337336599678       h
    1.35630821905987      1.91960817616415     -1.97757854863817       h
    1.09348000720807      2.56567983833671      1.35592309287541       h
$end
