$coord
    3.02973874924021      0.00000000000000      0.00000000000000      sc
    0.00000000000000     -2.23689602729325     -0.00000000000000       h
    4.87918517380165     -0.00000000000000      2.86886825386780       h
    4.87918517380165     -0.00000000000000     -2.86886825386780       h
   -3.02973874924021     -0.00000000000000     -0.00000000000000      sc
   -4.87918517380165     -0.00000000000000      2.86886825386780       h
    0.00000000000000      2.23689602729325     -0.00000000000000       h
   -4.87918517380165     -0.00000000000000     -2.86886825386780       h
$end
