$coord
    0.00000000000000      0.00000000000000      0.00000000000000      ga
    0.00000000000000      0.00000000000000     -3.61909859653860       c
    0.00000000000000      0.00000000000000      3.61909859653860       c
   -1.95109214725745      0.00000000000000      4.30849752138074       h
    0.97554616811503     -1.68969540294603      4.30849752138074       h
    0.97554616811503      1.68969540294603      4.30849752138074       h
   -1.95109214725745      0.00000000000000     -4.30849752138074       h
    0.97554616811503      1.68969540294603     -4.30849752138074       h
    0.97554616811503     -1.68969540294603     -4.30849752138074       h
$end
