$coord
    0.03609603667619     -0.00702486790045     -0.01351248666330      os
   -3.52464082510771      1.36061150339378     -0.19648805339351       n
   -2.10592364484929     -2.80358312950562      1.49742068292284       n
    2.07341638705881      2.75694525563605     -1.74690081428428       n
    3.61578307205069     -1.36638915205113      0.38785627179411       n
   -4.13817008058385      3.63951255198633     -1.27760433845022       o
    0.88258827231028      4.44391113816582     -3.12864342419058       o
    4.01855533010181     -3.23996530054168      1.95784111514352       o
   -1.13680575809676     -5.00391654674219      2.46417697893582       o
   -4.55639897553661     -2.44826926440793      1.64840167456053       c
   -5.38250881414926     -0.07142352173697      0.62373377655604       c
    4.53066770871579      2.33817438723038     -1.84941637791604       c
    5.40521311766159      0.12674638790860     -0.50233833714556       c
   -7.34474940068650      0.52358868537662      0.54452061475546       h
   -5.81842403385962     -3.83985507975886      2.47379455108102       h
    5.76058291865260      3.55469162790712     -2.95901782767685       h
    7.38923695519740     -0.28720341120465     -0.16261584642229       h
   -2.45583119247336      4.26304015942203     -1.89744811377608       h
    0.72874396764661     -4.74965521930959      2.27247786949059       h
   -0.44783825772916     -0.87187352517638     -4.01308986420046       o
   -2.13854901052264     -1.47648402922868     -4.35373000593047       h
   -0.34243972791971      0.81308263361849     -4.78270577336127       h
    0.90467671407817      0.93700520377714      3.88695669241972       o
    1.82411124433662      2.51716093108141      3.92113068865325       h
    2.13080132237903     -0.37767386050988      4.34576632209067       h
$end
