$coord
    1.19158211547277      1.81755597337846     -1.15953878544620      mn
   -1.67185563242701     -2.82822024489953      0.81801633058801      mn
   -0.53210001184771      4.30414718286629      1.50915985058959       n
    1.38652871926538     -4.69605672822786      1.15538101002398       c
   -1.68461733090049     -1.00250991431516      4.06633781108584       c
   -3.58173719924850     -5.38755891824814      2.11249289978078       c
   -1.87180056182265     -4.38948192347913     -2.24670408383194       c
    2.54883822115739     -0.55475745015212     -3.27026913766935       c
   -0.24885406509593      3.46195218444252     -3.87262633228912       c
    2.95090258780175      0.39489606853095      1.63134821908250       c
   -2.31862894991012      0.23979131654130     -1.01595588261883       c
    3.91913835039870      3.90162361277334     -1.52758657004332       c
   -1.04135984887463      3.28364272946240      3.08564289516816       h
    0.61051986662063      5.72704368142477      2.10030530010435       h
   -2.13654779055530      5.11706238675002      0.83765228578970       h
    3.25710190396925     -5.85187105245251      1.31054207585218       n
   -1.82109618630274      0.44377761422981      5.72948823114124       n
   -4.75112769390690     -7.01632066918211      2.91031542801473       o
   -2.00509560664797     -5.41932918284951     -4.15177856533435       o
    3.43039338019463     -1.98768045758944     -4.62525209179712       o
   -1.09711357260297      4.47241916855604     -5.58398423273427       o
    4.31328741019208     -0.08584024235152      3.22221680379454       o
   -4.45210612448343      0.82654390870378     -1.22969675759666       o
    5.60575123208815      5.22917246786824     -1.80550632370922       o
$end
