$coord
    0.00000000000000     -0.00000000000000      0.00000000000000       i
    8.20278710705944     -2.26588480400991      0.00000000000000       c
    9.53292488694683      0.00000000000000      0.00000000000000       c
    8.20278710705944      2.26588480400991     -0.00000000000000       c
    5.58674209904242      2.20435872285737     -0.00000000000000       c
    4.33148868531899      0.00000000000000      0.00000000000000       n
    5.58674209904242     -2.20435872285737      0.00000000000000       c
   -5.58674209904242     -2.20435872285737      0.00000000000000       c
   -4.33148868531899     -0.00000000000000      0.00000000000000       n
   -5.58674209904242      2.20435872285737     -0.00000000000000       c
   -8.20278710705944     -2.26588480400991      0.00000000000000       c
   -9.53292488694683      0.00000000000000      0.00000000000000       c
   -8.20278710705944      2.26588480400991     -0.00000000000000       c
    9.16907002667788     -4.07300948917336     -0.00000000000000       h
   11.58425453299125      0.00000000000000     -0.00000000000000       h
    9.16907002667788      4.07300948917336      0.00000000000000       h
    4.45217245387045      3.91449019104681     -0.00000000000000       h
    4.45217245387045     -3.91449019104681     -0.00000000000000       h
   -4.45217245387045     -3.91449019104681     -0.00000000000000       h
   -4.45217245387045      3.91449019104681      0.00000000000000       h
   -9.16907002667788     -4.07300948917336     -0.00000000000000       h
  -11.58425453299125     -0.00000000000000     -0.00000000000000       h
   -9.16907002667788      4.07300948917336      0.00000000000000       h
$end
