$coord
   -2.50188778658660     -2.66658384352829      0.00000000000000      li
    0.90411376466527      2.12384637434524      0.00000000000000       c
    0.97178032189132     -0.78986073412027      0.00000000000000       c
    2.76947319498776      3.08829644859416      0.00000000000000       h
   -0.11531335587424      2.85852899531512     -1.65701353446152       h
   -0.11531335587424      2.85852899531512      1.65701353446152       h
    2.10551281838952     -1.40287730689845     -1.64527039836990       h
    2.10551281838952     -1.40287730689845      1.64527039836990       h
   -6.12387860896090     -4.66700143315157      0.00000000000000      cl
$end
