$coord
    4.13787849584262      2.20257557728497      2.29168580172476      cd
   -3.63061836700213     -1.94269363743608     -1.97840605970871      cd
    0.84923611796890      1.46412106296777      6.85612291631053       c
   -1.20256784933312      0.44619211730088      5.80416737304793       c
    0.65413304485307     -0.26442673118170     -5.08522560378902       c
   -1.56953187599703     -2.05203904923209     -5.62620638356543       c
   -0.73318350123420     -0.10032612694228      0.25001813638949       c
    1.82423445448003     -1.18947771645896     -0.12558231661504       c
    1.09834983143454      0.27958460238283     -2.29061451598399       c
    0.35830095518491      2.30278265148132     -0.60783248709698       c
    2.40718983096511     -1.07759496939369     -5.83522237631065       h
    0.33664110330236      1.55530545080336     -6.01630689410666       h
   -1.00804605597362     -4.01828680001932     -5.87742128351046       h
   -2.78086314126644     -1.42350007708309     -7.16386235927065       h
   -2.74329727560952      1.61161229736875      5.11389482781778       h
   -1.39343207777594     -1.58368894824188      5.57540997838319       h
    1.02273943249300      3.49284674995715      7.12723190804605       h
    2.37283687766746      0.29701354644208      7.58814933823784       h
$end
