$coord
    0.00000113383568      0.00000000000000     -0.14114421126189      tc
    0.00000132280829     -3.77988783368759     -0.38701232010627       c
    0.00000132280829      3.77988783368759     -0.38701232010627       c
   -0.00000226767135     -0.00000000000000     -5.12226291304852      br
    0.00000245664396     -0.00000000000000      3.50674077232527       c
   -3.77989180211245     -0.00000000000000     -0.38701383188718       c
    3.77988443218056     -0.00000000000000     -0.38701137524321       c
    0.00000056691784     -0.00000000000000      5.67938327674847       o
    5.92180206849524      0.00000000000000     -0.59366766697501       o
   -0.00000037794523     -5.92180017876911     -0.59366653313933       o
   -5.92179885596083     -0.00000000000000     -0.59366596622150       o
   -0.00000037794523      5.92179998979650     -0.59366653313933       o
$end
