$coord
   -3.06419885000920      1.30612332925197     -3.94978366103733      sr
    2.56826120422470     -2.57539265267865      4.98844630381245      cl
    5.30236458428645      3.52249296239300      2.63882112112213       p
   -3.47097562669373     -3.33510110570655      1.68064078021374      sr
    3.57017509891975     -0.87802666241495     -0.88089451078362      sr
   -0.55759203934098      3.56995211123689      2.53617308768895      sr
    1.13779219513448     -6.28608873118396     -5.77095090104240       f
    0.69893731746267      2.68360063831948     -1.89194598718789       f
    0.43091746102517     -1.15965727127430      2.98498209772898       o
   -4.29168236036719      1.08467520626963      0.53530782194644       o
    0.10071087518152     -4.71536198135752     -4.25475673392173       c
   -1.02656329330878     -3.25889884454238     -2.81970948534628       c
    6.80507309885481      3.09556471321963      4.80775976233855       h
    5.76841545549927     -3.33560944203442     -3.59640808802698       h
   -5.14131173034290      2.90052626873730     -7.33625923914803       h
   -6.09077249696112     -6.23711421095971      3.41248746926121       h
    6.70600193903274      5.58180329981236      1.66375135296344       h
   -5.47441772298153      2.22228201927116      1.35090851562770       h
   -3.97113529858873      5.81423016466839      3.90143029379066       h
$end
