$coord
   -0.11942029766368     -3.45627110079020      0.00000000000000      in
    0.05403785240601      2.96575564617877      0.00000000000000       c
    0.43806005886326      4.06297088604731     -1.70451406830756       h
   -1.87998402081089      2.24400196444451      0.00000000000000       h
    0.43806005886326      4.06297088604731      1.70451406830756       h
   -1.69006465543103     -2.85374779924396     -2.80555222412881       h
    2.72288086351782     -5.04270204164078      0.00000000000000       h
   -1.69006465543103     -2.85374779924396      2.80555222412881       h
    1.72649498465889      0.87076916922840      0.00000000000000       f
$end
