$coord
   -0.00000075589045      0.00000000000000      2.55305231041817      ti
   -2.78839332193296      1.34289324226466     -0.15202487634964       c
   -2.78839332193296     -1.34289324226466     -0.15202487634964       c
   -0.68863509754205      3.01720929810760     -0.15205832450207       c
   -0.68863509754205     -3.01720929810760     -0.15205832450207       c
    1.92956060777886      2.41963197675070     -0.15211785087504       c
    1.92956060777886     -2.41963197675070     -0.15211785087504       c
    3.09489820681502     -0.00000000000000     -0.15214846443828       c
   -4.61493210845092      2.22252768366753      0.17306735470685       h
   -4.61493210845092     -2.22252768366753      0.17306735470685       h
   -1.13971933783768      4.99380953553039      0.17302578073208       h
   -1.13971933783768     -4.99380953553039      0.17302578073208       h
    3.19360521641262      4.00466754382990      0.17306376422721       h
    3.19360521641262     -4.00466754382990      0.17306376422721       h
    5.12213006530187      0.00000000000000      0.17318489567188       h
$end
