$coord
   -0.00001001554847     -0.00000510226054      0.00593260619967       y
   -3.12060660794971     -2.75668674110203      1.27575335170989       o
    3.22828660411096     -1.60085748804098      2.44277318494334       o
   -1.04109396440872      2.00179538894168     -3.71379239476261       o
   -4.79034177869084     -0.86865834514576      2.79443137485046      cl
    4.79037636067894      0.86869727350395      2.79443685505622      cl
    0.00000472431531      0.00002305465874     -5.60306933277026      cl
   -4.85127278508632     -1.57116592217810      5.43488446345492       o
   -7.23859025611138     -0.61605600827909      1.60620144455243       o
   -3.22829548582375      1.60084123639630      2.44276789371019       o
    7.23859025611138      0.61605317368990      1.60621316085441       o
    4.85125993494866      1.57115779635576      5.43485933009745       o
    3.12060887562106      2.75667767041662      1.27575467451818       o
    1.04108300399719     -2.00181390825771     -3.71378767044730       o
    2.04889794646561      1.05873266806794     -7.06945561044516       o
   -2.04889681262993     -1.05873455779407     -7.06945731119867       o
$end
