$coord
   -1.96038052911151      1.96038052911151      1.96038052911151      ag
    1.96038052911151     -1.96038052911151      1.96038052911151      ag
   -1.96038052911151     -1.96038052911151     -1.96038052911151      ag
    1.96038052911151      1.96038052911151     -1.96038052911151      ag
   -3.20787661708809     -3.20787661708809      3.20787661708809       i
   -3.20787661708809      3.20787661708809     -3.20787661708809       i
    3.20787661708809      3.20787661708809      3.20787661708809       i
    3.20787661708809     -3.20787661708809     -3.20787661708809       i
$end
