$coord
   -1.32793870559467      3.30762770037026     -2.02646595248802      sb
    1.32793870559467     -3.30762770037026      2.02646595248802      sb
    0.22757140254812      6.02105501997062     -5.41315809321275      cl
    0.07888737301647      5.78261126712970      1.62301244816851      cl
    2.80792250760854      1.02650584563455     -1.80417425576307       s
   -1.67659790013998     -0.28637665602457     -5.26867322410548       o
    0.48880865397451     -2.98394048068838     -7.70762916227449       o
    2.87948756983234     -0.44955053857184     -4.93388594213263       c
    0.32945088436590     -1.22632813180461     -5.91418231481035       c
   -1.21189062420268     -3.35488238084732     -8.29340741164644       h
    3.66206624432643      0.90382406965016     -6.30015509657477       h
    4.12419423307447     -2.09820524746063     -4.86465752626351       h
   -0.22757140254812     -6.02105501997062      5.41315809321275      cl
   -0.07888737301647     -5.78261126712970     -1.62301244816851      cl
   -2.80792250760854     -1.02650584563455      1.80417425576307       s
   -2.87948756983234      0.44955053857184      4.93388594213263       c
   -0.32945088436590      1.22632813180461      5.91418231481035       c
    1.67659790013998      0.28637665602457      5.26867322410548       o
   -0.48880865397451      2.98394048068838      7.70762916227449       o
    1.21189062420268      3.35488238084732      8.29340741164644       h
   -3.66206624432643     -0.90382406965016      6.30015509657477       h
   -4.12419423307447      2.09820524746063      4.86465752626351       h
$end
