$coord
    0.00011319459494     -0.00000000000000     -0.03032084466280      fe
   -1.70779066443727      2.95874608505994      0.03159640979779       c
   -1.70779066443727     -2.95874608505994      0.03159640979779       c
    3.41657872632380      0.00000000000000      0.03183035789218       c
   -0.00030443487888     -0.00000000000000     -3.59185876135147       n
   -0.00021656261403     -0.00000000000000      3.32029132205781       c
   -2.79174437327203     -4.83590723298395      0.13311967824084       o
   -0.00081711757684     -0.00000000000000     -5.67955013956539       n
    5.58407097116345     -0.00000000000000      0.13354467764655       o
   -0.00035470159383     -0.00000000000000      5.48663140087849       o
   -2.79174437327203      4.83590723298395      0.13311967824084       o
$end
