$coord
   -1.69096926732750      3.45518053984294      0.49221053894637      be
    5.67428536257861     -0.41295750392454      1.08511041019643      cl
   -0.10548356748511     -0.63390220386694      4.61067606727015       s
    0.52626529346136     -1.54344741936329     -1.23817614769622       f
   -2.87063968313823      2.03551074864445     -1.49012029295323       o
   -1.56709072778758     -6.13483656384720     -6.02783856984479       o
   -3.18314973970320     -2.12220647001317     -4.73269549424741       n
   -2.39995199093027     -4.22312517521800     -5.46285656751583       c
   -1.90037152009286     -0.33303645071720     -2.40406025552799      be
    1.57629501682904     -0.09034232587389      1.16778536128705      be
    0.60580405507343      3.29966288269478      3.84002080874010      be
    1.37133021895254      2.69765963377840      0.81586657814717       h
    2.01367042791688     -0.86467196788316      5.99620266477097       h
    2.52346052209474      4.58038186774573      4.88187009668134       h
   -4.76849654467534     -1.43887980213141     -5.59076041267655       h
   -1.75067837680997      4.56411094785643      2.90580597456047       h
    5.94572033207085     -2.83510054875134      1.15095905088936       h
$end
