$coord
    0.14249404263363      1.16825514720195      0.24761175914076      tc
    0.19405862148605      4.10193136958515     -0.59948140940137       h
    3.08557410913718      1.56666081509394      2.51882011061996       o
   -2.61380417077691      0.02558953736137      2.40656376469960       o
    2.25908953783375     -0.19963803787279     -2.45954677198212       n
   -2.48128750414286      1.01286107814243     -2.61765694440241       n
    1.05928390117887     -0.59626452861723     -4.95456105773096       c
   -1.22627314077435      1.13772416499395     -5.09275162705806       c
    4.62807477571139     -0.98484815599720     -2.18900205246780       c
   -4.91064420051009      0.68154333333675     -2.55112138826271       c
    6.13939571709857     -0.72717228242769      0.00594564530994       c
   -6.32627715875842      0.35806058202169     -0.25433068038142       c
    5.34072545772454      0.56334266491473      2.25630748303119       c
   -5.12139269416754      0.00090744648566      2.11239028765215       c
    8.63906024089804     -1.69836641127476     -0.06978323945968       c
   -8.97728758031049      0.24499354359331     -0.37007735045634       c
    7.07428329377901      0.83658421258334      4.26622548177986       c
   -6.60104503821892     -0.46229352875668      4.25625018447903       c
   10.26761903524608     -1.44952803090567      1.93497070470472       c
  -10.42210773651868     -0.16757940106460      1.76897470516101       c
    9.46836730714312     -0.16990584289821      4.12602877919750       c
   -9.21499377304447     -0.51833052243128      4.08911279035528       c
    2.39465849010638     -0.19399588257867     -6.48979440454277       h
    0.46109166294060     -2.58044880390113     -5.10811491148907       h
   -0.60862239261761      3.09175219076061     -5.40618575969860       h
   -2.49498688472001      0.56775441952827     -6.63389811589044       h
    5.53138956417062     -1.83598968481886     -3.84089896447081       h
   -5.96021075200431      0.57329339577592     -4.32941244322445       h
    9.25288901796513     -2.66683782271961     -1.77591245668706       h
   -9.89024790886158      0.49892813737875     -2.19448717152086       h
    6.42714091278352      1.83872203982431      5.93513673193009       h
   -5.63889060326775     -0.74899748534625      6.04482796360715       h
   12.16406483828498     -2.22299009965054      1.82617784882792       h
  -12.46733507895733     -0.22920148030433      1.64102871910769       h
   10.75105236325545      0.03191766323920      5.71622783394314       h
  -10.32490608275298     -0.84843355128323      5.78441576660733       h
$end
