$coord
   -3.12973738664487      2.07054683793662     -0.00000000000000      sc
    3.35984593548963      1.67089073826712      0.00000000000000      sc
   -0.22920601564703     -3.74563163436758     -0.00000000000000      sc
   -3.07993403254179     -1.53557293059663      0.00000000000000       o
    0.21147301465412      3.42949103596951     -0.00000000000000       o
    2.87145850146858     -1.90300542036715      0.00000000000000       o
   -6.62817016703020      4.41210402390499      0.00000000000000       c
   -8.37631366521488      3.29031913186523     -0.00000000000000       h
   -6.73377732260394      5.67179545943512     -1.65338299262842       h
   -6.73377732260394      5.67179545943512      1.65338299262842       h
    7.13329981863634      3.53532647045927      0.00000000000000       c
    7.03489592110933      5.61010667286314     -0.00000000000000       h
    8.27741938375820      2.99763079058013     -1.65332913543383       h
    8.27741938375820      2.99763079058013      1.65332913543383       h
   -0.50634228886114     -7.94472837497682      0.00000000000000       c
    1.33978691045889     -8.89655753534865     -0.00000000000000       h
   -1.54417023960645     -8.66607066333347     -1.65350034462084       h
   -1.54417023960645     -8.66607066333347      1.65350034462084       h
$end
