$coord
   -0.94720707924047     -0.14471768336598     -0.32518652839017      os
    2.43428245648702     -3.09873907516593     -0.30612221534157       c
    2.67620670690664     -1.17304711471203      1.62646063143045       c
   -0.93343834571449     -3.46996273349024      2.47928798492903       c
    0.18537703069101     -4.44332248847760      0.14818835436882       c
    0.63915488660651     -1.53248266146293      3.43291503073705       c
    4.31003519152940     -3.62694114893373     -2.34244819183673       c
    5.40304522384995     -1.94562894902745     -2.83590235954657       h
    3.39811591310107     -4.32573824871785     -4.05899698097714       h
    5.65237493301178     -5.07444036987062     -1.70592626064145       h
   -0.82269510350314     -6.63464531360062     -1.30434793155668       c
    0.11005821649071     -6.82812662375520     -3.13583742257930       h
   -2.85228099382503     -6.41375352598975     -1.63466166487167       h
   -0.52502525517754     -8.39143676545530     -0.24207353878356       h
   -3.15666409421293     -4.58938263328342      3.79798592976802       c
   -2.54033747715261     -6.20137098615123      4.95126707612089       h
   -4.57471476806674     -5.24320009387347      2.44994375072810       h
   -4.06143850713181     -3.21477317258459      5.04594348886455       h
    0.39871917345627     -0.30344522931161      5.96415253173035       c
    0.89730054609092     -1.65155128109458      7.45874712923189       h
   -1.53209866911415      0.34349816352283      6.32395581918535       h
    1.66471549123288      1.31637055814232      6.14973818818566       h
    4.97547938108170      0.40323146149972      2.08942709166056       c
    6.20526023149096     -0.51591053915444      3.48536211169027       h
    4.49198728258981      2.27743348728317      2.81276341902528       h
    6.07763077456372      0.66191361423127      0.36443973050492       h
   -5.18110331543091     -1.84557928901739     -1.39578081837783      cl
   -1.61591747142879      1.56478658472226     -4.05546980716313       c
    1.00047921462026      1.66092413370647     -3.50599848790302       c
    2.35554493875234      4.08511507473592     -2.80701770673945       c
    0.99722378342316      5.49258951838087     -0.66421019839208       c
   -0.45636451303664      3.67243271493532      1.04117597852258       c
   -3.09197234385428      3.15986283362625      0.72286559658675       c
   -4.61388595606762      4.28014917284816     -1.42171560870240       c
   -3.35175337232805      3.85587976833394     -4.02065443788247       c
    2.54911336528132      5.28923174360184     -4.49397414063859       h
   -0.30267705564142      6.91332776073095     -1.42315501309250       h
    4.28187524869157      3.61590987267374     -2.21237701978221       h
   -2.29011846287593      5.53664697122551     -4.60743065162152       h
   -2.22786483716493      0.04210139733171     -5.29132140275187       h
    2.18183205360088      0.28520162431948     -4.48240296962443       h
   -4.82389348811110      3.58086131118914     -5.44629141726874       h
   -6.46662485045823      3.36727199224661     -1.41689246071124       h
   -4.18998939451804      2.78714648063508      2.42875103914388       h
   -4.93430224879817      6.30950187096612     -1.08933753856747       h
    2.37859071577562      6.53708196625442      0.47176937144243       h
    0.22796484352753      3.62972603832548      2.98039214194176       h
$end
