$coord
   -2.32429132527379     -2.32429132527379     -2.32429132527379      cd
   -1.87569925579301      1.87569925579301     -1.87569925579301       f
   -4.45683667589442     -4.45683667589442     -4.45683667589442       f
    2.32429132527379      2.32429132527379     -2.32429132527379      cd
    4.45683667589442      4.45683667589442     -4.45683667589442       f
    1.87569925579301     -1.87569925579301     -1.87569925579301       f
   -2.32429132527379      2.32429132527379      2.32429132527379      cd
    1.87569925579301      1.87569925579301      1.87569925579301       f
   -4.45683667589442      4.45683667589442      4.45683667589442       f
    2.32429132527379     -2.32429132527379      2.32429132527379      cd
    4.45683667589442     -4.45683667589442      4.45683667589442       f
   -1.87569925579301     -1.87569925579301      1.87569925579301       f
$end
