$coord
    2.55183627165615     -0.99841487780032      1.02309111052503      cu
   -1.33611970793895      1.10004680549560      2.91745254564705      cu
    4.07345414173078      2.43394646318184      3.81910758764990      cu
    5.31642773714284     -2.91126407052993      3.08835162859704       n
   -3.26326184422187     -1.22657228442008     -2.99443847623564       n
    0.27469455808682      1.65101119736780     -0.61689240106242       c
    5.46469319233760     -0.92646809089908      4.11834364098866       c
   -1.28247907596461      0.60920764079880     -2.70987179989446       b
    1.72504329704897      3.09600766502354      1.07320060026050       b
   -2.63951427266511     -0.20896137966018     -5.33926148689480       b
   -3.10005583633046      0.36862830846299      5.08664384324651       h
   -3.39672658645330     -0.54864853250490     -7.43974593303589       h
   -4.38799187442886     -2.43851922246131     -2.02598085979150       h
$end
