$coord
   -1.67492927197080      3.02163239107790     -3.30717341020959      be
    0.08101482668902      7.28454669473995      0.06164645670675       c
   -2.92849875074344      6.07230231380650     -1.34447399816898       s
    2.02181684827306      3.32903262819842     -4.21632102732905       s
    2.61712347471707      5.63117938683837     -1.18994428983945      be
   -3.89393526203008      0.08642832512191     -4.21632102732905       s
   -6.18530623538227     -0.54909431889800     -1.18994428983945      be
   -8.08766744811310      2.55628052955905      0.20388897679302       s
   -4.98575212127474      4.58430002589518      1.54788109479989      be
   -1.77934571111261     -2.96134748204487     -3.30717341020959      be
   -3.79451884924481     -5.57230534733094     -1.34447399816898       s
   -6.34910977467470     -3.57211225717141      0.06164645670675       c
    3.45427498308341     -0.06028490903303     -3.30717341020959      be
    6.72301741101564     -0.49999696647556     -1.34447399816898       s
    6.46299638732388      2.02563787449965      1.54788109479989      be
    6.25763758155013      5.72598505684904      0.20388897679302       s
    1.87211841375702     -3.41546095332032     -4.21632102732905       s
    3.56818276066520     -5.08208506794037     -1.18994428983945      be
    6.26809494798568     -3.71243424859592      0.06164645670675       c
   -1.47724426604914     -6.60993790039483      1.54788109479989      be
    1.83002986656297     -8.28226558640809      0.20388897679302       s
    5.75538428208023      6.83282240420547      2.43533654572006       h
    6.45646530486013      1.44513895300564      4.03001047193184       h
   -0.11871694159962      7.06017554338605      2.11102004723825       h
   -4.47975962071951      4.86889353634735      4.03001047193184       h
   -8.79509001382631      1.56789764084335      2.43533654572006       h
   -8.12205025908354     -4.57317520819196     -0.32210192843486       h
   -1.97670568414062     -6.31403248935298      4.03001047193184       h
    3.03970573174608     -8.40072023402143      2.43533654572006       h
    6.17364983771983     -3.42727589900472      2.11102004723825       h
   -6.05493289612022     -3.63289964438133      2.11102004723825       h
    0.10053909907667      9.32048943477678     -0.32210192843486       h
    8.02151116000687     -4.74731422658482     -0.32210192843486       h
$end
