$coord
   -0.06190761685735     -2.06166285747350     -0.67472123304961      ta
    4.14395339841958     -2.52957662070124     -0.67814598370759       c
   -2.84226903583736      3.02673805312488      0.55950784368743       h
   -1.28219486115528      1.72385900568587      0.26710163851292       c
    1.17849065979032      1.67972199537133      0.32777129578519       c
    3.47537112966259      3.00918533200438      0.74246243445764       c
    5.71607873455180      1.79039456182557      0.49623811223852       c
    6.00804652326509     -0.85305204193495     -0.18335993702422       c
    3.44465041895155      5.00553604203210      1.25902606296120       h
   -2.78672053636630     -3.43022198203501     -4.16430933927524       c
   -2.38137919564701     -0.79773503391431     -4.48542275197363       c
    7.97141225273770     -1.48879068165104     -0.29029216855745       h
    0.21194242262380     -0.43582526874676     -5.06709179188481       c
    1.39490889874333     -2.82909292042447     -5.11036992167512       c
   -0.44519717649559     -4.68756562182632     -4.54649756652730       c
   -0.66235014096635     -6.22721960496446      1.40985776623494       c
   -2.97209454349552     -4.86966397768888      1.59244140376664       c
    1.16167530980416     -4.93258033035224      2.87610269239562       c
   -2.56398985626231     -2.73908243045829      3.17052674712736       c
   -0.00015023322701     -2.78190419138920      3.95504673727059       c
    0.93838281412293     -1.36209531634785      5.08218295575369       h
   -3.96223979079625     -1.34806069835595      3.69438339566864       h
    3.11474505545237     -5.47198659032055      3.11256525636613       h
   -4.74745746782516     -5.39002727851380      0.72745045011343       h
   -0.34773285079838     -7.93888779843948      0.33996305285910       h
   -0.12019999866323     -6.70110131227042     -4.42842766715319       h
    3.37169584110736     -3.17119930065557     -5.48015171896537       h
    1.15046526545266      1.36004534144646     -5.31419030140977       h
   -3.79919781113256      0.66261375776092     -4.33780358311393       h
   -4.57762778088983     -4.31991543560609     -3.75016376453534       h
    7.44973842684446      2.84986894739793      0.82550550419759       h
    4.84221135933998     -4.42797658952694     -1.15507241774762       h
$end
