$coord
    0.00000000000000      0.00000000000000      0.00000000000000      cd
   -3.27430219116726      1.48073836965594      2.40646663277673       o
   -5.61048556295139      1.24586846686434      2.02915144228555       c
   -5.61048556295139     -1.24586846686434     -2.02915144228555       c
   -3.27430219116726     -1.48073836965594     -2.40646663277673       o
    0.35479419041306     -3.57599810100412      2.40646663277673       o
    2.91950818972682      2.09525973134818      2.40646663277673       o
    1.72628919348378     -5.48175723028194      2.02915144228555       c
    3.88419655844022      4.23588895239021      2.02915144228555       c
    3.88419655844022     -4.23588895239021     -2.02915144228555       c
    1.72628919348378      5.48175723028194     -2.02915144228555       c
    2.91950818972682     -2.09525973134818     -2.40646663277673       o
    0.35479419041306      3.57599810100412     -2.40646663277673       o
   -6.80621543829792      0.00000000000000      0.00000000000000       c
    3.40310762466265     -5.89435549726994      0.00000000000000       c
    3.40310762466265      5.89435549726994      0.00000000000000       c
   -7.29807203154091      2.46420986017041      4.01894234601240       c
   -7.29807203154091     -2.46420986017041     -4.01894234601240       c
    1.51496754589234     -7.55242085329314      4.01894234601240       c
    5.78310448564856      5.08821080415011      4.01894234601240       c
    5.78310448564856     -5.08821080415011     -4.01894234601240       c
    1.51496754589234      7.55242085329314     -4.01894234601240       c
   -8.85703637006925      0.00000000000000      0.00000000000000       h
    4.42851818503462     -7.67041837615662      0.00000000000000       h
    4.42851818503462      7.67041837615662      0.00000000000000       h
   -6.85742021329596      1.63383566558203      5.86312304872400       h
   -9.31504173230101      2.23724184717430      3.62844140250508       h
   -6.84238063895032      4.47995615223661      4.13546890605947       h
   -6.84238063895032     -4.47995615223661     -4.13546890605947       h
   -6.85742021329596     -1.63383566558203     -5.86312304872400       h
   -9.31504173230101     -2.23724184717430     -3.62844140250508       h
   -0.45856547705548     -8.16565342176751      4.13546890605947       h
    2.01376680394931     -6.75561783230412      5.86312304872400       h
    2.72001263720392     -9.18568374288641      3.62844140250508       h
    6.59502909509709      6.94844189571211      3.62844140250508       h
    7.30094611600580      3.68569726953090      4.13546890605947       h
    4.84365322037405      5.12178216672209      5.86312304872400       h
    4.84365322037405     -5.12178216672209     -5.86312304872400       h
    6.59502909509709     -6.94844189571211     -3.62844140250508       h
    7.30094611600580     -3.68569726953090     -4.13546890605947       h
   -0.45856547705548      8.16565342176751     -4.13546890605947       h
    2.01376680394931      6.75561783230412     -5.86312304872400       h
    2.72001263720392      9.18568374288641     -3.62844140250508       h
$end
