$coord
   -3.15890039611033      2.37569357665199     -0.17053814525994      ir
   -0.06776274428586     -3.76613119440882      1.22405441332992      ir
   -3.09321219316549      6.12583466447383     -1.89312366450955       c
    3.55276221753257     -1.76893180837796      0.85537640506982       c
    3.01105181449894     -3.09269705382356     -1.43586927944022       c
    2.88030412049135     -5.75842938675952     -0.89071976383006       c
   -1.75244432587464      4.43188907849802     -3.50284850342374       c
    3.32958386130935     -6.04504887259127      1.77280102262075       c
    3.75413464604372     -3.61619125289389      2.86041059561869       c
   -1.83989744947462      6.23751993515894      0.51570380311627       c
    0.36828513419853      3.44949756646450     -2.08596870387754       c
    0.29876532256080      4.55789223712130      0.37660862189270       c
   -7.60893859329418      2.51570395223834      0.52898215271257      cl
   -2.77156606667220     -6.98061164841651      2.85720845469834      cl
   -3.94255243504393     -2.15343211554506     -0.65930163478004       s
   -3.26452720483578     -0.94606870822222      3.00878338725740       s
   -4.85212713026784      7.06012111927362     -2.35362270933707       h
    1.61489078322458      4.20351662104513      1.90050493475735       h
    3.21265856904970     -7.80458855315085      2.80708025667422       h
    1.77753781012795      2.15255452673219     -2.79155785730340       h
    2.51344440670959     -7.26043341142814     -2.22320420562060       h
    3.81662486546568      0.24524166463365      1.05867767703768       h
   -2.40306966109279      7.36720426035022      2.11982106872444       h
    4.14000953999481     -3.23210158321394      4.82858208760209       h
    2.73216678872792     -2.25698249320337     -3.28072839383103       h
   -2.24722205776305      3.95897925733860     -5.42711220887168       h
$end
