$coord
    0.08625768285274     -0.02918738693248      0.01435417067978      rb
    2.71579798102531     -2.64963413401458     -5.53740909777208       s
   -2.63468224296117      2.61952002538995     -5.47530457145241       s
    2.73079919393060      2.67284601796433      5.51964680602423       s
   -2.67646824500247     -2.66819105559838      5.49452440896119       s
    5.23380361968500     -2.69829118024967     -5.19386123445214       h
    2.51098133767708     -5.17138520985582     -5.29218576348186       h
   -2.62087439210438      5.13998570952035     -5.14722543928131       h
   -5.15364710660237      2.47041156337042     -5.16936679338074       h
    5.24518222760693      2.76745118803303      5.15924976662046       h
    2.47882084463071      5.19070973819196      5.27789338684639       h
   -5.19287838789406     -2.45852839857287      5.20261841429221       h
   -2.72309251284393     -5.18570725519146      5.14706632434151       h
$end
