$coord
   -1.55592641480833     -1.48378536406135      2.76313467561624      tc
   -2.78997672345386      1.84500500124772      0.91502390948058       b
   -1.90528461904761     -0.23091224936611     -1.42033573068526       b
   -0.67449975714765     -3.16289565508572     -0.76150955099850       b
    1.87960513072265     -2.71336798220000      1.11819913671585       b
    2.17415352943348      0.48740742205215      1.58186951992786       b
    1.48613864000595     -0.77004997925193     -1.54085679381728       b
    0.16874649591996      2.34836719200830     -0.49694184624781       b
   -0.23597860510967      2.29455043755903      2.79474091198988       b
   -4.82224489103886      2.85719106921798      0.97159116030612       h
   -3.45624237695309     -0.33175181489680     -3.07688873888989       h
   -1.46934899029509     -5.07902711312343     -1.68576156006973       h
    3.38945132984117     -4.22376503648423      1.89049694519454       h
    4.16869501566825      1.01094017153545      2.53447063342212       h
    2.82795152584442     -0.70594253221141     -3.37948434733529       h
    0.77823910741855      4.14551525706264     -1.75549831226671       h
    0.03652198094497      3.71252079805249      4.54774988803094       h
$end
