$coord
    0.00000000000000     -4.02107754756206      1.52773415765375      cs
   -4.45154487582404      0.00000000000000     -4.47186453393808      cs
    4.45154487582404      0.00000000000000     -4.47186453393808      cs
    0.00000000000000      4.02107754756206      1.52773415765375      cs
    0.00000000000000     -4.36840637491472     -4.66381100853320      cl
    4.44784422515167      0.00000000000000      1.53067476047828       c
    0.00000000000000      4.36840637491472     -4.66381100853320      cl
   -4.44784422515167      0.00000000000000      1.53067476047828       c
   -5.71039708398165      1.65118637497967      1.23525274137944       h
   -5.71039708398165     -1.65118637497967      1.23525274137944       h
   -4.12643903873944      0.00000000000000      3.60676133055300       h
    5.71039708398165      1.65118637497967      1.23525274137944       h
    4.12643903873944      0.00000000000000      3.60676133055300       h
    5.71039708398165     -1.65118637497967      1.23525274137944       h
$end
