$coord
    0.00000755890450      0.00000245664396      2.93438052331032       y
   -1.65832519336551     -3.15783761413712     -0.98290060425184       c
    2.72737293149172     -2.31736680183062     -1.03562925439782       c
    2.26344460066352     -4.28560065477618      0.53886390857017       c
   -0.46006270706504     -4.81049759754977      0.56864240183484       c
    0.28036732694418     -1.48045150923003     -2.24935858212100       c
    1.65838906610857      3.15778319002469     -0.98294992610372       c
   -0.28038490139715      1.48044980847651     -2.24936349540893       c
   -2.72739409642433      2.31733921182919     -1.03566326946808       c
   -2.26346633251397      4.28561048135204      0.53889168754422       c
    0.46005269151657      4.81057186378652      0.56868794423447       c
   -3.66335069117420     -3.12242225681148     -1.39433253227493       h
    4.56554260436942     -1.53525111023739     -1.48283445387480       h
    3.66876645727844     -5.33291824320797      1.60109710531374       h
   -1.35155801449717     -6.30821572336483      1.64769283829070       h
    0.36919824986257     -2.10262021460859     -4.23615219123955       h
    3.66333047110466      3.12242622523634     -1.39433177638448       h
   -0.36919598219122      2.10262399406084     -4.23615748247270       h
   -4.56552295121771      1.53526320448459     -1.48283086339516       h
   -3.66876116604529      5.33291181813914      1.60109729428636       h
    1.35154780997609      6.30820778651510      1.64768603527665       h
    3.71901011756885      0.60009783806364      5.55774028321550      cl
   -3.71900766092489     -0.60010596388598      5.55772440951604      cl
$end
