$coord
   -0.27384814975503     -0.09893642234929      0.34502562915041       p
   -0.41588128818654     -0.11655830744599     -2.47843930892589       o
    1.88543285712233     -2.46883005157565      1.62378459026355       c
    0.80646197813637      2.87493238500584      1.67699436468119       c
   -3.27392065546244     -0.69413986974682      1.90335823223486       c
    1.33614351848814      4.79274475443254      0.14150288128059       c
    1.01253283271436      3.03820717892824      3.72048977312544       h
    1.98790042171049      6.60253263062523      0.86217828528741       h
    1.12681685476782      4.58181598090268     -1.89232676700226       h
    2.25622565788994     -2.92389027564018      4.06771995677433       c
    2.89870570658760     -3.53204344926073      0.17994331218858       h
    3.57646505232983     -4.36410403544387      4.70287240344617       h
    1.26631643738234     -1.88663302218490      5.54211810630524       h
   -5.33159297827587     -1.05389251254165      0.50597908349974       c
   -3.34634138567606     -0.74818112365986      3.96147634144138       h
   -7.16497314028746     -1.41260523904940      1.36002058603421       h
   -5.21575673518258     -0.99744790494169     -1.54546262330396       h
$end
