$coord
   11.05942032912505      4.44895916356596      7.30208221935269      ba
    0.84259599830769      8.31109675996584      7.93808220819200      cl
   11.77313492694709      8.69180722138744     11.27376761721668      cl
    8.01497478630997      9.11948153443532      3.41354023568595       p
    3.52886719758830      4.20523116955916      5.11726420950027      ba
   12.33912963350692     13.22590705069310      7.77532992354342      ba
    5.69940076765499     10.53012315906729     10.09912973105186      ba
    6.69328597193151      6.04070854962528      8.34254029092005       f
    6.01139700768633      7.35599516086178      2.33891780548831       o
    6.88999739095310      9.28752731990780     15.07855240364049       o
   11.19015706272111      8.72921397210456      4.09232267915275       c
    8.37299606202824     11.62053009364941      5.17558437028020       c
    7.64194795131631      1.83087400722341      5.38703433027559       h
   -0.89778847337663      1.48499289905581      8.54793745813415       h
    8.71259420877242      9.14379531768909     15.13884222596145       h
    6.34722193827491      9.56604290422120     16.79222049427456       h
    8.84639399944597     14.25589755130383     10.41764250265578       h
   -1.01467294755195      2.86849730062929      8.80648733003689       h
   12.30652845632798      9.56233847409658      2.54441909661196       h
$end
