$coord
   -0.71807230626838      0.73723885350040      0.16232331681800      re
    3.10625205932470      2.23474438512630      1.77627528410323       c
    3.05676372256681     -0.41454959818562      2.20223183610267       c
    2.98804326508034     -1.64632940089086     -0.19757464591591       c
    2.99237111585389      0.25298954174987     -2.10461784409629       c
    3.06696975542762      2.66815061545928     -0.89256829392642       c
    3.15949868340179      3.67777024637794      3.22339164652702       h
    3.04193031734150     -1.34761434504501      4.02049116554519       h
    2.96618990524250     -3.66622949995441     -0.50936207121034       h
    2.95756821876566     -0.08630020169057     -4.12015910087782       h
    3.14684847876974      4.48497791044360     -1.82240293191880       h
   -2.83336313455118      1.31918095883677     -2.74158197120503       c
   -2.94776035119959     -3.27962347096521     -0.20719845415732      si
   -2.80724069442231      3.31381050630901      1.69510927932414       c
   -4.03219178279898      1.71117157344913     -4.52215127998417       o
   -6.85230755926232     -3.19358990963100      0.11105070065203      cl
   -4.00284641476237      4.86652476464852      2.64567345702728       o
   -1.74555230572084     -5.99488533668860      2.41466256395740      cl
   -2.23217983780083     -5.03547062667476     -3.68925071053806      cl
   -2.31092094601515     -0.60196715514738      2.55565805377318       h
$end
