$coord
   -1.19100178057951     -1.44021791720116      4.91612024887774      ca
    3.66526517271236      0.20712702250976      0.87656193569476      ca
    2.90393250007925      0.76421299319422     -2.97195073533733       o
   -1.22823864491791      0.13238325196957      0.66799531982228       n
   -0.14470766781751     -2.25900317734980      0.71517100974728       n
   -1.17201702500080      1.58138423825872     -1.31437387351768       c
    0.36506466293476      1.01059378473657     -3.67506812699051       c
    0.06323212589900     -2.95446755613827     -1.07793436420590       h
   -3.57837556544312     -2.61191274389749      7.72844959781190       h
   -2.08788602000489      3.41438097483937     -1.08318666900025       h
   -0.36171795796577     -0.71233925514760     -4.62493575164364       h
    2.69179335696574      0.29624234921010      4.86931022095811       h
    0.07465665416579      2.57161641296125     -5.02615881221674       h
$end
