$coord
    3.11210832058889      5.52282627023107      4.35309241233559      pd
    1.72930859788776      1.70232992285124      2.60260886628920       p
    2.26410543788975      8.57581186335435      0.00520241602462       f
    4.22513867840515      3.94595280823489      8.40098441773383       f
    2.92271486598987      8.11865668890663      2.23076159834333       c
    5.23491364481136      5.41016495600192     10.25746591471681       b
   -0.84991793115513      1.60392319073504      1.96646166778468       h
    5.70244303774509      4.38299430471628     12.19180337219673       h
    2.86081688673576      1.03397876759945      0.29242283476441       h
    5.53968886337038      7.57759219426284      9.72853950892495       h
    2.00954912420889     -0.55109194838569      3.99204492919929       h
$end
