$coord
    3.04746608105473      3.04746608105473     -2.42305464870994      cs
    2.65722214030055      2.65722214030055      3.16754438135546       n
    4.02376492708571      4.02376492708571      3.26497790451681       h
    2.34017730795123      2.34017730795123      5.05289371258302       h
    3.04746608105473     -3.04746608105473      2.42305464870994      cs
    2.65722214030055     -2.65722214030055     -3.16754438135546       n
    2.34017730795123     -2.34017730795123     -5.05289371258302       h
    4.02376492708571     -4.02376492708571     -3.26497790451681       h
   -2.65722214030055      2.65722214030055     -3.16754438135546       n
   -4.02376492708571      4.02376492708571     -3.26497790451681       h
   -3.04746608105473      3.04746608105473      2.42305464870994      cs
   -2.34017730795123      2.34017730795123     -5.05289371258302       h
   -3.04746608105473     -3.04746608105473     -2.42305464870994      cs
   -2.65722214030055     -2.65722214030055      3.16754438135546       n
   -2.34017730795123     -2.34017730795123      5.05289371258302       h
   -4.02376492708571     -4.02376492708571      3.26497790451681       h
$end
