$coord
   -0.00001568472685     -0.00002192082306     -0.17889829364095      ir
   -2.54950000324669      1.23901178458909      2.57102644046474       o
   -2.11518764923633      1.02809699503256      4.92726887713015       c
    0.00001492883639      0.00001927520648      6.11910421590379       c
    2.11519898759308     -1.02809113688157      4.92724846808799       c
    0.00003288123459      0.00004006219387      8.16962562608417       h
   -3.62201708956745      1.76001475770763      6.15610429755862       h
    2.54948148393065     -1.23905090191990      2.57103324347879       o
    3.62204675826763     -1.75999132510367      6.15609711659934       h
    2.86277237533085     -0.07802622482089     -2.98776774301118       c
   -1.72594488538364      2.50040567438605     -2.75660453801555       c
    1.72592844476635     -2.50042513856515     -2.75661795507104       c
    4.69081727357116      0.17141044283965     -2.06580457022365       h
   -2.86279429615391      0.07800751653225     -2.98778134903929       c
   -2.78270732499271      3.92024591888110     -1.69285408016548       h
    2.78268200266263     -3.92027917806092     -1.69288167016692       h
   -4.69083465905152     -0.17143841078632     -2.06583934118437       h
    2.34190697427427      1.70372302895126     -5.18998824075709       c
    1.88711698104574      0.60315787157932     -6.88229505623651       h
    4.06783012780747      2.75397460616612     -5.63983074201539       h
   -0.20764480746826     -3.58592634412441     -4.56688846731629       c
   -1.02849591621774     -5.25422588992769     -3.65379812560774       h
    0.71357872651359     -4.26021105043893     -6.30672208383491       h
   -2.34189941536977     -1.70371773771810     -5.19002830295096       c
   -1.88710186323673     -0.60312593520779     -6.88231092993597       h
   -4.06782597040999     -2.75395759863099     -5.63989782729286       h
    0.20764594130394      3.58592842282315     -4.56684575950585       c
   -0.71356965582818      4.26023448304290     -6.30667729732572       h
    1.02848325505270      5.25421606335183     -3.65372952854937       h
$end
