$coord
   -1.42486521523645      2.90962492208832      0.03888319373929      ta
    0.98205703050923      5.19432289454470      0.03854077536528       o
   -1.14447804616794      0.46659227774789     -2.75948580343972       o
    1.03936902240099     -0.14625951091211      1.71463770910927       n
   -3.39038504351998      2.47556862596802      3.16636084588280       o
   -4.65612776005049      4.15994822932187      1.31752007854471       o
    0.62660181389733     -1.52542207773870     -2.64541437557542       c
    0.74511164151355     -2.44704113139870      0.08404840403894       c
    2.50304902329097     -0.86619754378460     -3.27151767972074       h
    0.05332561462915     -3.08478892793186     -3.89053375500345       h
    2.27000591874529     -3.81618928359366      0.40652601002762       h
   -1.06185014925785     -3.32015904122899      0.59230649724652       h
    0.61109207569155     -0.51475875108070      3.55096943435692       h
    2.84709369560942      0.51476007388899      1.65715847645537       h
$end
